Product Category,Gender,Marital Status,City,State or Province,Country,Purchase Date,Annual Income,Count of State or Province,Sum of Units Sold,Sum of Customer ID,Sum of Transactionno
Baking Goods,F,M,Beverly Hills,CA,USA,30/12/2011,$30K - $50K,1,5,1918,27
,,,,,,30/12/2011 Total,,1,5,1918,27
,,,,,,04/01/2012,$50K - $70K,1,4,4279,49
,,,,,,04/01/2012 Total,,1,4,4279,49
,,,,,,04/06/2012,$30K - $50K,1,6,7972,1987
,,,,,,04/06/2012 Total,,1,6,7972,1987
,,,,,,29/10/2012,$30K - $50K,1,4,10032,3745
,,,,,,29/10/2012 Total,,1,4,10032,3745
,,,,,,31/10/2012,$10K - $30K,1,5,937,3770
,,,,,,31/10/2012 Total,,1,5,937,3770
,,,,,,21/11/2012,$50K - $70K,1,4,9386,4057
,,,,,,21/11/2012 Total,,1,4,9386,4057
,,,,,,13/12/2012,$10K - $30K,1,4,7571,4389
,,,,,,13/12/2012 Total,,1,4,7571,4389
,,,,,,11/02/2013,$30K - $50K,1,2,275,5788
,,,,,,11/02/2013 Total,,1,2,275,5788
,,,,,,28/04/2013,$10K - $30K,1,4,1270,7847
,,,,,,28/04/2013 Total,,1,4,1270,7847
,,,,,,07/05/2013,$70K - $90K,1,3,5493,8100
,,,,,,07/05/2013 Total,,1,3,5493,8100
,,,,,USA Total,,,10,41,49133,39759
,,,,CA Total,,,,10,41,49133,39759
,,,Beverly Hills Total,,,,,10,41,49133,39759
,,,Bremerton,WA,USA,08/09/2012,$10K - $30K,1,5,7056,3131
,,,,,,08/09/2012 Total,,1,5,7056,3131
,,,,,,15/10/2012,$30K - $50K,1,4,7366,3595
,,,,,,15/10/2012 Total,,1,4,7366,3595
,,,,,,26/12/2012,$30K - $50K,1,5,2878,4608
,,,,,,26/12/2012 Total,,1,5,2878,4608
,,,,,,22/01/2013,$70K - $90K,1,4,2723,5258
,,,,,,22/01/2013 Total,,1,4,2723,5258
,,,,,,13/04/2013,$90K - $110K,1,3,5346,7450
,,,,,,13/04/2013 Total,,1,3,5346,7450
,,,,,,03/07/2013,$30K - $50K,1,3,2878,9660
,,,,,,03/07/2013 Total,,1,3,2878,9660
,,,,,,29/12/2013,$10K - $30K,1,3,9102,14055
,,,,,,29/12/2013 Total,,1,3,9102,14055
,,,,,USA Total,,,7,27,37349,47757
,,,,WA Total,,,,7,27,37349,47757
,,,Bremerton Total,,,,,7,27,37349,47757
,,,Camacho,Zacatecas,Mexico,05/10/2013,$110K - $130K,1,3,2175,12185
,,,,,,05/10/2013 Total,,1,3,2175,12185
,,,,,,24/11/2013,$110K - $130K,1,2,2175,13586
,,,,,,24/11/2013 Total,,1,2,2175,13586
,,,,,,27/11/2013,$30K - $50K,1,3,6151,13653
,,,,,,27/11/2013 Total,,1,3,6151,13653
,,,,,Mexico Total,,,3,8,10501,39424
,,,,Zacatecas Total,,,,3,8,10501,39424
,,,Camacho Total,,,,,3,8,10501,39424
,,,Guadalajara,Jalisco,Mexico,31/03/2013,$90K - $110K,1,2,9253,7103
,,,,,,31/03/2013 Total,,1,2,9253,7103
,,,,,Mexico Total,,,1,2,9253,7103
,,,,Jalisco Total,,,,1,2,9253,7103
,,,Guadalajara Total,,,,,1,2,9253,7103
,,,Hidalgo,Zacatecas,Mexico,14/02/2013,$10K - $30K,1,4,1444,5881
,,,,,,14/02/2013 Total,,1,4,1444,5881
,,,,,,03/03/2013,$30K - $50K,1,2,4620,6363
,,,,,,03/03/2013 Total,,1,2,4620,6363
,,,,,,30/03/2013,$110K - $130K,1,6,7063,7079
,,,,,,30/03/2013 Total,,1,6,7063,7079
,,,,,,01/04/2013,$50K - $70K,1,3,4579,7131
,,,,,,01/04/2013 Total,,1,3,4579,7131
,,,,,,07/04/2013,$10K - $30K,1,2,1259,7277
,,,,,,07/04/2013 Total,,1,2,1259,7277
,,,,,,09/04/2013,$150K +,1,5,564,7355
,,,,,,09/04/2013 Total,,1,5,564,7355
,,,,,,10/04/2013,$10K - $30K,1,5,9644,7382
,,,,,,10/04/2013 Total,,1,5,9644,7382
,,,,,,17/05/2013,$10K - $30K,1,2,1787,8367
,,,,,,17/05/2013 Total,,1,2,1787,8367
,,,,,,05/06/2013,$30K - $50K,1,3,2023,8900
,,,,,,05/06/2013 Total,,1,3,2023,8900
,,,,,,15/06/2013,$30K - $50K,1,2,1871,9165
,,,,,,15/06/2013 Total,,1,2,1871,9165
,,,,,,27/06/2013,$150K +,1,3,564,9486
,,,,,,27/06/2013 Total,,1,3,564,9486
,,,,,,31/07/2013,$30K - $50K,1,3,2023,10424
,,,,,,31/07/2013 Total,,1,3,2023,10424
,,,,,,12/08/2013,$70K - $90K,1,3,8169,10755
,,,,,,12/08/2013 Total,,1,3,8169,10755
,,,,,,01/10/2013,$70K - $90K,1,3,9868,12093
,,,,,,01/10/2013 Total,,1,3,9868,12093
,,,,,,06/10/2013,$10K - $30K,1,6,1787,12223
,,,,,,06/10/2013 Total,,1,6,1787,12223
,,,,,,16/10/2013,$70K - $90K,1,4,7977,12481
,,,,,,16/10/2013 Total,,1,4,7977,12481
,,,,,Mexico Total,,,16,56,65242,142362
,,,,Zacatecas Total,,,,16,56,65242,142362
,,,Hidalgo Total,,,,,16,56,65242,142362
,,,Los Angeles,CA,USA,25/11/2012,$30K - $50K,1,4,5690,4112
,,,,,,25/11/2012 Total,,1,4,5690,4112
,,,,,,25/12/2012,$30K - $50K,1,3,4422,4586
,,,,,,25/12/2012 Total,,1,3,4422,4586
,,,,,,27/01/2013,$30K - $50K,1,5,8190,5366
,,,,,,27/01/2013 Total,,1,5,8190,5366
,,,,,,17/07/2013,$50K - $70K,1,6,3503,10060
,,,,,,17/07/2013 Total,,1,6,3503,10060
,,,,,USA Total,,,4,18,21805,24124
,,,,CA Total,,,,4,18,21805,24124
,,,Los Angeles Total,,,,,4,18,21805,24124
,,,Merida,Yucatan,Mexico,07/03/2013,$130K - $150K,1,4,8775,6469
,,,,,,07/03/2013 Total,,1,4,8775,6469
,,,,,,04/07/2013,$30K - $50K,1,5,5481,9673
,,,,,,04/07/2013 Total,,1,5,5481,9673
,,,,,,07/07/2013,$50K - $70K,1,4,896,9771
,,,,,,07/07/2013 Total,,1,4,896,9771
,,,,,,23/09/2013,$30K - $50K,1,3,5481,11870
,,,,,,23/09/2013 Total,,1,3,5481,11870
,,,,,,06/10/2013,$30K - $50K,1,5,9249,12227
,,,,,,06/10/2013 Total,,1,5,9249,12227
,,,,,,13/10/2013,$10K - $30K,1,3,8087,12407
,,,,,,13/10/2013 Total,,1,3,8087,12407
,,,,,,04/11/2013,$10K - $30K,1,4,7356,13037
,,,,,,04/11/2013 Total,,1,4,7356,13037
,,,,,,06/11/2013,$30K - $50K,1,5,3753,13084
,,,,,,06/11/2013 Total,,1,5,3753,13084
,,,,,,27/11/2013,$10K - $30K,1,2,4761,13655
,,,,,,27/11/2013 Total,,1,2,4761,13655
,,,,,Mexico Total,,,9,35,53839,102193
,,,,Yucatan Total,,,,9,35,53839,102193
,,,Merida Total,,,,,9,35,53839,102193
,,,Mexico City,DF,Mexico,16/01/2013,$30K - $50K,1,5,3978,5107
,,,,,,16/01/2013 Total,,1,5,3978,5107
,,,,,,13/08/2013,$30K - $50K,1,4,2802,10772
,,,,,,13/08/2013 Total,,1,4,2802,10772
,,,,,,24/10/2013,$10K - $30K,1,3,5716,12728
,,,,,,24/10/2013 Total,,1,3,5716,12728
,,,,,Mexico Total,,,3,12,12496,28607
,,,,DF Total,,,,3,12,12496,28607
,,,Mexico City Total,,,,,3,12,12496,28607
,,,Orizaba,Veracruz,Mexico,14/03/2013,$70K - $90K,1,4,4198,6660
,,,,,,14/03/2013 Total,,1,4,4198,6660
,,,,,,15/09/2013,$10K - $30K,1,4,9037,11635
,,,,,,15/09/2013 Total,,1,4,9037,11635
,,,,,,06/10/2013,$70K - $90K,1,3,4198,12214
,,,,,,06/10/2013 Total,,1,3,4198,12214
,,,,,,13/10/2013,$10K - $30K,1,2,9037,12409
,,,,,,13/10/2013 Total,,1,2,9037,12409
,,,,,Mexico Total,,,4,13,26470,42918
,,,,Veracruz Total,,,,4,13,26470,42918
,,,Orizaba Total,,,,,4,13,26470,42918
,,,Portland,OR,USA,26/01/2012,$70K - $90K,1,2,1387,228
,,,,,,26/01/2012 Total,,1,2,1387,228
,,,,,,17/03/2012,$50K - $70K,1,6,2846,876
,,,,,,17/03/2012 Total,,1,6,2846,876
,,,,,,20/03/2012,$30K - $50K,1,5,9115,936
,,,,,,20/03/2012 Total,,1,5,9115,936
,,,,,,08/09/2012,$70K - $90K,1,4,1042,3130
,,,,,,08/09/2012 Total,,1,4,1042,3130
,,,,,,13/12/2012,$30K - $50K,1,5,8555,4386
,,,,,,13/12/2012 Total,,1,5,8555,4386
,,,,,,23/02/2013,$70K - $90K,1,3,4707,6144
,,,,,,23/02/2013 Total,,1,3,4707,6144
,,,,,,03/05/2013,$130K - $150K,1,4,4584,7989
,,,,,,03/05/2013 Total,,1,4,4584,7989
,,,,,,22/10/2013,$30K - $50K,1,4,7209,12670
,,,,,,22/10/2013 Total,,1,4,7209,12670
,,,,,USA Total,,,8,33,39445,36359
,,,,OR Total,,,,8,33,39445,36359
,,,Portland Total,,,,,8,33,39445,36359
,,,Salem,OR,USA,15/01/2012,$130K - $150K,1,3,4396,117
,,,,,,15/01/2012 Total,,1,3,4396,117
,,,,,,04/05/2012,$30K - $50K,1,3,8467,1573
,,,,,,04/05/2012 Total,,1,3,8467,1573
,,,,,,24/05/2012,$50K - $70K,1,5,4410,1844
,,,,,,24/05/2012 Total,,1,5,4410,1844
,,,,,,23/08/2012,$30K - $50K,1,3,9256,2947
,,,,,,23/08/2012 Total,,1,3,9256,2947
,,,,,,08/11/2012,$30K - $50K,1,6,9256,3890
,,,,,,08/11/2012 Total,,1,6,9256,3890
,,,,,,11/11/2012,$50K - $70K,1,2,7641,3914
,,,,,,11/11/2012 Total,,1,2,7641,3914
,,,,,,17/04/2013,$30K - $50K,1,3,4583,7533
,,,,,,17/04/2013 Total,,1,3,4583,7533
,,,,,,26/04/2013,$10K - $30K,1,4,4543,7791
,,,,,,26/04/2013 Total,,1,4,4543,7791
,,,,,,24/05/2013,$90K - $110K,1,4,644,8581
,,,,,,24/05/2013 Total,,1,4,644,8581
,,,,,,13/09/2013,$70K - $90K,1,6,1681,11583
,,,,,,13/09/2013 Total,,1,6,1681,11583
,,,,,USA Total,,,10,39,54877,49773
,,,,OR Total,,,,10,39,54877,49773
,,,Salem Total,,,,,10,39,54877,49773
,,,San Andres,DF,Mexico,06/02/2013,$10K - $30K,1,5,1939,5663
,,,,,,06/02/2013 Total,,1,5,1939,5663
,,,,,,05/09/2013,$30K - $50K,1,2,2450,11374
,,,,,,05/09/2013 Total,,1,2,2450,11374
,,,,,,25/11/2013,$50K - $70K,1,5,6931,13593
,,,,,,25/11/2013 Total,,1,5,6931,13593
,,,,,Mexico Total,,,3,12,11320,30630
,,,,DF Total,,,,3,12,11320,30630
,,,San Andres Total,,,,,3,12,11320,30630
,,,San Diego,CA,USA,25/01/2012,$70K - $90K,1,4,8342,216
,,,,,,25/01/2012 Total,,1,4,8342,216
,,,,,,04/05/2012,$10K - $30K,1,5,3935,1588
,,,,,,04/05/2012 Total,,1,5,3935,1588
,,,,,,19/11/2012,$70K - $90K,1,3,10021,4033
,,,,,,19/11/2012 Total,,1,3,10021,4033
,,,,,,04/03/2013,$10K - $30K,1,3,2512,6390
,,,,,,04/03/2013 Total,,1,3,2512,6390
,,,,,,03/05/2013,$30K - $50K,1,3,8083,7998
,,,,,,03/05/2013 Total,,1,3,8083,7998
,,,,,,08/05/2013,$50K - $70K,1,5,7519,8133
,,,,,,08/05/2013 Total,,1,5,7519,8133
,,,,,,21/06/2013,$10K - $30K,1,3,8993,9325
,,,,,,21/06/2013 Total,,1,3,8993,9325
,,,,,,30/11/2013,$10K - $30K,1,5,2502,13719
,,,,,,30/11/2013 Total,,1,5,2502,13719
,,,,,USA Total,,,8,31,51907,51402
,,,,CA Total,,,,8,31,51907,51402
,,,San Diego Total,,,,,8,31,51907,51402
,,,San Francisco,CA,USA,01/09/2012,$70K - $90K,1,1,8441,3050
,,,,,,01/09/2012 Total,,1,1,8441,3050
,,,,,,15/09/2012,$30K - $50K,1,2,9652,3216
,,,,,,15/09/2012 Total,,1,2,9652,3216
,,,,,USA Total,,,2,3,18093,6266
,,,,CA Total,,,,2,3,18093,6266
,,,San Francisco Total,,,,,2,3,18093,6266
,,,Seattle,WA,USA,06/03/2012,$30K - $50K,1,3,9473,717
,,,,,,06/03/2012 Total,,1,3,9473,717
,,,,,,18/03/2012,$10K - $30K,1,3,1370,898
,,,,,,18/03/2012 Total,,1,3,1370,898
,,,,,,03/04/2012,$10K - $30K,1,2,7432,1142
,,,,,,03/04/2012 Total,,1,2,7432,1142
,,,,,,08/05/2012,$10K - $30K,1,4,3011,1643
,,,,,,08/05/2012 Total,,1,4,3011,1643
,,,,,,10/09/2013,$30K - $50K,1,3,7494,11501
,,,,,,10/09/2013 Total,,1,3,7494,11501
,,,,,,01/11/2013,$10K - $30K,1,5,3989,12956
,,,,,,01/11/2013 Total,,1,5,3989,12956
,,,,,,13/11/2013,$30K - $50K,1,5,1921,13315
,,,,,,13/11/2013 Total,,1,5,1921,13315
,,,,,USA Total,,,7,25,34690,42172
,,,,WA Total,,,,7,25,34690,42172
,,,Seattle Total,,,,,7,25,34690,42172
,,,Spokane,WA,USA,28/05/2012,$70K - $90K,1,5,976,1885
,,,,,,28/05/2012 Total,,1,5,976,1885
,,,,,,15/06/2012,$70K - $90K,1,2,2587,2092
,,,,,,15/06/2012 Total,,1,2,2587,2092
,,,,,,16/07/2012,$130K - $150K,1,3,4175,2475
,,,,,,16/07/2012 Total,,1,3,4175,2475
,,,,,,08/10/2012,$70K - $90K,1,4,2587,3504
,,,,,,08/10/2012 Total,,1,4,2587,3504
,,,,,,10/10/2012,$130K - $150K,1,4,1491,3529
,,,,,,10/10/2012 Total,,1,4,1491,3529
,,,,,,23/11/2012,$70K - $90K,1,3,8511,4087
,,,,,,23/11/2012 Total,,1,3,8511,4087
,,,,,,13/02/2013,$130K - $150K,1,4,4175,5862
,,,,,,13/02/2013 Total,,1,4,4175,5862
,,,,,,14/03/2013,$30K - $50K,1,4,10173,6654
,,,,,,14/03/2013 Total,,1,4,10173,6654
,,,,,,21/03/2013,$30K - $50K,1,5,7051,6822
,,,,,,21/03/2013 Total,,1,5,7051,6822
,,,,,,18/09/2013,$130K - $150K,1,5,4868,11720
,,,,,,18/09/2013 Total,,1,5,4868,11720
,,,,,,12/12/2013,$50K - $70K,1,5,9797,13926
,,,,,,12/12/2013 Total,,1,5,9797,13926
,,,,,USA Total,,,11,44,56391,62556
,,,,WA Total,,,,11,44,56391,62556
,,,Spokane Total,,,,,11,44,56391,62556
,,,Tacoma,WA,USA,27/03/2012,$110K - $130K,1,5,7065,1029
,,,,,,27/03/2012 Total,,1,5,7065,1029
,,,,,,17/04/2012,$30K - $50K,1,5,8074,1338
,,,,,,17/04/2012 Total,,1,5,8074,1338
,,,,,,23/11/2012,$10K - $30K,1,4,6866,4091
,,,,,,23/11/2012 Total,,1,4,6866,4091
,,,,,,16/12/2012,$70K - $90K,1,6,6313,4441
,,,,,,16/12/2012 Total,,1,6,6313,4441
,,,,,,05/02/2013,$30K - $50K,1,5,1965,5647
,,,,,,05/02/2013 Total,,1,5,1965,5647
,,,,,,26/03/2013,$10K - $30K,1,3,5341,6970
,,,,,,26/03/2013 Total,,1,3,5341,6970
,,,,,,14/05/2013,$30K - $50K,1,3,2084,8296
,,,,,,14/05/2013 Total,,1,3,2084,8296
,,,,,USA Total,,,7,31,37708,31812
,,,,WA Total,,,,7,31,37708,31812
,,,Tacoma Total,,,,,7,31,37708,31812
,,,Vancouver,BC,Canada,13/02/2013,$110K - $130K,1,4,8105,5867
,,,,,,13/02/2013 Total,,1,4,8105,5867
,,,,,,14/03/2013,$50K - $70K,1,2,6693,6665
,,,,,,14/03/2013 Total,,1,2,6693,6665
,,,,,,14/05/2013,$10K - $30K,1,3,4216,8289
,,,,,,14/05/2013 Total,,1,3,4216,8289
,,,,,,29/07/2013,$10K - $30K,1,3,8293,10377
,,,,,,29/07/2013 Total,,1,3,8293,10377
,,,,,Canada Total,,,4,12,27307,31198
,,,,BC Total,,,,4,12,27307,31198
,,,Vancouver Total,,,,,4,12,27307,31198
,,,Yakima,WA,USA,16/07/2012,$10K - $30K,1,3,4719,2471
,,,,,,16/07/2012 Total,,1,3,4719,2471
,,,,,USA Total,,,1,3,4719,2471
,,,,WA Total,,,,1,3,4719,2471
,,,Yakima Total,,,,,1,3,4719,2471
,,M Total,,,,,,118,445,622545,818886
,,S,Acapulco,Guerrero,Mexico,05/02/2013,$50K - $70K,1,4,5078,5648
,,,,,,05/02/2013 Total,,1,4,5078,5648
,,,,,,31/03/2013,$50K - $70K,1,4,8704,7109
,,,,,,31/03/2013 Total,,1,4,8704,7109
,,,,,,10/04/2013,$30K - $50K,1,3,4878,7361
,,,,,,10/04/2013 Total,,1,3,4878,7361
,,,,,,29/09/2013,$10K - $30K,1,5,1894,12049
,,,,,,29/09/2013 Total,,1,5,1894,12049
,,,,,,13/10/2013,$30K - $50K,1,4,5578,12404
,,,,,,13/10/2013 Total,,1,4,5578,12404
,,,,,,26/10/2013,$30K - $50K,1,5,1805,12775
,,,,,,26/10/2013 Total,,1,5,1805,12775
,,,,,Mexico Total,,,6,25,27937,57346
,,,,Guerrero Total,,,,6,25,27937,57346
,,,Acapulco Total,,,,,6,25,27937,57346
,,,Bellingham,WA,USA,21/07/2012,$10K - $30K,1,4,4730,2537
,,,,,,21/07/2012 Total,,1,4,4730,2537
,,,,,,27/07/2012,$70K - $90K,1,3,9351,2607
,,,,,,27/07/2012 Total,,1,3,9351,2607
,,,,,,26/09/2012,$150K +,1,2,7438,3333
,,,,,,26/09/2012 Total,,1,2,7438,3333
,,,,,,04/11/2012,$90K - $110K,1,4,4018,3824
,,,,,,04/11/2012 Total,,1,4,4018,3824
,,,,,USA Total,,,4,13,25537,12301
,,,,WA Total,,,,4,13,25537,12301
,,,Bellingham Total,,,,,4,13,25537,12301
,,,Beverly Hills,CA,USA,28/12/2012,$10K - $30K,1,4,4438,4655
,,,,,,28/12/2012 Total,,1,4,4438,4655
,,,,,,27/04/2013,$30K - $50K,1,5,3292,7812
,,,,,,27/04/2013 Total,,1,5,3292,7812
,,,,,,18/05/2013,$130K - $150K,1,5,7206,8400
,,,,,,18/05/2013 Total,,1,5,7206,8400
,,,,,,17/09/2013,$110K - $130K,1,3,3701,11696
,,,,,,17/09/2013 Total,,1,3,3701,11696
,,,,,,20/09/2013,$50K - $70K,1,3,4188,11762
,,,,,,20/09/2013 Total,,1,3,4188,11762
,,,,,USA Total,,,5,20,22825,44325
,,,,CA Total,,,,5,20,22825,44325
,,,Beverly Hills Total,,,,,5,20,22825,44325
,,,Bremerton,WA,USA,07/01/2012,$150K +,1,5,760,67
,,,,,,07/01/2012 Total,,1,5,760,67
,,,,,,27/01/2012,$130K - $150K,1,3,10240,235
,,,,,,27/01/2012 Total,,1,3,10240,235
,,,,,,29/11/2012,$130K - $150K,1,4,4065,4171
,,,,,,29/11/2012 Total,,1,4,4065,4171
,,,,,USA Total,,,3,12,15065,4473
,,,,WA Total,,,,3,12,15065,4473
,,,Bremerton Total,,,,,3,12,15065,4473
,,,Camacho,Zacatecas,Mexico,05/02/2013,$110K - $130K,1,6,286,5638
,,,,,,05/02/2013 Total,,1,6,286,5638
,,,,,,09/02/2013,$50K - $70K,1,6,8405,5742
,,,,,,09/02/2013 Total,,1,6,8405,5742
,,,,,,21/06/2013,$50K - $70K,1,3,4932,9347
,,,,,,21/06/2013 Total,,1,3,4932,9347
,,,,,,07/07/2013,$50K - $70K,1,3,1726,9770
,,,,,,07/07/2013 Total,,1,3,1726,9770
,,,,,Mexico Total,,,4,18,15349,30497
,,,,Zacatecas Total,,,,4,18,15349,30497
,,,Camacho Total,,,,,4,18,15349,30497
,,,Guadalajara,Jalisco,Mexico,15/07/2013,$10K - $30K,1,2,3399,9994
,,,,,,15/07/2013 Total,,1,2,3399,9994
,,,,,Mexico Total,,,1,2,3399,9994
,,,,Jalisco Total,,,,1,2,3399,9994
,,,Guadalajara Total,,,,,1,2,3399,9994
,,,Hidalgo,Zacatecas,Mexico,27/02/2013,$50K - $70K,1,4,1972,6254
,,,,,,27/02/2013 Total,,1,4,1972,6254
,,,,,,20/05/2013,$10K - $30K,1,5,5348,8467
,,,,,,20/05/2013 Total,,1,5,5348,8467
,,,,,,29/06/2013,$70K - $90K,1,4,6934,9549
,,,,,,29/06/2013 Total,,1,4,6934,9549
,,,,,,27/07/2013,$10K - $30K,1,4,9097,10338
,,,,,,27/07/2013 Total,,1,4,9097,10338
,,,,,,10/08/2013,$30K - $50K,1,3,7016,10698
,,,,,,10/08/2013 Total,,1,3,7016,10698
,,,,,,22/11/2013,$10K - $30K,1,4,1853,13532
,,,,,,22/11/2013 Total,,1,4,1853,13532
,,,,,Mexico Total,,,6,24,32220,58838
,,,,Zacatecas Total,,,,6,24,32220,58838
,,,Hidalgo Total,,,,,6,24,32220,58838
,,,Los Angeles,CA,USA,30/08/2012,$10K - $30K,1,4,5587,3021
,,,,,,30/08/2012 Total,,1,4,5587,3021
,,,,,,04/01/2013,$30K - $50K,1,3,191,4799
,,,,,,04/01/2013 Total,,1,3,191,4799
,,,,,,07/06/2013,$10K - $30K,1,2,803,8954
,,,,,,07/06/2013 Total,,1,2,803,8954
,,,,,,16/06/2013,$50K - $70K,1,4,9516,9207
,,,,,,16/06/2013 Total,,1,4,9516,9207
,,,,,,13/07/2013,$70K - $90K,1,5,6254,9934
,,,,,,13/07/2013 Total,,1,5,6254,9934
,,,,,USA Total,,,5,18,22351,35915
,,,,CA Total,,,,5,18,22351,35915
,,,Los Angeles Total,,,,,5,18,22351,35915
,,,Merida,Yucatan,Mexico,03/02/2013,$30K - $50K,1,6,5512,5587
,,,,,,03/02/2013 Total,,1,6,5512,5587
,,,,,,02/05/2013,$50K - $70K,1,3,5129,7963
,,,,,,02/05/2013 Total,,1,3,5129,7963
,,,,,,02/06/2013,$90K - $110K,1,4,1050,8835
,,,,,,02/06/2013 Total,,1,4,1050,8835
,,,,,,17/06/2013,$10K - $30K,1,3,10008,9240
,,,,,,17/06/2013 Total,,1,3,10008,9240
,,,,,,02/10/2013,$30K - $50K,1,3,3982,12135
,,,,,,02/10/2013 Total,,1,3,3982,12135
,,,,,,23/10/2013,$30K - $50K,1,5,7221,12690
,,,,,,23/10/2013 Total,,1,5,7221,12690
,,,,,Mexico Total,,,6,24,32902,56450
,,,,Yucatan Total,,,,6,24,32902,56450
,,,Merida Total,,,,,6,24,32902,56450
,,,Mexico City,DF,Mexico,02/07/2013,$10K - $30K,1,4,2273,9627
,,,,,,02/07/2013 Total,,1,4,2273,9627
,,,,,Mexico Total,,,1,4,2273,9627
,,,,DF Total,,,,1,4,2273,9627
,,,Mexico City Total,,,,,1,4,2273,9627
,,,Orizaba,Veracruz,Mexico,18/01/2013,$70K - $90K,1,5,8534,5138
,,,,,,18/01/2013 Total,,1,5,8534,5138
,,,,,,16/03/2013,$70K - $90K,1,5,8534,6718
,,,,,,16/03/2013 Total,,1,5,8534,6718
,,,,,,14/09/2013,$90K - $110K,1,3,10095,11614
,,,,,,14/09/2013 Total,,1,3,10095,11614
,,,,,,16/10/2013,$50K - $70K,1,5,5536,12490
,,,,,,16/10/2013 Total,,1,5,5536,12490
,,,,,Mexico Total,,,4,18,32699,35960
,,,,Veracruz Total,,,,4,18,32699,35960
,,,Orizaba Total,,,,,4,18,32699,35960
,,,Portland,OR,USA,22/05/2012,$30K - $50K,1,5,4608,1822
,,,,,,22/05/2012 Total,,1,5,4608,1822
,,,,,,12/08/2012,$70K - $90K,1,4,4453,2811
,,,,,,12/08/2012 Total,,1,4,4453,2811
,,,,,,12/10/2012,$10K - $30K,1,4,6570,3550
,,,,,,12/10/2012 Total,,1,4,6570,3550
,,,,,,30/10/2012,$150K +,1,4,7624,3761
,,,,,,30/10/2012 Total,,1,4,7624,3761
,,,,,,04/04/2013,$30K - $50K,1,5,983,7206
,,,,,,04/04/2013 Total,,1,5,983,7206
,,,,,,14/04/2013,$10K - $30K,1,5,5834,7466
,,,,,,14/04/2013 Total,,1,5,5834,7466
,,,,,,05/06/2013,$10K - $30K,1,5,8063,8901
,,,,,,05/06/2013 Total,,1,5,8063,8901
,,,,,,11/06/2013,$30K - $50K,1,3,9884,9060
,,,,,,11/06/2013 Total,,1,3,9884,9060
,,,,,,14/08/2013,$10K - $30K,1,5,7361,10795
,,,,,,14/08/2013 Total,,1,5,7361,10795
,,,,,,01/09/2013,$30K - $50K,1,4,2039,11284
,,,,,,01/09/2013 Total,,1,4,2039,11284
,,,,,,16/10/2013,$50K - $70K,1,6,8179,12499
,,,,,,16/10/2013 Total,,1,6,8179,12499
,,,,,,14/11/2013,$70K - $90K,1,6,4219,13324
,,,,,,14/11/2013 Total,,1,6,4219,13324
,,,,,,05/12/2013,$70K - $90K,1,4,9391,13831
,,,,,,05/12/2013 Total,,1,4,9391,13831
,,,,,USA Total,,,13,60,79208,106310
,,,,OR Total,,,,13,60,79208,106310
,,,Portland Total,,,,,13,60,79208,106310
,,,Salem,OR,USA,04/01/2012,$30K - $50K,1,5,3799,51
,,,,,,04/01/2012 Total,,1,5,3799,51
,,,,,,16/01/2012,$50K - $70K,1,5,6021,129
,,,,,,16/01/2012 Total,,1,5,6021,129
,,,,,,04/02/2012,$30K - $50K,1,5,8269,348
,,,,,,04/02/2012 Total,,1,5,8269,348
,,,,,,16/02/2012,$90K - $110K,1,4,5452,486
,,,,,,16/02/2012 Total,,1,4,5452,486
,,,,,,26/07/2012,$10K - $30K,1,3,9648,2597
,,,,,,26/07/2012 Total,,1,3,9648,2597
,,,,,,04/11/2012,$10K - $30K,1,3,9648,3821
,,,,,,04/11/2012 Total,,1,3,9648,3821
,,,,,,20/02/2013,$30K - $50K,1,4,2422,6056
,,,,,,20/02/2013 Total,,1,4,2422,6056
,,,,,,26/02/2013,$10K - $30K,1,5,7149,6243
,,,,,,26/02/2013 Total,,1,5,7149,6243
,,,,,,09/03/2013,$150K +,1,3,10118,6534
,,,,,,09/03/2013 Total,,1,3,10118,6534
,,,,,,08/05/2013,$10K - $30K,1,5,6544,8141
,,,,,,,$130K - $150K,1,3,2468,8142
,,,,,,08/05/2013 Total,,2,8,9012,16283
,,,,,,09/08/2013,$50K - $70K,1,3,154,10676
,,,,,,09/08/2013 Total,,1,3,154,10676
,,,,,,11/09/2013,$10K - $30K,1,3,7182,11531
,,,,,,11/09/2013 Total,,1,3,7182,11531
,,,,,,07/11/2013,$30K - $50K,1,3,9032,13127
,,,,,,07/11/2013 Total,,1,3,9032,13127
,,,,,USA Total,,,14,54,87906,77882
,,,,OR Total,,,,14,54,87906,77882
,,,Salem Total,,,,,14,54,87906,77882
,,,San Andres,DF,Mexico,01/02/2013,$70K - $90K,1,4,8462,5527
,,,,,,01/02/2013 Total,,1,4,8462,5527
,,,,,,11/03/2013,$10K - $30K,1,3,9435,6587
,,,,,,11/03/2013 Total,,1,3,9435,6587
,,,,,,11/07/2013,$70K - $90K,1,5,7074,9875
,,,,,,11/07/2013 Total,,1,5,7074,9875
,,,,,,17/10/2013,$70K - $90K,1,3,5140,12528
,,,,,,17/10/2013 Total,,1,3,5140,12528
,,,,,,24/10/2013,$30K - $50K,1,4,5343,12722
,,,,,,,$70K - $90K,1,3,9311,12732
,,,,,,24/10/2013 Total,,2,7,14654,25454
,,,,,Mexico Total,,,6,22,44765,59971
,,,,DF Total,,,,6,22,44765,59971
,,,San Andres Total,,,,,6,22,44765,59971
,,,San Diego,CA,USA,02/05/2012,$50K - $70K,1,3,9440,1548
,,,,,,02/05/2012 Total,,1,3,9440,1548
,,,,,,17/09/2012,$10K - $30K,1,4,4133,3237
,,,,,,17/09/2012 Total,,1,4,4133,3237
,,,,,,25/09/2012,$10K - $30K,1,5,900,3324
,,,,,,25/09/2012 Total,,1,5,900,3324
,,,,,,14/10/2012,$10K - $30K,1,3,900,3572
,,,,,,14/10/2012 Total,,1,3,900,3572
,,,,,,31/10/2012,$30K - $50K,1,4,4082,3779
,,,,,,31/10/2012 Total,,1,4,4082,3779
,,,,,,20/02/2013,$90K - $110K,1,5,4011,6049
,,,,,,20/02/2013 Total,,1,5,4011,6049
,,,,,,17/07/2013,$10K - $30K,1,2,5167,10070
,,,,,,17/07/2013 Total,,1,2,5167,10070
,,,,,,01/08/2013,$10K - $30K,1,4,5167,10446
,,,,,,01/08/2013 Total,,1,4,5167,10446
,,,,,USA Total,,,8,30,33800,42025
,,,,CA Total,,,,8,30,33800,42025
,,,San Diego Total,,,,,8,30,33800,42025
,,,San Francisco,CA,USA,26/03/2013,$30K - $50K,1,4,6025,6966
,,,,,,26/03/2013 Total,,1,4,6025,6966
,,,,,,24/07/2013,$70K - $90K,1,2,9048,10258
,,,,,,24/07/2013 Total,,1,2,9048,10258
,,,,,USA Total,,,2,6,15073,17224
,,,,CA Total,,,,2,6,15073,17224
,,,San Francisco Total,,,,,2,6,15073,17224
,,,Seattle,WA,USA,15/04/2012,$30K - $50K,1,4,594,1321
,,,,,,15/04/2012 Total,,1,4,594,1321
,,,,,,22/04/2012,$70K - $90K,1,5,3236,1424
,,,,,,22/04/2012 Total,,1,5,3236,1424
,,,,,,18/03/2013,$30K - $50K,1,5,9746,6772
,,,,,,18/03/2013 Total,,1,5,9746,6772
,,,,,,08/04/2013,$50K - $70K,1,4,6318,7307
,,,,,,08/04/2013 Total,,1,4,6318,7307
,,,,,,07/09/2013,$30K - $50K,1,4,5449,11410
,,,,,,07/09/2013 Total,,1,4,5449,11410
,,,,,USA Total,,,5,22,25343,28234
,,,,WA Total,,,,5,22,25343,28234
,,,Seattle Total,,,,,5,22,25343,28234
,,,Spokane,WA,USA,22/02/2012,$10K - $30K,1,5,9928,559
,,,,,,22/02/2012 Total,,1,5,9928,559
,,,,,,19/03/2012,$30K - $50K,1,4,2921,915
,,,,,,19/03/2012 Total,,1,4,2921,915
,,,,,,30/03/2012,$30K - $50K,1,4,2921,1076
,,,,,,30/03/2012 Total,,1,4,2921,1076
,,,,,,06/07/2012,$50K - $70K,1,4,4925,2349
,,,,,,06/07/2012 Total,,1,4,4925,2349
,,,,,,11/09/2012,$10K - $30K,1,6,4094,3160
,,,,,,11/09/2012 Total,,1,6,4094,3160
,,,,,,14/06/2013,$10K - $30K,1,6,5592,9156
,,,,,,14/06/2013 Total,,1,6,5592,9156
,,,,,USA Total,,,6,29,30381,17215
,,,,WA Total,,,,6,29,30381,17215
,,,Spokane Total,,,,,6,29,30381,17215
,,,Tacoma,WA,USA,27/01/2012,$50K - $70K,1,2,2664,233
,,,,,,27/01/2012 Total,,1,2,2664,233
,,,,,,09/02/2013,$10K - $30K,1,3,3310,5750
,,,,,,09/02/2013 Total,,1,3,3310,5750
,,,,,,14/03/2013,$10K - $30K,1,5,6161,6652
,,,,,,14/03/2013 Total,,1,5,6161,6652
,,,,,,04/05/2013,$30K - $50K,1,4,3397,8003
,,,,,,04/05/2013 Total,,1,4,3397,8003
,,,,,,24/06/2013,$10K - $30K,1,4,5050,9424
,,,,,,24/06/2013 Total,,1,4,5050,9424
,,,,,,28/07/2013,$150K +,1,4,7713,10358
,,,,,,28/07/2013 Total,,1,4,7713,10358
,,,,,,17/09/2013,$30K - $50K,1,4,5092,11701
,,,,,,17/09/2013 Total,,1,4,5092,11701
,,,,,,24/09/2013,$30K - $50K,1,4,4231,11902
,,,,,,24/09/2013 Total,,1,4,4231,11902
,,,,,,04/10/2013,$70K - $90K,1,7,9715,12171
,,,,,,04/10/2013 Total,,1,7,9715,12171
,,,,,USA Total,,,9,37,47333,76194
,,,,WA Total,,,,9,37,47333,76194
,,,Tacoma Total,,,,,9,37,47333,76194
,,,Vancouver,BC,Canada,23/02/2013,$30K - $50K,1,5,3644,6145
,,,,,,23/02/2013 Total,,1,5,3644,6145
,,,,,,26/02/2013,$110K - $130K,1,3,1109,6232
,,,,,,26/02/2013 Total,,1,3,1109,6232
,,,,,,01/05/2013,$30K - $50K,1,4,8352,7944
,,,,,,01/05/2013 Total,,1,4,8352,7944
,,,,,,08/07/2013,$30K - $50K,1,7,1408,9788
,,,,,,08/07/2013 Total,,1,7,1408,9788
,,,,,,11/07/2013,$50K - $70K,1,3,943,9886
,,,,,,11/07/2013 Total,,1,3,943,9886
,,,,,,06/09/2013,$10K - $30K,1,3,3016,11387
,,,,,,06/09/2013 Total,,1,3,3016,11387
,,,,,,28/11/2013,$30K - $50K,1,5,1190,13682
,,,,,,28/11/2013 Total,,1,5,1190,13682
,,,,,Canada Total,,,7,30,19662,65064
,,,,BC Total,,,,7,30,19662,65064
,,,Vancouver Total,,,,,7,30,19662,65064
,,,Victoria,BC,Canada,20/01/2013,$10K - $30K,1,3,4475,5196
,,,,,,20/01/2013 Total,,1,3,4475,5196
,,,,,,12/03/2013,$30K - $50K,1,6,7451,6610
,,,,,,12/03/2013 Total,,1,6,7451,6610
,,,,,,26/08/2013,$50K - $70K,1,3,4826,11111
,,,,,,26/08/2013 Total,,1,3,4826,11111
,,,,,Canada Total,,,3,12,16752,22917
,,,,BC Total,,,,3,12,16752,22917
,,,Victoria Total,,,,,3,12,16752,22917
,,,Walla Walla,WA,USA,17/05/2012,$30K - $50K,1,1,8418,1745
,,,,,,17/05/2012 Total,,1,1,8418,1745
,,,,,,05/03/2013,$50K - $70K,1,3,8284,6423
,,,,,,05/03/2013 Total,,1,3,8284,6423
,,,,,USA Total,,,2,4,16702,8168
,,,,WA Total,,,,2,4,16702,8168
,,,Walla Walla Total,,,,,2,4,16702,8168
,,,Yakima,WA,USA,30/10/2013,$30K - $50K,1,4,2952,12886
,,,,,,30/10/2013 Total,,1,4,2952,12886
,,,,,USA Total,,,1,4,2952,12886
,,,,WA Total,,,,1,4,2952,12886
,,,Yakima Total,,,,,1,4,2952,12886
,,S Total,,,,,,121,488,652434,889816
,F Total,,,,,,,239,933,1274979,1708702
,M,M,Acapulco,Guerrero,Mexico,30/12/2012,$70K - $90K,1,3,489,4699
,,,,,,30/12/2012 Total,,1,3,489,4699
,,,,,,25/03/2013,$30K - $50K,1,4,2341,6933
,,,,,,25/03/2013 Total,,1,4,2341,6933
,,,,,,17/04/2013,$30K - $50K,1,2,2433,7551
,,,,,,17/04/2013 Total,,1,2,2433,7551
,,,,,,18/05/2013,$130K - $150K,1,4,1948,8398
,,,,,,18/05/2013 Total,,1,4,1948,8398
,,,,,,27/08/2013,$50K - $70K,1,5,9942,11135
,,,,,,27/08/2013 Total,,1,5,9942,11135
,,,,,Mexico Total,,,5,18,17153,38716
,,,,Guerrero Total,,,,5,18,17153,38716
,,,Acapulco Total,,,,,5,18,17153,38716
,,,Beverly Hills,CA,USA,26/12/2011,$30K - $50K,1,5,3097,12
,,,,,,26/12/2011 Total,,1,5,3097,12
,,,,,,31/03/2012,$30K - $50K,1,4,8457,1101
,,,,,,31/03/2012 Total,,1,4,8457,1101
,,,,,,28/04/2012,$10K - $30K,1,5,5107,1504
,,,,,,28/04/2012 Total,,1,5,5107,1504
,,,,,,12/12/2012,$150K +,1,4,10050,4376
,,,,,,12/12/2012 Total,,1,4,10050,4376
,,,,,,08/04/2013,$30K - $50K,1,4,5155,7320
,,,,,,08/04/2013 Total,,1,4,5155,7320
,,,,,,18/05/2013,$70K - $90K,1,4,1162,8397
,,,,,,18/05/2013 Total,,1,4,1162,8397
,,,,,,23/11/2013,$30K - $50K,1,3,5311,13561
,,,,,,23/11/2013 Total,,1,3,5311,13561
,,,,,USA Total,,,7,29,38339,36271
,,,,CA Total,,,,7,29,38339,36271
,,,Beverly Hills Total,,,,,7,29,38339,36271
,,,Bremerton,WA,USA,08/03/2012,$30K - $50K,1,2,1533,746
,,,,,,08/03/2012 Total,,1,2,1533,746
,,,,,,18/07/2012,$10K - $30K,1,3,9642,2512
,,,,,,18/07/2012 Total,,1,3,9642,2512
,,,,,,26/09/2012,$30K - $50K,1,5,1533,3335
,,,,,,26/09/2012 Total,,1,5,1533,3335
,,,,,,18/12/2012,$10K - $30K,1,5,4778,4474
,,,,,,18/12/2012 Total,,1,5,4778,4474
,,,,,,19/02/2013,$70K - $90K,1,5,4417,6032
,,,,,,19/02/2013 Total,,1,5,4417,6032
,,,,,,20/06/2013,$30K - $50K,1,6,3676,9306
,,,,,,20/06/2013 Total,,1,6,3676,9306
,,,,,USA Total,,,6,26,25579,26405
,,,,WA Total,,,,6,26,25579,26405
,,,Bremerton Total,,,,,6,26,25579,26405
,,,Camacho,Zacatecas,Mexico,29/04/2013,$50K - $70K,1,5,7746,7870
,,,,,,29/04/2013 Total,,1,5,7746,7870
,,,,,,13/05/2013,$10K - $30K,1,6,4947,8273
,,,,,,13/05/2013 Total,,1,6,4947,8273
,,,,,,20/05/2013,$50K - $70K,1,4,48,8453
,,,,,,20/05/2013 Total,,1,4,48,8453
,,,,,,08/11/2013,$10K - $30K,1,6,9398,13156
,,,,,,08/11/2013 Total,,1,6,9398,13156
,,,,,Mexico Total,,,4,21,22139,37752
,,,,Zacatecas Total,,,,4,21,22139,37752
,,,Camacho Total,,,,,4,21,22139,37752
,,,Hidalgo,Zacatecas,Mexico,01/03/2013,$90K - $110K,1,3,850,6323
,,,,,,01/03/2013 Total,,1,3,850,6323
,,,,,,01/06/2013,$50K - $70K,1,4,6669,8794
,,,,,,01/06/2013 Total,,1,4,6669,8794
,,,,,Mexico Total,,,2,7,7519,15117
,,,,Zacatecas Total,,,,2,7,7519,15117
,,,Hidalgo Total,,,,,2,7,7519,15117
,,,Los Angeles,CA,USA,30/01/2012,$70K - $90K,1,4,7801,269
,,,,,,30/01/2012 Total,,1,4,7801,269
,,,,,,08/02/2012,$70K - $90K,1,3,4828,397
,,,,,,08/02/2012 Total,,1,3,4828,397
,,,,,,01/03/2012,$50K - $70K,1,2,1743,656
,,,,,,01/03/2012 Total,,1,2,1743,656
,,,,,,05/07/2012,$70K - $90K,1,5,3222,2338
,,,,,,05/07/2012 Total,,1,5,3222,2338
,,,,,,22/07/2012,$30K - $50K,1,3,3099,2554
,,,,,,22/07/2012 Total,,1,3,3099,2554
,,,,,,02/11/2012,$30K - $50K,1,4,3922,3791
,,,,,,02/11/2012 Total,,1,4,3922,3791
,,,,,,24/01/2013,$10K - $30K,1,7,927,5297
,,,,,,24/01/2013 Total,,1,7,927,5297
,,,,,,01/07/2013,$30K - $50K,1,3,370,9606
,,,,,,01/07/2013 Total,,1,3,370,9606
,,,,,,13/08/2013,$10K - $30K,1,4,9112,10794
,,,,,,13/08/2013 Total,,1,4,9112,10794
,,,,,,23/08/2013,$30K - $50K,1,5,9500,11034
,,,,,,23/08/2013 Total,,1,5,9500,11034
,,,,,,01/12/2013,$70K - $90K,1,5,2596,13742
,,,,,,01/12/2013 Total,,1,5,2596,13742
,,,,,USA Total,,,11,45,47120,60478
,,,,CA Total,,,,11,45,47120,60478
,,,Los Angeles Total,,,,,11,45,47120,60478
,,,Merida,Yucatan,Mexico,22/01/2013,$130K - $150K,1,5,2130,5253
,,,,,,22/01/2013 Total,,1,5,2130,5253
,,,,,,31/07/2013,$10K - $30K,1,5,6394,10425
,,,,,,31/07/2013 Total,,1,5,6394,10425
,,,,,Mexico Total,,,2,10,8524,15678
,,,,Yucatan Total,,,,2,10,8524,15678
,,,Merida Total,,,,,2,10,8524,15678
,,,Mexico City,DF,Mexico,24/07/2013,$30K - $50K,1,2,6525,10253
,,,,,,24/07/2013 Total,,1,2,6525,10253
,,,,,Mexico Total,,,1,2,6525,10253
,,,,DF Total,,,,1,2,6525,10253
,,,Mexico City Total,,,,,1,2,6525,10253
,,,Orizaba,Veracruz,Mexico,22/02/2013,$30K - $50K,1,5,2697,6125
,,,,,,22/02/2013 Total,,1,5,2697,6125
,,,,,,17/09/2013,$50K - $70K,1,6,3795,11702
,,,,,,17/09/2013 Total,,1,6,3795,11702
,,,,,,01/10/2013,$30K - $50K,1,4,9573,12100
,,,,,,01/10/2013 Total,,1,4,9573,12100
,,,,,,02/12/2013,$10K - $30K,1,3,5605,13775
,,,,,,02/12/2013 Total,,1,3,5605,13775
,,,,,Mexico Total,,,4,18,21670,43702
,,,,Veracruz Total,,,,4,18,21670,43702
,,,Orizaba Total,,,,,4,18,21670,43702
,,,Portland,OR,USA,14/01/2012,$70K - $90K,1,2,5499,113
,,,,,,14/01/2012 Total,,1,2,5499,113
,,,,,,04/02/2012,$30K - $50K,1,3,4461,349
,,,,,,04/02/2012 Total,,1,3,4461,349
,,,,,,23/04/2012,$90K - $110K,1,4,638,1440
,,,,,,23/04/2012 Total,,1,4,638,1440
,,,,,,23/05/2012,$10K - $30K,1,3,6194,1827
,,,,,,23/05/2012 Total,,1,3,6194,1827
,,,,,,13/08/2013,$50K - $70K,1,4,1606,10775
,,,,,,13/08/2013 Total,,1,4,1606,10775
,,,,,,22/10/2013,$30K - $50K,1,6,6181,12662
,,,,,,22/10/2013 Total,,1,6,6181,12662
,,,,,USA Total,,,6,22,24579,27166
,,,,OR Total,,,,6,22,24579,27166
,,,Portland Total,,,,,6,22,24579,27166
,,,Salem,OR,USA,25/03/2012,$30K - $50K,1,6,6713,999
,,,,,,25/03/2012 Total,,1,6,6713,999
,,,,,,30/03/2012,$10K - $30K,1,4,3113,1078
,,,,,,30/03/2012 Total,,1,4,3113,1078
,,,,,,19/07/2012,$130K - $150K,1,3,6744,2522
,,,,,,19/07/2012 Total,,1,3,6744,2522
,,,,,,25/07/2012,$50K - $70K,1,4,9162,2583
,,,,,,25/07/2012 Total,,1,4,9162,2583
,,,,,,02/08/2012,$50K - $70K,1,4,7546,2681
,,,,,,02/08/2012 Total,,1,4,7546,2681
,,,,,,16/09/2012,$50K - $70K,1,2,7546,3229
,,,,,,16/09/2012 Total,,1,2,7546,3229
,,,,,,04/11/2012,$70K - $90K,1,4,10176,3827
,,,,,,04/11/2012 Total,,1,4,10176,3827
,,,,,,27/12/2012,$10K - $30K,1,6,2086,4624
,,,,,,27/12/2012 Total,,1,6,2086,4624
,,,,,,14/02/2013,$110K - $130K,1,4,1035,5883
,,,,,,14/02/2013 Total,,1,4,1035,5883
,,,,,,23/02/2013,$90K - $110K,1,4,4623,6152
,,,,,,23/02/2013 Total,,1,4,4623,6152
,,,,,,11/03/2013,$30K - $50K,1,5,6087,6585
,,,,,,11/03/2013 Total,,1,5,6087,6585
,,,,,,08/04/2013,$90K - $110K,1,4,7952,7308
,,,,,,08/04/2013 Total,,1,4,7952,7308
,,,,,,12/05/2013,$30K - $50K,1,6,10106,8244
,,,,,,12/05/2013 Total,,1,6,10106,8244
,,,,,,06/06/2013,$30K - $50K,1,4,7882,8917
,,,,,,06/06/2013 Total,,1,4,7882,8917
,,,,,,26/11/2013,$110K - $130K,1,4,1035,13625
,,,,,,26/11/2013 Total,,1,4,1035,13625
,,,,,USA Total,,,15,64,91806,78257
,,,,OR Total,,,,15,64,91806,78257
,,,Salem Total,,,,,15,64,91806,78257
,,,San Andres,DF,Mexico,03/01/2013,$10K - $30K,1,6,211,4797
,,,,,,03/01/2013 Total,,1,6,211,4797
,,,,,,22/04/2013,$30K - $50K,1,5,7816,7689
,,,,,,22/04/2013 Total,,1,5,7816,7689
,,,,,,25/06/2013,$30K - $50K,1,4,2790,9433
,,,,,,25/06/2013 Total,,1,4,2790,9433
,,,,,,08/08/2013,$50K - $70K,1,3,8,10623
,,,,,,08/08/2013 Total,,1,3,8,10623
,,,,,,24/10/2013,$10K - $30K,1,7,211,12736
,,,,,,24/10/2013 Total,,1,7,211,12736
,,,,,,16/11/2013,$30K - $50K,1,4,3372,13394
,,,,,,16/11/2013 Total,,1,4,3372,13394
,,,,,Mexico Total,,,6,29,14408,58672
,,,,DF Total,,,,6,29,14408,58672
,,,San Andres Total,,,,,6,29,14408,58672
,,,San Diego,CA,USA,06/01/2012,$70K - $90K,1,3,1596,62
,,,,,,06/01/2012 Total,,1,3,1596,62
,,,,,,02/07/2012,$10K - $30K,1,6,2612,2311
,,,,,,02/07/2012 Total,,1,6,2612,2311
,,,,,,03/01/2013,$50K - $70K,1,5,2958,4784
,,,,,,03/01/2013 Total,,1,5,2958,4784
,,,,,,18/01/2013,$90K - $110K,1,3,7449,5134
,,,,,,18/01/2013 Total,,1,3,7449,5134
,,,,,,03/05/2013,$30K - $50K,1,4,1286,8000
,,,,,,03/05/2013 Total,,1,4,1286,8000
,,,,,,09/06/2013,$50K - $70K,1,4,4179,9025
,,,,,,09/06/2013 Total,,1,4,4179,9025
,,,,,,19/07/2013,$70K - $90K,1,5,7555,10140
,,,,,,19/07/2013 Total,,1,5,7555,10140
,,,,,,20/09/2013,$50K - $70K,1,6,2144,11769
,,,,,,20/09/2013 Total,,1,6,2144,11769
,,,,,,02/12/2013,$70K - $90K,1,4,9288,13758
,,,,,,02/12/2013 Total,,1,4,9288,13758
,,,,,USA Total,,,9,40,39067,64983
,,,,CA Total,,,,9,40,39067,64983
,,,San Diego Total,,,,,9,40,39067,64983
,,,San Francisco,CA,USA,11/06/2012,$150K +,1,2,3409,2060
,,,,,,11/06/2012 Total,,1,2,3409,2060
,,,,,,13/03/2013,$10K - $30K,1,3,1111,6637
,,,,,,13/03/2013 Total,,1,3,1111,6637
,,,,,USA Total,,,2,5,4520,8697
,,,,CA Total,,,,2,5,4520,8697
,,,San Francisco Total,,,,,2,5,4520,8697
,,,Seattle,WA,USA,25/02/2012,$30K - $50K,1,6,8107,590
,,,,,,25/02/2012 Total,,1,6,8107,590
,,,,,,28/02/2012,$50K - $70K,1,6,4205,627
,,,,,,28/02/2012 Total,,1,6,4205,627
,,,,,,27/08/2012,$50K - $70K,1,3,9773,2989
,,,,,,27/08/2012 Total,,1,3,9773,2989
,,,,,,30/08/2012,$130K - $150K,1,3,9767,3024
,,,,,,30/08/2012 Total,,1,3,9767,3024
,,,,,USA Total,,,4,18,31852,7230
,,,,WA Total,,,,4,18,31852,7230
,,,Seattle Total,,,,,4,18,31852,7230
,,,Spokane,WA,USA,21/05/2012,$30K - $50K,1,3,9815,1804
,,,,,,21/05/2012 Total,,1,3,9815,1804
,,,,,,02/07/2012,$30K - $50K,1,3,5374,2305
,,,,,,02/07/2012 Total,,1,3,5374,2305
,,,,,,27/07/2012,$30K - $50K,1,4,5374,2613
,,,,,,27/07/2012 Total,,1,4,5374,2613
,,,,,,16/08/2012,$50K - $70K,1,7,1567,2861
,,,,,,16/08/2012 Total,,1,7,1567,2861
,,,,,,04/11/2012,$50K - $70K,1,5,2553,3831
,,,,,,04/11/2012 Total,,1,5,2553,3831
,,,,,,14/12/2012,$110K - $130K,1,4,6712,4397
,,,,,,14/12/2012 Total,,1,4,6712,4397
,,,,,,20/02/2013,$30K - $50K,1,5,4021,6065
,,,,,,20/02/2013 Total,,1,5,4021,6065
,,,,,,25/02/2013,$30K - $50K,1,4,5174,6212
,,,,,,25/02/2013 Total,,1,4,5174,6212
,,,,,,24/04/2013,$50K - $70K,1,2,1567,7746
,,,,,,24/04/2013 Total,,1,2,1567,7746
,,,,,,08/06/2013,$70K - $90K,1,2,3567,8989
,,,,,,08/06/2013 Total,,1,2,3567,8989
,,,,,,20/07/2013,$110K - $130K,1,5,9318,10156
,,,,,,20/07/2013 Total,,1,5,9318,10156
,,,,,,19/09/2013,$50K - $70K,1,5,2553,11739
,,,,,,19/09/2013 Total,,1,5,2553,11739
,,,,,,12/10/2013,$10K - $30K,1,4,8427,12393
,,,,,,12/10/2013 Total,,1,4,8427,12393
,,,,,,10/12/2013,$50K - $70K,1,5,1567,13892
,,,,,,10/12/2013 Total,,1,5,1567,13892
,,,,,USA Total,,,14,58,67589,95003
,,,,WA Total,,,,14,58,67589,95003
,,,Spokane Total,,,,,14,58,67589,95003
,,,Tacoma,WA,USA,08/06/2012,$50K - $70K,1,4,8172,2024
,,,,,,08/06/2012 Total,,1,4,8172,2024
,,,,,,29/06/2012,$50K - $70K,1,4,7241,2272
,,,,,,29/06/2012 Total,,1,4,7241,2272
,,,,,,23/08/2012,$110K - $130K,1,5,9639,2944
,,,,,,23/08/2012 Total,,1,5,9639,2944
,,,,,,30/08/2012,$90K - $110K,1,5,6168,3026
,,,,,,30/08/2012 Total,,1,5,6168,3026
,,,,,,12/10/2012,$30K - $50K,1,6,4204,3556
,,,,,,12/10/2012 Total,,1,6,4204,3556
,,,,,,28/12/2012,$110K - $130K,1,3,9366,4657
,,,,,,28/12/2012 Total,,1,3,9366,4657
,,,,,,11/02/2013,$30K - $50K,1,4,10243,5787
,,,,,,11/02/2013 Total,,1,4,10243,5787
,,,,,,19/10/2013,$10K - $30K,1,3,8466,12586
,,,,,,19/10/2013 Total,,1,3,8466,12586
,,,,,USA Total,,,8,34,63499,36852
,,,,WA Total,,,,8,34,63499,36852
,,,Tacoma Total,,,,,8,34,63499,36852
,,,Vancouver,BC,Canada,07/02/2013,$50K - $70K,1,7,6821,5700
,,,,,,07/02/2013 Total,,1,7,6821,5700
,,,,,,27/03/2013,$10K - $30K,1,6,1022,6979
,,,,,,27/03/2013 Total,,1,6,1022,6979
,,,,,,05/04/2013,$10K - $30K,1,3,1022,7224
,,,,,,05/04/2013 Total,,1,3,1022,7224
,,,,,,17/06/2013,$50K - $70K,1,4,3964,9216
,,,,,,17/06/2013 Total,,1,4,3964,9216
,,,,,,09/07/2013,$10K - $30K,1,3,5959,9823
,,,,,,09/07/2013 Total,,1,3,5959,9823
,,,,,,22/10/2013,$150K +,1,3,1625,12668
,,,,,,22/10/2013 Total,,1,3,1625,12668
,,,,,,12/12/2013,$30K - $50K,1,4,7011,13925
,,,,,,12/12/2013 Total,,1,4,7011,13925
,,,,,Canada Total,,,7,30,27424,65535
,,,,BC Total,,,,7,30,27424,65535
,,,Vancouver Total,,,,,7,30,27424,65535
,,,Victoria,BC,Canada,13/08/2013,$30K - $50K,1,5,9896,10774
,,,,,,13/08/2013 Total,,1,5,9896,10774
,,,,,Canada Total,,,1,5,9896,10774
,,,,BC Total,,,,1,5,9896,10774
,,,Victoria Total,,,,,1,5,9896,10774
,,,Walla Walla,WA,USA,13/03/2012,$90K - $110K,1,4,6675,819
,,,,,,13/03/2012 Total,,1,4,6675,819
,,,,,,20/10/2013,$30K - $50K,1,1,3673,12612
,,,,,,20/10/2013 Total,,1,1,3673,12612
,,,,,USA Total,,,2,5,10348,13431
,,,,WA Total,,,,2,5,10348,13431
,,,Walla Walla Total,,,,,2,5,10348,13431
,,,Yakima,WA,USA,16/09/2013,$50K - $70K,1,4,9016,11668
,,,,,,16/09/2013 Total,,1,4,9016,11668
,,,,,USA Total,,,1,4,9016,11668
,,,,WA Total,,,,1,4,9016,11668
,,,Yakima Total,,,,,1,4,9016,11668
,,M Total,,,,,,117,490,588572,762640
,,S,Acapulco,Guerrero,Mexico,04/10/2013,$10K - $30K,1,6,71,12180
,,,,,,04/10/2013 Total,,1,6,71,12180
,,,,,Mexico Total,,,1,6,71,12180
,,,,Guerrero Total,,,,1,6,71,12180
,,,Acapulco Total,,,,,1,6,71,12180
,,,Beverly Hills,CA,USA,11/06/2012,$10K - $30K,1,4,170,2048
,,,,,,11/06/2012 Total,,1,4,170,2048
,,,,,,20/03/2013,$30K - $50K,1,2,1826,6810
,,,,,,20/03/2013 Total,,1,2,1826,6810
,,,,,,06/05/2013,$50K - $70K,1,4,7379,8064
,,,,,,06/05/2013 Total,,1,4,7379,8064
,,,,,,13/06/2013,$50K - $70K,1,2,8029,9109
,,,,,,13/06/2013 Total,,1,2,8029,9109
,,,,,,15/07/2013,$90K - $110K,1,5,1427,9998
,,,,,,15/07/2013 Total,,1,5,1427,9998
,,,,,,17/08/2013,$130K - $150K,1,4,7481,10897
,,,,,,17/08/2013 Total,,1,4,7481,10897
,,,,,,22/09/2013,$30K - $50K,1,4,5954,11836
,,,,,,22/09/2013 Total,,1,4,5954,11836
,,,,,,19/10/2013,$30K - $50K,1,6,5001,12557
,,,,,,19/10/2013 Total,,1,6,5001,12557
,,,,,USA Total,,,8,31,37267,71319
,,,,CA Total,,,,8,31,37267,71319
,,,Beverly Hills Total,,,,,8,31,37267,71319
,,,Bremerton,WA,USA,05/09/2012,$30K - $50K,1,6,5944,3096
,,,,,,05/09/2012 Total,,1,6,5944,3096
,,,,,,18/09/2012,$50K - $70K,1,4,4998,3247
,,,,,,18/09/2012 Total,,1,4,4998,3247
,,,,,,31/10/2012,$30K - $50K,1,5,1979,3777
,,,,,,31/10/2012 Total,,1,5,1979,3777
,,,,,,08/11/2012,$70K - $90K,1,5,6559,3881
,,,,,,08/11/2012 Total,,1,5,6559,3881
,,,,,,14/11/2012,$10K - $30K,1,6,1633,3952
,,,,,,14/11/2012 Total,,1,6,1633,3952
,,,,,,08/02/2013,$50K - $70K,1,5,905,5710
,,,,,,08/02/2013 Total,,1,5,905,5710
,,,,,,11/10/2013,$10K - $30K,1,6,8571,12365
,,,,,,11/10/2013 Total,,1,6,8571,12365
,,,,,,02/12/2013,$10K - $30K,1,4,8742,13765
,,,,,,02/12/2013 Total,,1,4,8742,13765
,,,,,USA Total,,,8,41,39331,49793
,,,,WA Total,,,,8,41,39331,49793
,,,Bremerton Total,,,,,8,41,39331,49793
,,,Camacho,Zacatecas,Mexico,30/12/2012,$10K - $30K,1,6,9238,4691
,,,,,,30/12/2012 Total,,1,6,9238,4691
,,,,,,26/02/2013,$30K - $50K,1,5,3025,6225
,,,,,,26/02/2013 Total,,1,5,3025,6225
,,,,,,03/03/2013,$50K - $70K,1,4,9895,6378
,,,,,,03/03/2013 Total,,1,4,9895,6378
,,,,,,20/06/2013,$10K - $30K,1,4,9456,9301
,,,,,,20/06/2013 Total,,1,4,9456,9301
,,,,,,22/09/2013,$50K - $70K,1,3,6111,11824
,,,,,,22/09/2013 Total,,1,3,6111,11824
,,,,,Mexico Total,,,5,22,37725,38419
,,,,Zacatecas Total,,,,5,22,37725,38419
,,,Camacho Total,,,,,5,22,37725,38419
,,,Hidalgo,Zacatecas,Mexico,15/02/2013,$150K +,1,5,3225,5919
,,,,,,15/02/2013 Total,,1,5,3225,5919
,,,,,,30/06/2013,$30K - $50K,1,4,4771,9567
,,,,,,30/06/2013 Total,,1,4,4771,9567
,,,,,,13/07/2013,$30K - $50K,1,5,7239,9927
,,,,,,13/07/2013 Total,,1,5,7239,9927
,,,,,,04/08/2013,$10K - $30K,1,3,4953,10527
,,,,,,04/08/2013 Total,,1,3,4953,10527
,,,,,,21/09/2013,$10K - $30K,1,4,322,11815
,,,,,,21/09/2013 Total,,1,4,322,11815
,,,,,,26/09/2013,$30K - $50K,1,4,2221,11948
,,,,,,26/09/2013 Total,,1,4,2221,11948
,,,,,,12/11/2013,$30K - $50K,1,3,4853,13266
,,,,,,12/11/2013 Total,,1,3,4853,13266
,,,,,Mexico Total,,,7,28,27584,72969
,,,,Zacatecas Total,,,,7,28,27584,72969
,,,Hidalgo Total,,,,,7,28,27584,72969
,,,Los Angeles,CA,USA,13/04/2012,$70K - $90K,1,4,4121,1285
,,,,,,13/04/2012 Total,,1,4,4121,1285
,,,,,,16/04/2012,$10K - $30K,1,4,6417,1333
,,,,,,16/04/2012 Total,,1,4,6417,1333
,,,,,,23/04/2012,$50K - $70K,1,4,5556,1433
,,,,,,23/04/2012 Total,,1,4,5556,1433
,,,,,,02/07/2012,$10K - $30K,1,5,6417,2303
,,,,,,02/07/2012 Total,,1,5,6417,2303
,,,,,,22/08/2012,$110K - $130K,1,5,1538,2928
,,,,,,22/08/2012 Total,,1,5,1538,2928
,,,,,,20/12/2012,$30K - $50K,1,3,8072,4502
,,,,,,20/12/2012 Total,,1,3,8072,4502
,,,,,,13/02/2013,$70K - $90K,1,3,9550,5852
,,,,,,13/02/2013 Total,,1,3,9550,5852
,,,,,,29/04/2013,$30K - $50K,1,4,7705,7867
,,,,,,29/04/2013 Total,,1,4,7705,7867
,,,,,,12/06/2013,$50K - $70K,1,6,8240,9083
,,,,,,12/06/2013 Total,,1,6,8240,9083
,,,,,,14/08/2013,$50K - $70K,1,2,6289,10812
,,,,,,14/08/2013 Total,,1,2,6289,10812
,,,,,,18/09/2013,$30K - $50K,1,3,4890,11726
,,,,,,18/09/2013 Total,,1,3,4890,11726
,,,,,,27/11/2013,$30K - $50K,1,5,2592,13652
,,,,,,27/11/2013 Total,,1,5,2592,13652
,,,,,USA Total,,,12,48,71387,72776
,,,,CA Total,,,,12,48,71387,72776
,,,Los Angeles Total,,,,,12,48,71387,72776
,,,Merida,Yucatan,Mexico,09/03/2013,$70K - $90K,1,5,6632,6542
,,,,,,09/03/2013 Total,,1,5,6632,6542
,,,,,,11/03/2013,$10K - $30K,1,5,1377,6592
,,,,,,11/03/2013 Total,,1,5,1377,6592
,,,,,,28/04/2013,$30K - $50K,1,4,9610,7854
,,,,,,28/04/2013 Total,,1,4,9610,7854
,,,,,,04/05/2013,$70K - $90K,1,5,6632,8020
,,,,,,04/05/2013 Total,,1,5,6632,8020
,,,,,,29/07/2013,$10K - $30K,1,4,1377,10367
,,,,,,29/07/2013 Total,,1,4,1377,10367
,,,,,,05/09/2013,$90K - $110K,1,3,4913,11358
,,,,,,05/09/2013 Total,,1,3,4913,11358
,,,,,Mexico Total,,,6,26,30541,50733
,,,,Yucatan Total,,,,6,26,30541,50733
,,,Merida Total,,,,,6,26,30541,50733
,,,Orizaba,Veracruz,Mexico,06/05/2013,$30K - $50K,1,5,1325,8086
,,,,,,06/05/2013 Total,,1,5,1325,8086
,,,,,,29/06/2013,$50K - $70K,1,5,4319,9540
,,,,,,29/06/2013 Total,,1,5,4319,9540
,,,,,,10/09/2013,$110K - $130K,1,4,8952,11495
,,,,,,10/09/2013 Total,,1,4,8952,11495
,,,,,,27/11/2013,$50K - $70K,1,3,5318,13665
,,,,,,27/11/2013 Total,,1,3,5318,13665
,,,,,Mexico Total,,,4,17,19914,42786
,,,,Veracruz Total,,,,4,17,19914,42786
,,,Orizaba Total,,,,,4,17,19914,42786
,,,Portland,OR,USA,22/03/2012,$70K - $90K,1,5,9050,956
,,,,,,22/03/2012 Total,,1,5,9050,956
,,,,,,20/11/2012,$10K - $30K,1,4,36,4043
,,,,,,20/11/2012 Total,,1,4,36,4043
,,,,,,01/03/2013,$10K - $30K,1,5,1141,6330
,,,,,,01/03/2013 Total,,1,5,1141,6330
,,,,,,18/03/2013,$50K - $70K,1,4,1829,6767
,,,,,,18/03/2013 Total,,1,4,1829,6767
,,,,,,01/06/2013,$30K - $50K,1,4,2513,8805
,,,,,,01/06/2013 Total,,1,4,2513,8805
,,,,,,03/08/2013,$10K - $30K,1,5,1432,10519
,,,,,,03/08/2013 Total,,1,5,1432,10519
,,,,,,06/10/2013,$10K - $30K,1,3,4514,12236
,,,,,,06/10/2013 Total,,1,3,4514,12236
,,,,,,23/10/2013,$110K - $130K,1,2,41,12691
,,,,,,23/10/2013 Total,,1,2,41,12691
,,,,,,29/11/2013,$50K - $70K,1,4,5715,13699
,,,,,,29/11/2013 Total,,1,4,5715,13699
,,,,,USA Total,,,9,36,26271,76046
,,,,OR Total,,,,9,36,26271,76046
,,,Portland Total,,,,,9,36,26271,76046
,,,Salem,OR,USA,20/02/2012,$30K - $50K,1,5,941,537
,,,,,,20/02/2012 Total,,1,5,941,537
,,,,,,10/03/2012,$130K - $150K,1,6,1253,786
,,,,,,10/03/2012 Total,,1,6,1253,786
,,,,,,13/04/2012,$10K - $30K,1,4,7455,1283
,,,,,,13/04/2012 Total,,1,4,7455,1283
,,,,,,03/05/2012,$30K - $50K,1,4,178,1561
,,,,,,03/05/2012 Total,,1,4,178,1561
,,,,,,15/07/2012,$30K - $50K,1,4,819,2458
,,,,,,15/07/2012 Total,,1,4,819,2458
,,,,,,31/07/2012,$30K - $50K,1,4,941,2659
,,,,,,31/07/2012 Total,,1,4,941,2659
,,,,,,05/10/2012,$70K - $90K,1,4,9495,3455
,,,,,,05/10/2012 Total,,1,4,9495,3455
,,,,,,28/01/2013,$30K - $50K,1,2,6607,5408
,,,,,,28/01/2013 Total,,1,2,6607,5408
,,,,,,18/06/2013,$50K - $70K,1,3,8663,9253
,,,,,,18/06/2013 Total,,1,3,8663,9253
,,,,,,21/07/2013,$70K - $90K,1,4,3706,10175
,,,,,,21/07/2013 Total,,1,4,3706,10175
,,,,,,18/10/2013,$10K - $30K,1,5,7470,12536
,,,,,,18/10/2013 Total,,1,5,7470,12536
,,,,,USA Total,,,11,45,47528,50111
,,,,OR Total,,,,11,45,47528,50111
,,,Salem Total,,,,,11,45,47528,50111
,,,San Andres,DF,Mexico,11/02/2013,$50K - $70K,1,3,9189,5806
,,,,,,11/02/2013 Total,,1,3,9189,5806
,,,,,,18/06/2013,$50K - $70K,1,6,8061,9247
,,,,,,18/06/2013 Total,,1,6,8061,9247
,,,,,,02/08/2013,$10K - $30K,1,4,7869,10487
,,,,,,02/08/2013 Total,,1,4,7869,10487
,,,,,,07/08/2013,$30K - $50K,1,6,8890,10613
,,,,,,07/08/2013 Total,,1,6,8890,10613
,,,,,,16/08/2013,$110K - $130K,1,2,5181,10848
,,,,,,16/08/2013 Total,,1,2,5181,10848
,,,,,Mexico Total,,,5,21,39190,47001
,,,,DF Total,,,,5,21,39190,47001
,,,San Andres Total,,,,,5,21,39190,47001
,,,San Diego,CA,USA,02/02/2012,$30K - $50K,1,5,3755,323
,,,,,,02/02/2012 Total,,1,5,3755,323
,,,,,,17/04/2012,$30K - $50K,1,4,823,1343
,,,,,,17/04/2012 Total,,1,4,823,1343
,,,,,,24/05/2012,$10K - $30K,1,4,9852,1839
,,,,,,24/05/2012 Total,,1,4,9852,1839
,,,,,,30/10/2012,$30K - $50K,1,6,2460,3758
,,,,,,30/10/2012 Total,,1,6,2460,3758
,,,,,,05/11/2012,$10K - $30K,1,2,7112,3846
,,,,,,05/11/2012 Total,,1,2,7112,3846
,,,,,,28/12/2012,$50K - $70K,1,3,5967,4646
,,,,,,28/12/2012 Total,,1,3,5967,4646
,,,,,,03/04/2013,$130K - $150K,1,5,2735,7192
,,,,,,03/04/2013 Total,,1,5,2735,7192
,,,,,,21/04/2013,$30K - $50K,1,3,482,7664
,,,,,,21/04/2013 Total,,1,3,482,7664
,,,,,,23/08/2013,$30K - $50K,1,4,7873,11030
,,,,,,23/08/2013 Total,,1,4,7873,11030
,,,,,,02/11/2013,$70K - $90K,1,4,2929,12995
,,,,,,02/11/2013 Total,,1,4,2929,12995
,,,,,USA Total,,,10,40,43988,54636
,,,,CA Total,,,,10,40,43988,54636
,,,San Diego Total,,,,,10,40,43988,54636
,,,San Francisco,CA,USA,13/07/2013,$130K - $150K,1,4,4662,9940
,,,,,,13/07/2013 Total,,1,4,4662,9940
,,,,,,18/09/2013,$30K - $50K,1,2,6644,11721
,,,,,,18/09/2013 Total,,1,2,6644,11721
,,,,,USA Total,,,2,6,11306,21661
,,,,CA Total,,,,2,6,11306,21661
,,,San Francisco Total,,,,,2,6,11306,21661
,,,Seattle,WA,USA,25/03/2012,$30K - $50K,1,5,2054,1000
,,,,,,25/03/2012 Total,,1,5,2054,1000
,,,,,,30/03/2012,$50K - $70K,1,5,1048,1079
,,,,,,30/03/2012 Total,,1,5,1048,1079
,,,,,,15/08/2012,$50K - $70K,1,3,9030,2841
,,,,,,15/08/2012 Total,,1,3,9030,2841
,,,,,,11/12/2012,$70K - $90K,1,5,3827,4351
,,,,,,11/12/2012 Total,,1,5,3827,4351
,,,,,,15/02/2013,$50K - $70K,1,3,4724,5902
,,,,,,15/02/2013 Total,,1,3,4724,5902
,,,,,,17/07/2013,$50K - $70K,1,6,7689,10051
,,,,,,17/07/2013 Total,,1,6,7689,10051
,,,,,,04/09/2013,$30K - $50K,1,4,9569,11340
,,,,,,04/09/2013 Total,,1,4,9569,11340
,,,,,USA Total,,,7,31,37941,36564
,,,,WA Total,,,,7,31,37941,36564
,,,Seattle Total,,,,,7,31,37941,36564
,,,Spokane,WA,USA,23/02/2012,$30K - $50K,1,3,378,562
,,,,,,23/02/2012 Total,,1,3,378,562
,,,,,,22/06/2012,$10K - $30K,1,4,2371,2188
,,,,,,22/06/2012 Total,,1,4,2371,2188
,,,,,,21/11/2012,$30K - $50K,1,5,1297,4055
,,,,,,21/11/2012 Total,,1,5,1297,4055
,,,,,,22/02/2013,$30K - $50K,1,4,4397,6128
,,,,,,22/02/2013 Total,,1,4,4397,6128
,,,,,,27/04/2013,$130K - $150K,1,5,1850,7824
,,,,,,27/04/2013 Total,,1,5,1850,7824
,,,,,,21/06/2013,$70K - $90K,1,4,8351,9329
,,,,,,21/06/2013 Total,,1,4,8351,9329
,,,,,,20/09/2013,$90K - $110K,1,2,430,11786
,,,,,,20/09/2013 Total,,1,2,430,11786
,,,,,,11/11/2013,$30K - $50K,1,4,4397,13249
,,,,,,11/11/2013 Total,,1,4,4397,13249
,,,,,USA Total,,,8,31,23471,55121
,,,,WA Total,,,,8,31,23471,55121
,,,Spokane Total,,,,,8,31,23471,55121
,,,Tacoma,WA,USA,23/01/2012,$10K - $30K,1,2,2143,195
,,,,,,23/01/2012 Total,,1,2,2143,195
,,,,,,24/01/2012,$30K - $50K,1,3,4670,215
,,,,,,24/01/2012 Total,,1,3,4670,215
,,,,,,01/02/2012,$10K - $30K,1,5,9461,296
,,,,,,01/02/2012 Total,,1,5,9461,296
,,,,,,11/02/2012,$30K - $50K,1,4,4892,422
,,,,,,11/02/2012 Total,,1,4,4892,422
,,,,,,27/03/2012,$130K - $150K,1,4,6799,1038
,,,,,,27/03/2012 Total,,1,4,6799,1038
,,,,,,05/04/2012,$10K - $30K,1,4,4564,1173
,,,,,,05/04/2012 Total,,1,4,4564,1173
,,,,,,15/05/2012,$10K - $30K,1,2,2335,1723
,,,,,,15/05/2012 Total,,1,2,2335,1723
,,,,,,17/11/2012,$50K - $70K,1,4,3497,3999
,,,,,,17/11/2012 Total,,1,4,3497,3999
,,,,,,17/12/2012,$50K - $70K,1,5,5067,4448
,,,,,,17/12/2012 Total,,1,5,5067,4448
,,,,,,25/01/2013,$50K - $70K,1,5,4364,5317
,,,,,,25/01/2013 Total,,1,5,4364,5317
,,,,,,18/05/2013,$10K - $30K,1,2,5038,8391
,,,,,,18/05/2013 Total,,1,2,5038,8391
,,,,,,27/05/2013,$10K - $30K,1,3,2143,8653
,,,,,,27/05/2013 Total,,1,3,2143,8653
,,,,,,13/11/2013,$70K - $90K,1,4,4775,13309
,,,,,,13/11/2013 Total,,1,4,4775,13309
,,,,,,26/11/2013,$130K - $150K,1,6,454,13621
,,,,,,26/11/2013 Total,,1,6,454,13621
,,,,,USA Total,,,14,53,60202,62800
,,,,WA Total,,,,14,53,60202,62800
,,,Tacoma Total,,,,,14,53,60202,62800
,,,Vancouver,BC,Canada,09/02/2013,$10K - $30K,1,5,4941,5757
,,,,,,09/02/2013 Total,,1,5,4941,5757
,,,,,,13/02/2013,$30K - $50K,1,4,2492,5865
,,,,,,13/02/2013 Total,,1,4,2492,5865
,,,,,,12/04/2013,$50K - $70K,1,4,109,7429
,,,,,,12/04/2013 Total,,1,4,109,7429
,,,,,,17/08/2013,$50K - $70K,1,4,7227,10881
,,,,,,17/08/2013 Total,,1,4,7227,10881
,,,,,,19/08/2013,$10K - $30K,1,4,1674,10934
,,,,,,19/08/2013 Total,,1,4,1674,10934
,,,,,,07/09/2013,$10K - $30K,1,2,9304,11424
,,,,,,07/09/2013 Total,,1,2,9304,11424
,,,,,,21/11/2013,$50K - $70K,1,4,8428,13513
,,,,,,21/11/2013 Total,,1,4,8428,13513
,,,,,Canada Total,,,7,27,34175,65803
,,,,BC Total,,,,7,27,34175,65803
,,,Vancouver Total,,,,,7,27,34175,65803
,,,Victoria,BC,Canada,06/03/2013,$30K - $50K,1,3,5363,6453
,,,,,,06/03/2013 Total,,1,3,5363,6453
,,,,,,21/06/2013,$10K - $30K,1,4,5666,9339
,,,,,,21/06/2013 Total,,1,4,5666,9339
,,,,,Canada Total,,,2,7,11029,15792
,,,,BC Total,,,,2,7,11029,15792
,,,Victoria Total,,,,,2,7,11029,15792
,,,Walla Walla,WA,USA,18/09/2013,$30K - $50K,1,3,6684,11733
,,,,,,18/09/2013 Total,,1,3,6684,11733
,,,,,USA Total,,,1,3,6684,11733
,,,,WA Total,,,,1,3,6684,11733
,,,Walla Walla Total,,,,,1,3,6684,11733
,,,Yakima,WA,USA,03/03/2013,$50K - $70K,1,3,3819,6383
,,,,,,03/03/2013 Total,,1,3,3819,6383
,,,,,USA Total,,,1,3,3819,6383
,,,,WA Total,,,,1,3,3819,6383
,,,Yakima Total,,,,,1,3,3819,6383
,,S Total,,,,,,128,522,609424,914626
,M Total,,,,,,,245,1012,1197996,1677266
Baking Goods Total,,,,,,,,484,1945,2472975,3385968
Bathroom Products,F,M,Acapulco,Guerrero,Mexico,28/01/2013,$30K - $50K,1,5,1553,5397
,,,,,,28/01/2013 Total,,1,5,1553,5397
,,,,,,21/07/2013,$70K - $90K,1,5,8474,10198
,,,,,,21/07/2013 Total,,1,5,8474,10198
,,,,,,24/11/2013,$50K - $70K,1,4,1277,13590
,,,,,,24/11/2013 Total,,1,4,1277,13590
,,,,,,07/12/2013,$10K - $30K,1,4,1014,13851
,,,,,,07/12/2013 Total,,1,4,1014,13851
,,,,,Mexico Total,,,4,18,12318,43036
,,,,Guerrero Total,,,,4,18,12318,43036
,,,Acapulco Total,,,,,4,18,12318,43036
,,,Beverly Hills,CA,USA,27/06/2012,$150K +,1,4,6897,2241
,,,,,,27/06/2012 Total,,1,4,6897,2241
,,,,,,24/03/2013,$10K - $30K,1,7,2582,6904
,,,,,,24/03/2013 Total,,1,7,2582,6904
,,,,,,16/04/2013,$30K - $50K,1,4,7104,7509
,,,,,,16/04/2013 Total,,1,4,7104,7509
,,,,,,18/07/2013,$130K - $150K,1,5,7747,10080
,,,,,,18/07/2013 Total,,1,5,7747,10080
,,,,,USA Total,,,4,20,24330,26734
,,,,CA Total,,,,4,20,24330,26734
,,,Beverly Hills Total,,,,,4,20,24330,26734
,,,Bremerton,WA,USA,12/06/2012,$10K - $30K,1,3,7354,2065
,,,,,,12/06/2012 Total,,1,3,7354,2065
,,,,,,25/05/2013,$130K - $150K,1,3,8907,8596
,,,,,,25/05/2013 Total,,1,3,8907,8596
,,,,,,01/08/2013,$30K - $50K,1,4,3533,10436
,,,,,,01/08/2013 Total,,1,4,3533,10436
,,,,,,06/08/2013,$70K - $90K,1,5,1281,10570
,,,,,,06/08/2013 Total,,1,5,1281,10570
,,,,,,19/08/2013,$10K - $30K,1,3,9102,10932
,,,,,,19/08/2013 Total,,1,3,9102,10932
,,,,,,28/09/2013,$150K +,1,5,3593,12015
,,,,,,28/09/2013 Total,,1,5,3593,12015
,,,,,,22/11/2013,$30K - $50K,1,3,4436,13521
,,,,,,22/11/2013 Total,,1,3,4436,13521
,,,,,USA Total,,,7,26,38206,68135
,,,,WA Total,,,,7,26,38206,68135
,,,Bremerton Total,,,,,7,26,38206,68135
,,,Camacho,Zacatecas,Mexico,21/03/2013,$70K - $90K,1,6,5872,6834
,,,,,,21/03/2013 Total,,1,6,5872,6834
,,,,,,08/05/2013,$10K - $30K,1,5,8564,8144
,,,,,,08/05/2013 Total,,1,5,8564,8144
,,,,,,17/05/2013,$10K - $30K,1,5,8564,8375
,,,,,,17/05/2013 Total,,1,5,8564,8375
,,,,,,04/07/2013,$30K - $50K,1,4,2646,9697
,,,,,,04/07/2013 Total,,1,4,2646,9697
,,,,,,11/07/2013,$30K - $50K,1,4,9901,9874
,,,,,,11/07/2013 Total,,1,4,9901,9874
,,,,,,07/10/2013,$30K - $50K,1,3,4003,12255
,,,,,,07/10/2013 Total,,1,3,4003,12255
,,,,,,20/12/2013,$130K - $150K,1,3,3714,13998
,,,,,,20/12/2013 Total,,1,3,3714,13998
,,,,,Mexico Total,,,7,30,43264,69177
,,,,Zacatecas Total,,,,7,30,43264,69177
,,,Camacho Total,,,,,7,30,43264,69177
,,,Hidalgo,Zacatecas,Mexico,15/01/2013,$10K - $30K,1,3,2310,5074
,,,,,,15/01/2013 Total,,1,3,2310,5074
,,,,,,01/02/2013,$110K - $130K,1,2,7063,5498
,,,,,,01/02/2013 Total,,1,2,7063,5498
,,,,,,25/07/2013,$70K - $90K,1,6,6652,10263
,,,,,,25/07/2013 Total,,1,6,6652,10263
,,,,,,23/09/2013,$30K - $50K,1,5,4620,11872
,,,,,,23/09/2013 Total,,1,5,4620,11872
,,,,,Mexico Total,,,4,16,20645,32707
,,,,Zacatecas Total,,,,4,16,20645,32707
,,,Hidalgo Total,,,,,4,16,20645,32707
,,,Los Angeles,CA,USA,11/07/2012,$10K - $30K,1,5,6284,2405
,,,,,,11/07/2012 Total,,1,5,6284,2405
,,,,,,17/07/2012,$70K - $90K,1,5,3352,2487
,,,,,,17/07/2012 Total,,1,5,3352,2487
,,,,,,29/10/2012,$10K - $30K,1,4,1928,3750
,,,,,,29/10/2012 Total,,1,4,1928,3750
,,,,,,24/01/2013,$10K - $30K,1,5,1928,5298
,,,,,,24/01/2013 Total,,1,5,1928,5298
,,,,,,17/02/2013,$10K - $30K,1,3,3322,5966
,,,,,,17/02/2013 Total,,1,3,3322,5966
,,,,,,23/04/2013,$150K +,1,4,6304,7725
,,,,,,23/04/2013 Total,,1,4,6304,7725
,,,,,,05/08/2013,$30K - $50K,1,2,2618,10549
,,,,,,05/08/2013 Total,,1,2,2618,10549
,,,,,USA Total,,,7,28,25736,38180
,,,,CA Total,,,,7,28,25736,38180
,,,Los Angeles Total,,,,,7,28,25736,38180
,,,Merida,Yucatan,Mexico,27/01/2013,$50K - $70K,1,4,298,5367
,,,,,,27/01/2013 Total,,1,4,298,5367
,,,,,,09/02/2013,$50K - $70K,1,4,896,5736
,,,,,,09/02/2013 Total,,1,4,896,5736
,,,,,,09/04/2013,$10K - $30K,1,4,8087,7349
,,,,,,09/04/2013 Total,,1,4,8087,7349
,,,,,,09/06/2013,$10K - $30K,1,4,1753,9027
,,,,,,09/06/2013 Total,,1,4,1753,9027
,,,,,,12/08/2013,$30K - $50K,1,3,1578,10753
,,,,,,12/08/2013 Total,,1,3,1578,10753
,,,,,Mexico Total,,,5,19,12612,38232
,,,,Yucatan Total,,,,5,19,12612,38232
,,,Merida Total,,,,,5,19,12612,38232
,,,Mexico City,DF,Mexico,29/01/2013,$70K - $90K,1,5,3406,5437
,,,,,,29/01/2013 Total,,1,5,3406,5437
,,,,,,09/09/2013,$50K - $70K,1,3,3856,11467
,,,,,,09/09/2013 Total,,1,3,3856,11467
,,,,,,19/10/2013,$10K - $30K,1,6,5657,12580
,,,,,,19/10/2013 Total,,1,6,5657,12580
,,,,,Mexico Total,,,3,14,12919,29484
,,,,DF Total,,,,3,14,12919,29484
,,,Mexico City Total,,,,,3,14,12919,29484
,,,Orizaba,Veracruz,Mexico,18/05/2013,$10K - $30K,1,4,1590,8406
,,,,,,18/05/2013 Total,,1,4,1590,8406
,,,,,,20/08/2013,$70K - $90K,1,4,1402,10961
,,,,,,20/08/2013 Total,,1,4,1402,10961
,,,,,Mexico Total,,,2,8,2992,19367
,,,,Veracruz Total,,,,2,8,2992,19367
,,,Orizaba Total,,,,,2,8,2992,19367
,,,Portland,OR,USA,13/03/2012,$10K - $30K,1,3,8737,818
,,,,,,13/03/2012 Total,,1,3,8737,818
,,,,,,09/05/2012,$70K - $90K,1,5,1387,1659
,,,,,,09/05/2012 Total,,1,5,1387,1659
,,,,,,27/06/2012,$70K - $90K,1,5,3426,2242
,,,,,,27/06/2012 Total,,1,5,3426,2242
,,,,,,07/07/2012,$30K - $50K,1,5,4562,2361
,,,,,,07/07/2012 Total,,1,5,4562,2361
,,,,,,25/04/2013,$30K - $50K,1,4,4220,7778
,,,,,,25/04/2013 Total,,1,4,4220,7778
,,,,,,14/10/2013,$10K - $30K,1,3,3847,12455
,,,,,,14/10/2013 Total,,1,3,3847,12455
,,,,,USA Total,,,6,25,26179,27313
,,,,OR Total,,,,6,25,26179,27313
,,,Portland Total,,,,,6,25,26179,27313
,,,Salem,OR,USA,04/01/2012,$90K - $110K,1,3,1940,50
,,,,,,04/01/2012 Total,,1,3,1940,50
,,,,,,03/03/2012,$70K - $90K,1,3,6079,683
,,,,,,03/03/2012 Total,,1,3,6079,683
,,,,,,11/04/2012,$30K - $50K,1,4,4659,1245
,,,,,,11/04/2012 Total,,1,4,4659,1245
,,,,,,30/06/2012,$90K - $110K,1,3,3548,2286
,,,,,,30/06/2012 Total,,1,3,3548,2286
,,,,,,20/09/2012,$50K - $70K,1,4,6574,3281
,,,,,,20/09/2012 Total,,1,4,6574,3281
,,,,,,29/09/2012,$70K - $90K,1,4,9668,3368
,,,,,,29/09/2012 Total,,1,4,9668,3368
,,,,,,10/12/2012,$50K - $70K,1,4,1987,4347
,,,,,,10/12/2012 Total,,1,4,1987,4347
,,,,,,26/01/2013,$10K - $30K,1,3,7359,5353
,,,,,,26/01/2013 Total,,1,3,7359,5353
,,,,,,04/07/2013,$30K - $50K,1,4,2482,9688
,,,,,,04/07/2013 Total,,1,4,2482,9688
,,,,,,30/10/2013,$110K - $130K,1,4,9788,12902
,,,,,,30/10/2013 Total,,1,4,9788,12902
,,,,,USA Total,,,10,36,54084,43203
,,,,OR Total,,,,10,36,54084,43203
,,,Salem Total,,,,,10,36,54084,43203
,,,San Andres,DF,Mexico,17/01/2013,$30K - $50K,1,5,3978,5130
,,,,,,17/01/2013 Total,,1,5,3978,5130
,,,,,,13/03/2013,$10K - $30K,1,3,8326,6629
,,,,,,13/03/2013 Total,,1,3,8326,6629
,,,,,,05/04/2013,$50K - $70K,1,3,3295,7239
,,,,,,05/04/2013 Total,,1,3,3295,7239
,,,,,,08/06/2013,$130K - $150K,1,3,8989,8992
,,,,,,08/06/2013 Total,,1,3,8989,8992
,,,,,,18/07/2013,$70K - $90K,1,3,3406,10093
,,,,,,18/07/2013 Total,,1,3,3406,10093
,,,,,,09/09/2013,$30K - $50K,1,3,1563,11466
,,,,,,09/09/2013 Total,,1,3,1563,11466
,,,,,Mexico Total,,,6,20,29557,49549
,,,,DF Total,,,,6,20,29557,49549
,,,San Andres Total,,,,,6,20,29557,49549
,,,San Diego,CA,USA,03/02/2012,$10K - $30K,1,5,1561,336
,,,,,,03/02/2012 Total,,1,5,1561,336
,,,,,,22/12/2012,$10K - $30K,1,7,3180,4532
,,,,,,22/12/2012 Total,,1,7,3180,4532
,,,,,,15/10/2013,$70K - $90K,1,4,2706,12472
,,,,,,15/10/2013 Total,,1,4,2706,12472
,,,,,,23/11/2013,$30K - $50K,1,5,3654,13546
,,,,,,23/11/2013 Total,,1,5,3654,13546
,,,,,USA Total,,,4,21,11101,30886
,,,,CA Total,,,,4,21,11101,30886
,,,San Diego Total,,,,,4,21,11101,30886
,,,Seattle,WA,USA,17/01/2012,$10K - $30K,1,2,8259,138
,,,,,,17/01/2012 Total,,1,2,8259,138
,,,,,,16/02/2012,$110K - $130K,1,3,6301,483
,,,,,,16/02/2012 Total,,1,3,6301,483
,,,,,,28/02/2012,$10K - $30K,1,6,9437,629
,,,,,,28/02/2012 Total,,1,6,9437,629
,,,,,,06/04/2012,$50K - $70K,1,3,8975,1180
,,,,,,06/04/2012 Total,,1,3,8975,1180
,,,,,,19/06/2012,$10K - $30K,1,3,7479,2141
,,,,,,19/06/2012 Total,,1,3,7479,2141
,,,,,,04/10/2012,$30K - $50K,1,4,1659,3440
,,,,,,04/10/2012 Total,,1,4,1659,3440
,,,,,,01/04/2013,$50K - $70K,1,6,3,7138
,,,,,,01/04/2013 Total,,1,6,3,7138
,,,,,,17/04/2013,$30K - $50K,1,6,5170,7548
,,,,,,17/04/2013 Total,,1,6,5170,7548
,,,,,,27/05/2013,$30K - $50K,1,3,4832,8656
,,,,,,27/05/2013 Total,,1,3,4832,8656
,,,,,,23/07/2013,$110K - $130K,1,4,182,10234
,,,,,,23/07/2013 Total,,1,4,182,10234
,,,,,USA Total,,,10,40,52297,41587
,,,,WA Total,,,,10,40,52297,41587
,,,Seattle Total,,,,,10,40,52297,41587
,,,Spokane,WA,USA,18/08/2012,$10K - $30K,1,6,1310,2874
,,,,,,18/08/2012 Total,,1,6,1310,2874
,,,,,,21/08/2012,$90K - $110K,1,4,2224,2922
,,,,,,21/08/2012 Total,,1,4,2224,2922
,,,,,,24/01/2013,$130K - $150K,1,3,1491,5296
,,,,,,24/01/2013 Total,,1,3,1491,5296
,,,,,,04/04/2013,$70K - $90K,1,5,976,7211
,,,,,,04/04/2013 Total,,1,5,976,7211
,,,,,,12/04/2013,$30K - $50K,1,4,4676,7423
,,,,,,12/04/2013 Total,,1,4,4676,7423
,,,,,,25/05/2013,$10K - $30K,1,5,6912,8598
,,,,,,25/05/2013 Total,,1,5,6912,8598
,,,,,,02/07/2013,$30K - $50K,1,5,4676,9638
,,,,,,02/07/2013 Total,,1,5,4676,9638
,,,,,,29/08/2013,$10K - $30K,1,3,1310,11187
,,,,,,29/08/2013 Total,,1,3,1310,11187
,,,,,,03/09/2013,$70K - $90K,1,5,2587,11319
,,,,,,03/09/2013 Total,,1,5,2587,11319
,,,,,,08/10/2013,$30K - $50K,1,5,9263,12274
,,,,,,08/10/2013 Total,,1,5,9263,12274
,,,,,,25/10/2013,$10K - $30K,1,6,6307,12757
,,,,,,25/10/2013 Total,,1,6,6307,12757
,,,,,,10/11/2013,$10K - $30K,1,5,6307,13223
,,,,,,10/11/2013 Total,,1,5,6307,13223
,,,,,USA Total,,,12,56,48039,104722
,,,,WA Total,,,,12,56,48039,104722
,,,Spokane Total,,,,,12,56,48039,104722
,,,Tacoma,WA,USA,21/02/2012,$90K - $110K,1,4,6001,547
,,,,,,21/02/2012 Total,,1,4,6001,547
,,,,,,20/04/2012,$30K - $50K,1,5,2787,1387
,,,,,,20/04/2012 Total,,1,5,2787,1387
,,,,,,17/09/2012,$30K - $50K,1,3,472,3242
,,,,,,17/09/2012 Total,,1,3,472,3242
,,,,,,01/10/2012,$70K - $90K,1,3,6499,3390
,,,,,,01/10/2012 Total,,1,3,6499,3390
,,,,,,01/01/2013,$70K - $90K,1,2,3716,4743
,,,,,,01/01/2013 Total,,1,2,3716,4743
,,,,,,01/02/2013,$110K - $130K,1,4,5644,5495
,,,,,,01/02/2013 Total,,1,4,5644,5495
,,,,,,02/03/2013,$30K - $50K,1,2,1168,6343
,,,,,,02/03/2013 Total,,1,2,1168,6343
,,,,,,15/03/2013,$90K - $110K,1,5,6001,6693
,,,,,,15/03/2013 Total,,1,5,6001,6693
,,,,,USA Total,,,8,28,32288,31840
,,,,WA Total,,,,8,28,32288,31840
,,,Tacoma Total,,,,,8,28,32288,31840
,,,Vancouver,BC,Canada,22/04/2013,$30K - $50K,1,4,10278,7696
,,,,,,22/04/2013 Total,,1,4,10278,7696
,,,,,,19/08/2013,$30K - $50K,1,2,451,10925
,,,,,,19/08/2013 Total,,1,2,451,10925
,,,,,,22/09/2013,$30K - $50K,1,2,6175,11834
,,,,,,22/09/2013 Total,,1,2,6175,11834
,,,,,Canada Total,,,3,8,16904,30455
,,,,BC Total,,,,3,8,16904,30455
,,,Vancouver Total,,,,,3,8,16904,30455
,,,Victoria,BC,Canada,15/04/2013,$30K - $50K,1,5,9842,7484
,,,,,,15/04/2013 Total,,1,5,9842,7484
,,,,,Canada Total,,,1,5,9842,7484
,,,,BC Total,,,,1,5,9842,7484
,,,Victoria Total,,,,,1,5,9842,7484
,,,Yakima,WA,USA,24/06/2012,$70K - $90K,1,5,2547,2204
,,,,,,24/06/2012 Total,,1,5,2547,2204
,,,,,USA Total,,,1,5,2547,2204
,,,,WA Total,,,,1,5,2547,2204
,,,Yakima Total,,,,,1,5,2547,2204
,,M Total,,,,,,104,423,475860,734295
,,S,Acapulco,Guerrero,Mexico,02/02/2013,$30K - $50K,1,4,5617,5547
,,,,,,02/02/2013 Total,,1,4,5617,5547
,,,,,,08/10/2013,$70K - $90K,1,5,3747,12269
,,,,,,08/10/2013 Total,,1,5,3747,12269
,,,,,Mexico Total,,,2,9,9364,17816
,,,,Guerrero Total,,,,2,9,9364,17816
,,,Acapulco Total,,,,,2,9,9364,17816
,,,Bellingham,WA,USA,13/05/2012,$150K +,1,1,9794,1711
,,,,,,13/05/2012 Total,,1,1,9794,1711
,,,,,,24/06/2012,$130K - $150K,1,2,9651,2207
,,,,,,24/06/2012 Total,,1,2,9651,2207
,,,,,,18/08/2012,$10K - $30K,1,4,9199,2877
,,,,,,18/08/2012 Total,,1,4,9199,2877
,,,,,USA Total,,,3,7,28644,6795
,,,,WA Total,,,,3,7,28644,6795
,,,Bellingham Total,,,,,3,7,28644,6795
,,,Beverly Hills,CA,USA,23/09/2012,$30K - $50K,1,6,5630,3309
,,,,,,23/09/2012 Total,,1,6,5630,3309
,,,,,,28/10/2012,$30K - $50K,1,3,3903,3733
,,,,,,28/10/2012 Total,,1,3,3903,3733
,,,,,,02/11/2012,$70K - $90K,1,3,10065,3793
,,,,,,02/11/2012 Total,,1,3,10065,3793
,,,,,,09/11/2012,$10K - $30K,1,4,2869,3892
,,,,,,09/11/2012 Total,,1,4,2869,3892
,,,,,,01/03/2013,$30K - $50K,1,4,9807,6325
,,,,,,01/03/2013 Total,,1,4,9807,6325
,,,,,,27/05/2013,$30K - $50K,1,4,1133,8658
,,,,,,27/05/2013 Total,,1,4,1133,8658
,,,,,USA Total,,,6,24,33407,29710
,,,,CA Total,,,,6,24,33407,29710
,,,Beverly Hills Total,,,,,6,24,33407,29710
,,,Bremerton,WA,USA,22/02/2012,$70K - $90K,1,5,8202,551
,,,,,,22/02/2012 Total,,1,5,8202,551
,,,,,,28/02/2012,$50K - $70K,1,3,7622,622
,,,,,,28/02/2012 Total,,1,3,7622,622
,,,,,,02/10/2012,$30K - $50K,1,5,3476,3408
,,,,,,02/10/2012 Total,,1,5,3476,3408
,,,,,,31/12/2012,$30K - $50K,1,4,4165,4721
,,,,,,31/12/2012 Total,,1,4,4165,4721
,,,,,,09/01/2013,$30K - $50K,1,3,10033,4925
,,,,,,09/01/2013 Total,,1,3,10033,4925
,,,,,,26/01/2013,$10K - $30K,1,5,3218,5352
,,,,,,26/01/2013 Total,,1,5,3218,5352
,,,,,,18/02/2013,$50K - $70K,1,4,571,6004
,,,,,,18/02/2013 Total,,1,4,571,6004
,,,,,,27/08/2013,$30K - $50K,1,4,1282,11131
,,,,,,27/08/2013 Total,,1,4,1282,11131
,,,,,USA Total,,,8,33,38569,36714
,,,,WA Total,,,,8,33,38569,36714
,,,Bremerton Total,,,,,8,33,38569,36714
,,,Hidalgo,Zacatecas,Mexico,05/02/2013,$30K - $50K,1,3,5148,5633
,,,,,,05/02/2013 Total,,1,3,5148,5633
,,,,,,02/05/2013,$90K - $110K,1,5,1571,7968
,,,,,,02/05/2013 Total,,1,5,1571,7968
,,,,,,27/05/2013,$30K - $50K,1,4,272,8663
,,,,,,27/05/2013 Total,,1,4,272,8663
,,,,,,10/06/2013,$30K - $50K,1,4,5148,9048
,,,,,,10/06/2013 Total,,1,4,5148,9048
,,,,,,08/07/2013,$70K - $90K,1,5,8279,9817
,,,,,,08/07/2013 Total,,1,5,8279,9817
,,,,,,16/07/2013,$10K - $30K,1,4,4731,10025
,,,,,,16/07/2013 Total,,1,4,4731,10025
,,,,,,22/08/2013,$10K - $30K,1,5,5348,11002
,,,,,,22/08/2013 Total,,1,5,5348,11002
,,,,,,11/10/2013,$90K - $110K,1,6,1942,12362
,,,,,,11/10/2013 Total,,1,6,1942,12362
,,,,,,02/11/2013,$90K - $110K,1,3,1571,12978
,,,,,,02/11/2013 Total,,1,3,1571,12978
,,,,,Mexico Total,,,9,39,34010,87496
,,,,Zacatecas Total,,,,9,39,34010,87496
,,,Hidalgo Total,,,,,9,39,34010,87496
,,,Los Angeles,CA,USA,20/02/2012,$10K - $30K,1,5,839,535
,,,,,,20/02/2012 Total,,1,5,839,535
,,,,,,31/03/2012,$10K - $30K,1,4,4186,1100
,,,,,,31/03/2012 Total,,1,4,4186,1100
,,,,,,04/09/2012,$70K - $90K,1,4,5489,3088
,,,,,,04/09/2012 Total,,1,4,5489,3088
,,,,,,21/12/2012,$30K - $50K,1,5,3327,4513
,,,,,,21/12/2012 Total,,1,5,3327,4513
,,,,,,11/01/2013,$30K - $50K,1,4,2770,4988
,,,,,,11/01/2013 Total,,1,4,2770,4988
,,,,,,29/01/2013,$30K - $50K,1,3,669,5433
,,,,,,29/01/2013 Total,,1,3,669,5433
,,,,,,03/07/2013,$150K +,1,4,6849,9663
,,,,,,03/07/2013 Total,,1,4,6849,9663
,,,,,,13/09/2013,$110K - $130K,1,5,1058,11589
,,,,,,13/09/2013 Total,,1,5,1058,11589
,,,,,,16/10/2013,$30K - $50K,1,5,191,12496
,,,,,,16/10/2013 Total,,1,5,191,12496
,,,,,,01/11/2013,$10K - $30K,1,4,1128,12966
,,,,,,01/11/2013 Total,,1,4,1128,12966
,,,,,USA Total,,,10,43,26506,66371
,,,,CA Total,,,,10,43,26506,66371
,,,Los Angeles Total,,,,,10,43,26506,66371
,,,Merida,Yucatan,Mexico,16/01/2013,$50K - $70K,1,5,7315,5104
,,,,,,16/01/2013 Total,,1,5,7315,5104
,,,,,,27/05/2013,$50K - $70K,1,4,7315,8662
,,,,,,27/05/2013 Total,,1,4,7315,8662
,,,,,,14/07/2013,$30K - $50K,1,3,4068,9968
,,,,,,14/07/2013 Total,,1,3,4068,9968
,,,,,,02/08/2013,$30K - $50K,1,3,4285,10463
,,,,,,02/08/2013 Total,,1,3,4285,10463
,,,,,,14/08/2013,$70K - $90K,1,4,10271,10818
,,,,,,14/08/2013 Total,,1,4,10271,10818
,,,,,,11/09/2013,$30K - $50K,1,5,7221,11541
,,,,,,11/09/2013 Total,,1,5,7221,11541
,,,,,Mexico Total,,,6,24,40475,56556
,,,,Yucatan Total,,,,6,24,40475,56556
,,,Merida Total,,,,,6,24,40475,56556
,,,Mexico City,DF,Mexico,17/03/2013,$30K - $50K,1,6,1406,6742
,,,,,,17/03/2013 Total,,1,6,1406,6742
,,,,,Mexico Total,,,1,6,1406,6742
,,,,DF Total,,,,1,6,1406,6742
,,,Mexico City Total,,,,,1,6,1406,6742
,,,Orizaba,Veracruz,Mexico,25/01/2013,$50K - $70K,1,4,8228,5316
,,,,,,25/01/2013 Total,,1,4,8228,5316
,,,,,,12/07/2013,$10K - $30K,1,5,8752,9922
,,,,,,12/07/2013 Total,,1,5,8752,9922
,,,,,,23/10/2013,$30K - $50K,1,2,3602,12707
,,,,,,23/10/2013 Total,,1,2,3602,12707
,,,,,Mexico Total,,,3,11,20582,27945
,,,,Veracruz Total,,,,3,11,20582,27945
,,,Orizaba Total,,,,,3,11,20582,27945
,,,Portland,OR,USA,18/06/2012,$10K - $30K,1,3,1195,2127
,,,,,,18/06/2012 Total,,1,3,1195,2127
,,,,,,19/07/2013,$50K - $70K,1,3,7368,10145
,,,,,,19/07/2013 Total,,1,3,7368,10145
,,,,,,09/08/2013,$30K - $50K,1,3,2039,10664
,,,,,,09/08/2013 Total,,1,3,2039,10664
,,,,,,25/09/2013,$90K - $110K,1,4,226,11924
,,,,,,25/09/2013 Total,,1,4,226,11924
,,,,,,31/10/2013,$30K - $50K,1,5,4847,12928
,,,,,,31/10/2013 Total,,1,5,4847,12928
,,,,,USA Total,,,5,18,15675,47788
,,,,OR Total,,,,5,18,15675,47788
,,,Portland Total,,,,,5,18,15675,47788
,,,Salem,OR,USA,14/03/2012,$10K - $30K,1,4,504,849
,,,,,,14/03/2012 Total,,1,4,504,849
,,,,,,23/04/2012,$10K - $30K,1,3,6288,1434
,,,,,,23/04/2012 Total,,1,3,6288,1434
,,,,,,08/05/2012,$50K - $70K,1,4,5855,1641
,,,,,,08/05/2012 Total,,1,4,5855,1641
,,,,,,04/08/2012,$10K - $30K,1,5,2280,2708
,,,,,,04/08/2012 Total,,1,5,2280,2708
,,,,,,09/08/2012,$50K - $70K,1,3,1706,2767
,,,,,,09/08/2012 Total,,1,3,1706,2767
,,,,,,15/11/2012,$50K - $70K,1,2,6021,3971
,,,,,,15/11/2012 Total,,1,2,6021,3971
,,,,,,14/03/2013,$90K - $110K,1,4,1366,6656
,,,,,,14/03/2013 Total,,1,4,1366,6656
,,,,,,08/06/2013,$50K - $70K,1,6,6522,8979
,,,,,,08/06/2013 Total,,1,6,6522,8979
,,,,,,10/07/2013,$70K - $90K,1,4,2777,9854
,,,,,,10/07/2013 Total,,1,4,2777,9854
,,,,,,05/08/2013,$30K - $50K,1,5,9867,10551
,,,,,,05/08/2013 Total,,1,5,9867,10551
,,,,,USA Total,,,10,40,43186,49410
,,,,OR Total,,,,10,40,43186,49410
,,,Salem Total,,,,,10,40,43186,49410
,,,San Andres,DF,Mexico,10/05/2013,$90K - $110K,1,3,4384,8190
,,,,,,10/05/2013 Total,,1,3,4384,8190
,,,,,,28/05/2013,$70K - $90K,1,4,8462,8691
,,,,,,28/05/2013 Total,,1,4,8462,8691
,,,,,,13/06/2013,$70K - $90K,1,5,2749,9126
,,,,,,13/06/2013 Total,,1,5,2749,9126
,,,,,,18/06/2013,$10K - $30K,1,4,3600,9260
,,,,,,18/06/2013 Total,,1,4,3600,9260
,,,,,,07/07/2013,$70K - $90K,1,3,1487,9779
,,,,,,07/07/2013 Total,,1,3,1487,9779
,,,,,,23/08/2013,$10K - $30K,1,3,2273,11032
,,,,,,23/08/2013 Total,,1,3,2273,11032
,,,,,,12/11/2013,$50K - $70K,1,3,6714,13268
,,,,,,12/11/2013 Total,,1,3,6714,13268
,,,,,Mexico Total,,,7,25,29669,69346
,,,,DF Total,,,,7,25,29669,69346
,,,San Andres Total,,,,,7,25,29669,69346
,,,San Diego,CA,USA,08/03/2012,$30K - $50K,1,4,9481,751
,,,,,,08/03/2012 Total,,1,4,9481,751
,,,,,,28/06/2012,$50K - $70K,1,4,1361,2265
,,,,,,28/06/2012 Total,,1,4,1361,2265
,,,,,,11/03/2013,$10K - $30K,1,6,5908,6577
,,,,,,11/03/2013 Total,,1,6,5908,6577
,,,,,,14/03/2013,$10K - $30K,1,5,5473,6671
,,,,,,14/03/2013 Total,,1,5,5473,6671
,,,,,,26/09/2013,$70K - $90K,1,5,6196,11954
,,,,,,26/09/2013 Total,,1,5,6196,11954
,,,,,,02/10/2013,$10K - $30K,1,3,1317,12134
,,,,,,02/10/2013 Total,,1,3,1317,12134
,,,,,USA Total,,,6,27,29736,40352
,,,,CA Total,,,,6,27,29736,40352
,,,San Diego Total,,,,,6,27,29736,40352
,,,Seattle,WA,USA,15/02/2012,$30K - $50K,1,5,3336,470
,,,,,,15/02/2012 Total,,1,5,3336,470
,,,,,,03/03/2012,$30K - $50K,1,4,7857,684
,,,,,,03/03/2012 Total,,1,4,7857,684
,,,,,,05/03/2012,$50K - $70K,1,3,934,709
,,,,,,05/03/2012 Total,,1,3,934,709
,,,,,,19/05/2012,$10K - $30K,1,5,2343,1767
,,,,,,19/05/2012 Total,,1,5,2343,1767
,,,,,,20/07/2013,$10K - $30K,1,3,9208,10148
,,,,,,20/07/2013 Total,,1,3,9208,10148
,,,,,USA Total,,,5,20,23678,13778
,,,,WA Total,,,,5,20,23678,13778
,,,Seattle Total,,,,,5,20,23678,13778
,,,Spokane,WA,USA,14/12/2012,$10K - $30K,1,4,2448,4405
,,,,,,14/12/2012 Total,,1,4,2448,4405
,,,,,,23/01/2013,$10K - $30K,1,4,9200,5268
,,,,,,23/01/2013 Total,,1,4,9200,5268
,,,,,,15/04/2013,$10K - $30K,1,5,9928,7489
,,,,,,15/04/2013 Total,,1,5,9928,7489
,,,,,,07/05/2013,$10K - $30K,1,2,4094,8126
,,,,,,07/05/2013 Total,,1,2,4094,8126
,,,,,,14/12/2013,$10K - $30K,1,3,4094,13950
,,,,,,14/12/2013 Total,,1,3,4094,13950
,,,,,USA Total,,,5,18,29764,39238
,,,,WA Total,,,,5,18,29764,39238
,,,Spokane Total,,,,,5,18,29764,39238
,,,Tacoma,WA,USA,03/02/2012,$10K - $30K,1,4,3310,342
,,,,,,03/02/2012 Total,,1,4,3310,342
,,,,,,22/07/2012,$30K - $50K,1,4,1245,2555
,,,,,,22/07/2012 Total,,1,4,1245,2555
,,,,,,12/08/2012,$10K - $30K,1,4,8308,2816
,,,,,,12/08/2012 Total,,1,4,8308,2816
,,,,,,10/01/2013,$10K - $30K,1,3,5050,4953
,,,,,,10/01/2013 Total,,1,3,5050,4953
,,,,,,12/06/2013,$50K - $70K,1,4,4445,9104
,,,,,,12/06/2013 Total,,1,4,4445,9104
,,,,,USA Total,,,5,19,22358,19770
,,,,WA Total,,,,5,19,22358,19770
,,,Tacoma Total,,,,,5,19,22358,19770
,,,Vancouver,BC,Canada,19/07/2013,$30K - $50K,1,4,1769,10138
,,,,,,19/07/2013 Total,,1,4,1769,10138
,,,,,Canada Total,,,1,4,1769,10138
,,,,BC Total,,,,1,4,1769,10138
,,,Vancouver Total,,,,,1,4,1769,10138
,,,Victoria,BC,Canada,08/06/2013,$50K - $70K,1,5,4826,8982
,,,,,,08/06/2013 Total,,1,5,4826,8982
,,,,,Canada Total,,,1,5,4826,8982
,,,,BC Total,,,,1,5,4826,8982
,,,Victoria Total,,,,,1,5,4826,8982
,,,Yakima,WA,USA,16/03/2012,$30K - $50K,1,6,6324,863
,,,,,,16/03/2012 Total,,1,6,6324,863
,,,,,,13/03/2013,$50K - $70K,1,3,3197,6631
,,,,,,13/03/2013 Total,,1,3,3197,6631
,,,,,,29/08/2013,$30K - $50K,1,4,6324,11176
,,,,,,29/08/2013 Total,,1,4,6324,11176
,,,,,USA Total,,,3,13,15845,18670
,,,,WA Total,,,,3,13,15845,18670
,,,Yakima Total,,,,,3,13,15845,18670
,,S Total,,,,,,96,385,449469,653617
,F Total,,,,,,,200,808,925329,1387912
,M,M,Acapulco,Guerrero,Mexico,26/05/2013,$130K - $150K,1,4,1948,8621
,,,,,,26/05/2013 Total,,1,4,1948,8621
,,,,,,27/06/2013,$30K - $50K,1,4,6076,9484
,,,,,,27/06/2013 Total,,1,4,6076,9484
,,,,,,08/09/2013,$50K - $70K,1,3,8649,11432
,,,,,,08/09/2013 Total,,1,3,8649,11432
,,,,,Mexico Total,,,3,11,16673,29537
,,,,Guerrero Total,,,,3,11,16673,29537
,,,Acapulco Total,,,,,3,11,16673,29537
,,,Bellingham,WA,USA,19/01/2012,$130K - $150K,1,3,8147,168
,,,,,,19/01/2012 Total,,1,3,8147,168
,,,,,,03/06/2012,$10K - $30K,1,3,6309,1969
,,,,,,03/06/2012 Total,,1,3,6309,1969
,,,,,,07/09/2012,$30K - $50K,1,2,6074,3124
,,,,,,07/09/2012 Total,,1,2,6074,3124
,,,,,USA Total,,,3,8,20530,5261
,,,,WA Total,,,,3,8,20530,5261
,,,Bellingham Total,,,,,3,8,20530,5261
,,,Beverly Hills,CA,USA,01/03/2012,$30K - $50K,1,3,2861,654
,,,,,,01/03/2012 Total,,1,3,2861,654
,,,,,,04/04/2012,$110K - $130K,1,2,8593,1162
,,,,,,04/04/2012 Total,,1,2,8593,1162
,,,,,,08/04/2013,$50K - $70K,1,5,8371,7306
,,,,,,08/04/2013 Total,,1,5,8371,7306
,,,,,,14/09/2013,$30K - $50K,1,3,8709,11621
,,,,,,14/09/2013 Total,,1,3,8709,11621
,,,,,,14/12/2013,$30K - $50K,1,3,2861,13945
,,,,,,14/12/2013 Total,,1,3,2861,13945
,,,,,USA Total,,,5,16,31395,34688
,,,,CA Total,,,,5,16,31395,34688
,,,Beverly Hills Total,,,,,5,16,31395,34688
,,,Bremerton,WA,USA,27/11/2012,$30K - $50K,1,3,1533,4146
,,,,,,27/11/2012 Total,,1,3,1533,4146
,,,,,,21/07/2013,$10K - $30K,1,5,8902,10179
,,,,,,21/07/2013 Total,,1,5,8902,10179
,,,,,,07/12/2013,$70K - $90K,1,5,1622,13848
,,,,,,07/12/2013 Total,,1,5,1622,13848
,,,,,,09/12/2013,$70K - $90K,1,4,4075,13866
,,,,,,09/12/2013 Total,,1,4,4075,13866
,,,,,,19/12/2013,$10K - $30K,1,6,4527,13992
,,,,,,19/12/2013 Total,,1,6,4527,13992
,,,,,USA Total,,,5,23,20659,56031
,,,,WA Total,,,,5,23,20659,56031
,,,Bremerton Total,,,,,5,23,20659,56031
,,,Camacho,Zacatecas,Mexico,01/06/2013,$30K - $50K,1,3,4150,8792
,,,,,,01/06/2013 Total,,1,3,4150,8792
,,,,,Mexico Total,,,1,3,4150,8792
,,,,Zacatecas Total,,,,1,3,4150,8792
,,,Camacho Total,,,,,1,3,4150,8792
,,,Hidalgo,Zacatecas,Mexico,21/03/2013,$110K - $130K,1,3,10002,6838
,,,,,,21/03/2013 Total,,1,3,10002,6838
,,,,,,23/05/2013,$130K - $150K,1,4,7152,8545
,,,,,,23/05/2013 Total,,1,4,7152,8545
,,,,,Mexico Total,,,2,7,17154,15383
,,,,Zacatecas Total,,,,2,7,17154,15383
,,,Hidalgo Total,,,,,2,7,17154,15383
,,,Los Angeles,CA,USA,29/05/2012,$130K - $150K,1,6,10147,1907
,,,,,,29/05/2012 Total,,1,6,10147,1907
,,,,,,22/07/2012,$30K - $50K,1,4,7983,2542
,,,,,,22/07/2012 Total,,1,4,7983,2542
,,,,,,29/08/2012,$30K - $50K,1,5,2976,3010
,,,,,,29/08/2012 Total,,1,5,2976,3010
,,,,,,23/03/2013,$30K - $50K,1,4,3097,6877
,,,,,,23/03/2013 Total,,1,4,3097,6877
,,,,,,08/06/2013,$110K - $130K,1,5,5989,9003
,,,,,,08/06/2013 Total,,1,5,5989,9003
,,,,,,09/09/2013,$90K - $110K,1,6,9239,11487
,,,,,,09/09/2013 Total,,1,6,9239,11487
,,,,,,15/09/2013,$50K - $70K,1,4,3140,11650
,,,,,,15/09/2013 Total,,1,4,3140,11650
,,,,,,23/09/2013,$70K - $90K,1,4,7801,11856
,,,,,,23/09/2013 Total,,1,4,7801,11856
,,,,,,20/10/2013,$70K - $90K,1,5,10192,12617
,,,,,,20/10/2013 Total,,1,5,10192,12617
,,,,,USA Total,,,9,43,60564,70949
,,,,CA Total,,,,9,43,60564,70949
,,,Los Angeles Total,,,,,9,43,60564,70949
,,,Merida,Yucatan,Mexico,20/02/2013,$70K - $90K,1,4,7711,6059
,,,,,,20/02/2013 Total,,1,4,7711,6059
,,,,,Mexico Total,,,1,4,7711,6059
,,,,Yucatan Total,,,,1,4,7711,6059
,,,Merida Total,,,,,1,4,7711,6059
,,,Orizaba,Veracruz,Mexico,10/09/2013,$10K - $30K,1,5,1343,11520
,,,,,,10/09/2013 Total,,1,5,1343,11520
,,,,,Mexico Total,,,1,5,1343,11520
,,,,Veracruz Total,,,,1,5,1343,11520
,,,Orizaba Total,,,,,1,5,1343,11520
,,,Portland,OR,USA,05/02/2012,$110K - $130K,1,5,4268,362
,,,,,,05/02/2012 Total,,1,5,4268,362
,,,,,,06/09/2012,$50K - $70K,1,3,7828,3111
,,,,,,06/09/2012 Total,,1,3,7828,3111
,,,,,,14/11/2012,$30K - $50K,1,4,1582,3958
,,,,,,14/11/2012 Total,,1,4,1582,3958
,,,,,,02/12/2012,$30K - $50K,1,3,9619,4210
,,,,,,02/12/2012 Total,,1,3,9619,4210
,,,,,,10/06/2013,$50K - $70K,1,5,1572,9050
,,,,,,10/06/2013 Total,,1,5,1572,9050
,,,,,,24/12/2013,$30K - $50K,1,6,159,14029
,,,,,,24/12/2013 Total,,1,6,159,14029
,,,,,USA Total,,,6,26,25028,34720
,,,,OR Total,,,,6,26,25028,34720
,,,Portland Total,,,,,6,26,25028,34720
,,,Salem,OR,USA,01/01/2012,$70K - $90K,1,3,7570,38
,,,,,,01/01/2012 Total,,1,3,7570,38
,,,,,,25/03/2012,$50K - $70K,1,3,1347,995
,,,,,,25/03/2012 Total,,1,3,1347,995
,,,,,,27/07/2012,$150K +,1,4,6012,2608
,,,,,,27/07/2012 Total,,1,4,6012,2608
,,,,,,26/10/2012,$50K - $70K,1,5,8619,3704
,,,,,,26/10/2012 Total,,1,5,8619,3704
,,,,,,12/01/2013,$30K - $50K,1,2,9671,4994
,,,,,,12/01/2013 Total,,1,2,9671,4994
,,,,,,15/02/2013,$30K - $50K,1,4,4508,5928
,,,,,,15/02/2013 Total,,1,4,4508,5928
,,,,,USA Total,,,6,21,37727,18267
,,,,OR Total,,,,6,21,37727,18267
,,,Salem Total,,,,,6,21,37727,18267
,,,San Andres,DF,Mexico,26/02/2013,$30K - $50K,1,3,7485,6241
,,,,,,26/02/2013 Total,,1,3,7485,6241
,,,,,,28/05/2013,$50K - $70K,1,3,3542,8690
,,,,,,28/05/2013 Total,,1,3,3542,8690
,,,,,,20/08/2013,$30K - $50K,1,3,2480,10970
,,,,,,20/08/2013 Total,,1,3,2480,10970
,,,,,,22/10/2013,$130K - $150K,1,4,9460,12656
,,,,,,22/10/2013 Total,,1,4,9460,12656
,,,,,,02/11/2013,$30K - $50K,1,4,9292,12987
,,,,,,02/11/2013 Total,,1,4,9292,12987
,,,,,Mexico Total,,,5,17,32259,51544
,,,,DF Total,,,,5,17,32259,51544
,,,San Andres Total,,,,,5,17,32259,51544
,,,San Diego,CA,USA,23/01/2012,$50K - $70K,1,3,9306,206
,,,,,,23/01/2012 Total,,1,3,9306,206
,,,,,,04/01/2013,$30K - $50K,1,4,6353,4817
,,,,,,04/01/2013 Total,,1,4,6353,4817
,,,,,,04/04/2013,$30K - $50K,1,6,7441,7196
,,,,,,04/04/2013 Total,,1,6,7441,7196
,,,,,,19/06/2013,$30K - $50K,1,2,8786,9281
,,,,,,19/06/2013 Total,,1,2,8786,9281
,,,,,USA Total,,,4,15,31886,21500
,,,,CA Total,,,,4,15,31886,21500
,,,San Diego Total,,,,,4,15,31886,21500
,,,San Francisco,CA,USA,18/07/2012,$150K +,1,2,3409,2504
,,,,,,18/07/2012 Total,,1,2,3409,2504
,,,,,,09/08/2012,$30K - $50K,1,3,492,2771
,,,,,,09/08/2012 Total,,1,3,492,2771
,,,,,USA Total,,,2,5,3901,5275
,,,,CA Total,,,,2,5,3901,5275
,,,San Francisco Total,,,,,2,5,3901,5275
,,,Seattle,WA,USA,31/01/2012,$150K +,1,5,6843,289
,,,,,,31/01/2012 Total,,1,5,6843,289
,,,,,,19/02/2012,$130K - $150K,1,5,2132,524
,,,,,,19/02/2012 Total,,1,5,2132,524
,,,,,,23/02/2012,$30K - $50K,1,4,6949,566
,,,,,,23/02/2012 Total,,1,4,6949,566
,,,,,,12/04/2012,$50K - $70K,1,2,4642,1273
,,,,,,12/04/2012 Total,,1,2,4642,1273
,,,,,,24/05/2012,$90K - $110K,1,5,7117,1845
,,,,,,24/05/2012 Total,,1,5,7117,1845
,,,,,,26/05/2012,$50K - $70K,1,3,6186,1856
,,,,,,26/05/2012 Total,,1,3,6186,1856
,,,,,,22/06/2013,$30K - $50K,1,4,9850,9374
,,,,,,22/06/2013 Total,,1,4,9850,9374
,,,,,USA Total,,,7,28,43719,15727
,,,,WA Total,,,,7,28,43719,15727
,,,Seattle Total,,,,,7,28,43719,15727
,,,Spokane,WA,USA,13/01/2012,$30K - $50K,1,5,4021,101
,,,,,,13/01/2012 Total,,1,5,4021,101
,,,,,,06/05/2012,$110K - $130K,1,5,6712,1615
,,,,,,06/05/2012 Total,,1,5,6712,1615
,,,,,,24/11/2012,$10K - $30K,1,6,5432,4102
,,,,,,24/11/2012 Total,,1,6,5432,4102
,,,,,USA Total,,,3,16,16165,5818
,,,,WA Total,,,,3,16,16165,5818
,,,Spokane Total,,,,,3,16,16165,5818
,,,Tacoma,WA,USA,13/09/2012,$30K - $50K,1,5,7514,3192
,,,,,,13/09/2012 Total,,1,5,7514,3192
,,,,,,26/01/2013,$30K - $50K,1,5,1744,5356
,,,,,,26/01/2013 Total,,1,5,1744,5356
,,,,,,23/02/2013,$30K - $50K,1,2,8242,6142
,,,,,,23/02/2013 Total,,1,2,8242,6142
,,,,,,29/03/2013,$10K - $30K,1,4,8414,7035
,,,,,,29/03/2013 Total,,1,4,8414,7035
,,,,,,22/06/2013,$30K - $50K,1,6,8242,9356
,,,,,,22/06/2013 Total,,1,6,8242,9356
,,,,,,30/08/2013,$30K - $50K,1,6,7141,11200
,,,,,,30/08/2013 Total,,1,6,7141,11200
,,,,,,12/09/2013,$10K - $30K,1,4,1185,11555
,,,,,,12/09/2013 Total,,1,4,1185,11555
,,,,,USA Total,,,7,32,42482,53836
,,,,WA Total,,,,7,32,42482,53836
,,,Tacoma Total,,,,,7,32,42482,53836
,,,Vancouver,BC,Canada,02/05/2013,$50K - $70K,1,3,2432,7964
,,,,,,02/05/2013 Total,,1,3,2432,7964
,,,,,,18/05/2013,$30K - $50K,1,5,59,8394
,,,,,,18/05/2013 Total,,1,5,59,8394
,,,,,,01/06/2013,$10K - $30K,1,5,7454,8802
,,,,,,01/06/2013 Total,,1,5,7454,8802
,,,,,,21/11/2013,$70K - $90K,1,5,8964,13495
,,,,,,21/11/2013 Total,,1,5,8964,13495
,,,,,Canada Total,,,4,18,18909,38655
,,,,BC Total,,,,4,18,18909,38655
,,,Vancouver Total,,,,,4,18,18909,38655
,,,Victoria,BC,Canada,20/01/2013,$50K - $70K,1,5,9989,5204
,,,,,,20/01/2013 Total,,1,5,9989,5204
,,,,,,05/06/2013,$70K - $90K,1,5,6508,8905
,,,,,,05/06/2013 Total,,1,5,6508,8905
,,,,,Canada Total,,,2,10,16497,14109
,,,,BC Total,,,,2,10,16497,14109
,,,Victoria Total,,,,,2,10,16497,14109
,,,Walla Walla,WA,USA,02/02/2012,$130K - $150K,1,2,5162,316
,,,,,,02/02/2012 Total,,1,2,5162,316
,,,,,,08/02/2012,$90K - $110K,1,3,6675,398
,,,,,,08/02/2012 Total,,1,3,6675,398
,,,,,USA Total,,,2,5,11837,714
,,,,WA Total,,,,2,5,11837,714
,,,Walla Walla Total,,,,,2,5,11837,714
,,,Yakima,WA,USA,31/12/2012,$70K - $90K,1,5,2011,4720
,,,,,,31/12/2012 Total,,1,5,2011,4720
,,,,,USA Total,,,1,5,2011,4720
,,,,WA Total,,,,1,5,2011,4720
,,,Yakima Total,,,,,1,5,2011,4720
,,M Total,,,,,,79,318,462600,503105
,,S,Acapulco,Guerrero,Mexico,11/01/2013,$90K - $110K,1,4,7588,4980
,,,,,,11/01/2013 Total,,1,4,7588,4980
,,,,,,01/02/2013,$50K - $70K,1,3,8315,5530
,,,,,,01/02/2013 Total,,1,3,8315,5530
,,,,,,09/05/2013,$10K - $30K,1,4,8176,8181
,,,,,,09/05/2013 Total,,1,4,8176,8181
,,,,,,03/06/2013,$10K - $30K,1,4,71,8858
,,,,,,03/06/2013 Total,,1,4,71,8858
,,,,,,07/09/2013,$130K - $150K,1,4,7231,11423
,,,,,,07/09/2013 Total,,1,4,7231,11423
,,,,,,27/09/2013,$70K - $90K,1,5,6048,11987
,,,,,,27/09/2013 Total,,1,5,6048,11987
,,,,,,05/11/2013,$30K - $50K,1,3,2814,13061
,,,,,,05/11/2013 Total,,1,3,2814,13061
,,,,,Mexico Total,,,7,27,40243,64020
,,,,Guerrero Total,,,,7,27,40243,64020
,,,Acapulco Total,,,,,7,27,40243,64020
,,,Bellingham,WA,USA,31/07/2012,$30K - $50K,1,2,5720,2654
,,,,,,31/07/2012 Total,,1,2,5720,2654
,,,,,USA Total,,,1,2,5720,2654
,,,,WA Total,,,,1,2,5720,2654
,,,Bellingham Total,,,,,1,2,5720,2654
,,,Beverly Hills,CA,USA,06/11/2012,$70K - $90K,1,4,5514,3855
,,,,,,06/11/2012 Total,,1,4,5514,3855
,,,,,,16/11/2012,$30K - $50K,1,4,601,3976
,,,,,,16/11/2012 Total,,1,4,601,3976
,,,,,,18/11/2012,$30K - $50K,1,4,1037,4017
,,,,,,18/11/2012 Total,,1,4,1037,4017
,,,,,,25/05/2013,$30K - $50K,1,3,9546,8597
,,,,,,25/05/2013 Total,,1,3,9546,8597
,,,,,,09/08/2013,$10K - $30K,1,5,10210,10660
,,,,,,09/08/2013 Total,,1,5,10210,10660
,,,,,,17/10/2013,$30K - $50K,1,4,7425,12514
,,,,,,17/10/2013 Total,,1,4,7425,12514
,,,,,,23/10/2013,$50K - $70K,1,4,5769,12705
,,,,,,23/10/2013 Total,,1,4,5769,12705
,,,,,USA Total,,,7,28,40102,56324
,,,,CA Total,,,,7,28,40102,56324
,,,Beverly Hills Total,,,,,7,28,40102,56324
,,,Bremerton,WA,USA,04/08/2012,$10K - $30K,1,4,9029,2711
,,,,,,04/08/2012 Total,,1,4,9029,2711
,,,,,,20/09/2012,$30K - $50K,1,3,2689,3285
,,,,,,20/09/2012 Total,,1,3,2689,3285
,,,,,,12/10/2013,$90K - $110K,1,3,9123,12392
,,,,,,12/10/2013 Total,,1,3,9123,12392
,,,,,USA Total,,,3,10,20841,18388
,,,,WA Total,,,,3,10,20841,18388
,,,Bremerton Total,,,,,3,10,20841,18388
,,,Camacho,Zacatecas,Mexico,19/02/2013,$30K - $50K,1,2,3584,6016
,,,,,,19/02/2013 Total,,1,2,3584,6016
,,,,,,17/08/2013,$30K - $50K,1,5,7110,10888
,,,,,,17/08/2013 Total,,1,5,7110,10888
,,,,,Mexico Total,,,2,7,10694,16904
,,,,Zacatecas Total,,,,2,7,10694,16904
,,,Camacho Total,,,,,2,7,10694,16904
,,,Hidalgo,Zacatecas,Mexico,19/04/2013,$30K - $50K,1,5,7239,7588
,,,,,,19/04/2013 Total,,1,5,7239,7588
,,,,,,25/05/2013,$30K - $50K,1,5,5757,8606
,,,,,,25/05/2013 Total,,1,5,5757,8606
,,,,,,27/05/2013,$10K - $30K,1,4,4953,8671
,,,,,,27/05/2013 Total,,1,4,4953,8671
,,,,,,26/07/2013,$30K - $50K,1,5,7261,10302
,,,,,,26/07/2013 Total,,1,5,7261,10302
,,,,,,29/09/2013,$30K - $50K,1,4,2221,12065
,,,,,,29/09/2013 Total,,1,4,2221,12065
,,,,,Mexico Total,,,5,23,27431,47232
,,,,Zacatecas Total,,,,5,23,27431,47232
,,,Hidalgo Total,,,,,5,23,27431,47232
,,,Los Angeles,CA,USA,15/04/2012,$30K - $50K,1,4,8406,1316
,,,,,,15/04/2012 Total,,1,4,8406,1316
,,,,,,21/04/2012,$70K - $90K,1,3,1898,1406
,,,,,,21/04/2012 Total,,1,3,1898,1406
,,,,,,06/05/2012,$50K - $70K,1,3,4861,1620
,,,,,,06/05/2012 Total,,1,3,4861,1620
,,,,,,21/06/2012,$30K - $50K,1,3,9075,2168
,,,,,,21/06/2012 Total,,1,3,9075,2168
,,,,,,01/11/2012,$70K - $90K,1,3,5096,3784
,,,,,,01/11/2012 Total,,1,3,5096,3784
,,,,,,23/03/2013,$70K - $90K,1,5,1601,6889
,,,,,,23/03/2013 Total,,1,5,1601,6889
,,,,,,26/05/2013,$110K - $130K,1,4,1538,8634
,,,,,,26/05/2013 Total,,1,4,1538,8634
,,,,,,18/10/2013,$10K - $30K,1,4,9973,12555
,,,,,,18/10/2013 Total,,1,4,9973,12555
,,,,,,30/10/2013,$50K - $70K,1,6,2218,12907
,,,,,,30/10/2013 Total,,1,6,2218,12907
,,,,,USA Total,,,9,35,44666,51279
,,,,CA Total,,,,9,35,44666,51279
,,,Los Angeles Total,,,,,9,35,44666,51279
,,,Merida,Yucatan,Mexico,04/08/2013,$30K - $50K,1,5,5642,10539
,,,,,,04/08/2013 Total,,1,5,5642,10539
,,,,,,25/09/2013,$70K - $90K,1,4,3864,11936
,,,,,,25/09/2013 Total,,1,4,3864,11936
,,,,,Mexico Total,,,2,9,9506,22475
,,,,Yucatan Total,,,,2,9,9506,22475
,,,Merida Total,,,,,2,9,9506,22475
,,,Mexico City,DF,Mexico,13/10/2013,$50K - $70K,1,6,9484,12402
,,,,,,13/10/2013 Total,,1,6,9484,12402
,,,,,,18/11/2013,$110K - $130K,1,6,9848,13445
,,,,,,18/11/2013 Total,,1,6,9848,13445
,,,,,Mexico Total,,,2,12,19332,25847
,,,,DF Total,,,,2,12,19332,25847
,,,Mexico City Total,,,,,2,12,19332,25847
,,,Portland,OR,USA,07/03/2012,$50K - $70K,1,5,7657,737
,,,,,,07/03/2012 Total,,1,5,7657,737
,,,,,,02/08/2012,$30K - $50K,1,4,5639,2678
,,,,,,02/08/2012 Total,,1,4,5639,2678
,,,,,,02/01/2013,$10K - $30K,1,6,8916,4756
,,,,,,02/01/2013 Total,,1,6,8916,4756
,,,,,,02/09/2013,$50K - $70K,1,3,1848,11296
,,,,,,02/09/2013 Total,,1,3,1848,11296
,,,,,USA Total,,,4,18,24060,19467
,,,,OR Total,,,,4,18,24060,19467
,,,Portland Total,,,,,4,18,24060,19467
,,,Salem,OR,USA,12/02/2012,$110K - $130K,1,4,780,433
,,,,,,12/02/2012 Total,,1,4,780,433
,,,,,,28/02/2012,$50K - $70K,1,5,9401,624
,,,,,,28/02/2012 Total,,1,5,9401,624
,,,,,,07/08/2012,$50K - $70K,1,6,4995,2743
,,,,,,07/08/2012 Total,,1,6,4995,2743
,,,,,,15/11/2012,$10K - $30K,1,4,5206,3967
,,,,,,15/11/2012 Total,,1,4,5206,3967
,,,,,,10/04/2013,$30K - $50K,1,3,2234,7381
,,,,,,10/04/2013 Total,,1,3,2234,7381
,,,,,,29/05/2013,$30K - $50K,1,5,5810,8712
,,,,,,29/05/2013 Total,,1,5,5810,8712
,,,,,,03/06/2013,$30K - $50K,1,6,5593,8857
,,,,,,03/06/2013 Total,,1,6,5593,8857
,,,,,,07/09/2013,$30K - $50K,1,5,10186,11419
,,,,,,07/09/2013 Total,,1,5,10186,11419
,,,,,,15/09/2013,$10K - $30K,1,2,9144,11646
,,,,,,15/09/2013 Total,,1,2,9144,11646
,,,,,USA Total,,,9,40,53349,55782
,,,,OR Total,,,,9,40,53349,55782
,,,Salem Total,,,,,9,40,53349,55782
,,,San Andres,DF,Mexico,02/08/2013,$110K - $130K,1,3,3195,10481
,,,,,,02/08/2013 Total,,1,3,3195,10481
,,,,,,19/08/2013,$10K - $30K,1,6,2826,10921
,,,,,,19/08/2013 Total,,1,6,2826,10921
,,,,,,12/10/2013,$10K - $30K,1,4,9241,12396
,,,,,,12/10/2013 Total,,1,4,9241,12396
,,,,,Mexico Total,,,3,13,15262,33798
,,,,DF Total,,,,3,13,15262,33798
,,,San Andres Total,,,,,3,13,15262,33798
,,,San Diego,CA,USA,07/02/2013,$110K - $130K,1,5,5631,5695
,,,,,,07/02/2013 Total,,1,5,5631,5695
,,,,,,22/09/2013,$10K - $30K,1,5,9058,11823
,,,,,,22/09/2013 Total,,1,5,9058,11823
,,,,,USA Total,,,2,10,14689,17518
,,,,CA Total,,,,2,10,14689,17518
,,,San Diego Total,,,,,2,10,14689,17518
,,,Seattle,WA,USA,07/02/2012,$30K - $50K,1,2,3415,389
,,,,,,07/02/2012 Total,,1,2,3415,389
,,,,,,18/05/2012,$30K - $50K,1,5,3098,1760
,,,,,,18/05/2012 Total,,1,5,3098,1760
,,,,,,07/07/2012,$50K - $70K,1,6,771,2359
,,,,,,07/07/2012 Total,,1,6,771,2359
,,,,,,26/03/2013,$30K - $50K,1,4,6171,6955
,,,,,,26/03/2013 Total,,1,4,6171,6955
,,,,,,06/11/2013,$10K - $30K,1,5,127,13091
,,,,,,06/11/2013 Total,,1,5,127,13091
,,,,,,01/12/2013,$10K - $30K,1,4,7797,13749
,,,,,,01/12/2013 Total,,1,4,7797,13749
,,,,,USA Total,,,6,26,21379,38303
,,,,WA Total,,,,6,26,21379,38303
,,,Seattle Total,,,,,6,26,21379,38303
,,,Spokane,WA,USA,03/03/2012,$70K - $90K,1,5,3692,681
,,,,,,03/03/2012 Total,,1,5,3692,681
,,,,,,25/11/2012,$70K - $90K,1,6,8351,4119
,,,,,,25/11/2012 Total,,1,6,8351,4119
,,,,,,29/11/2012,$10K - $30K,1,6,7502,4169
,,,,,,29/11/2012 Total,,1,6,7502,4169
,,,,,,30/12/2012,$70K - $90K,1,3,3692,4682
,,,,,,30/12/2012 Total,,1,3,3692,4682
,,,,,,23/03/2013,$90K - $110K,1,4,430,6875
,,,,,,23/03/2013 Total,,1,4,430,6875
,,,,,,11/08/2013,$130K - $150K,1,5,1850,10703
,,,,,,11/08/2013 Total,,1,5,1850,10703
,,,,,USA Total,,,6,29,25517,31229
,,,,WA Total,,,,6,29,25517,31229
,,,Spokane Total,,,,,6,29,25517,31229
,,,Tacoma,WA,USA,06/05/2012,$90K - $110K,1,5,6854,1622
,,,,,,06/05/2012 Total,,1,5,6854,1622
,,,,,,15/09/2012,$50K - $70K,1,5,1874,3217
,,,,,,15/09/2012 Total,,1,5,1874,3217
,,,,,,05/03/2013,$10K - $30K,1,3,5820,6424
,,,,,,05/03/2013 Total,,1,3,5820,6424
,,,,,,24/05/2013,$90K - $110K,1,5,636,8576
,,,,,,24/05/2013 Total,,1,5,636,8576
,,,,,,31/05/2013,$10K - $30K,1,6,5877,8779
,,,,,,31/05/2013 Total,,1,6,5877,8779
,,,,,,12/06/2013,$130K - $150K,1,6,1328,9095
,,,,,,12/06/2013 Total,,1,6,1328,9095
,,,,,,04/11/2013,$10K - $30K,1,5,5143,13042
,,,,,,04/11/2013 Total,,1,5,5143,13042
,,,,,USA Total,,,7,35,27532,50755
,,,,WA Total,,,,7,35,27532,50755
,,,Tacoma Total,,,,,7,35,27532,50755
,,,Vancouver,BC,Canada,01/09/2013,$130K - $150K,1,6,2840,11271
,,,,,,01/09/2013 Total,,1,6,2840,11271
,,,,,,07/09/2013,$70K - $90K,1,5,7166,11411
,,,,,,07/09/2013 Total,,1,5,7166,11411
,,,,,,27/09/2013,$70K - $90K,1,6,4409,12005
,,,,,,27/09/2013 Total,,1,6,4409,12005
,,,,,,16/10/2013,$10K - $30K,1,4,7087,12502
,,,,,,16/10/2013 Total,,1,4,7087,12502
,,,,,,24/10/2013,$90K - $110K,1,2,5830,12724
,,,,,,24/10/2013 Total,,1,2,5830,12724
,,,,,Canada Total,,,5,23,27332,59913
,,,,BC Total,,,,5,23,27332,59913
,,,Vancouver Total,,,,,5,23,27332,59913
,,,Victoria,BC,Canada,09/03/2013,$70K - $90K,1,4,5017,6538
,,,,,,09/03/2013 Total,,1,4,5017,6538
,,,,,,03/06/2013,$10K - $30K,1,6,7675,8847
,,,,,,03/06/2013 Total,,1,6,7675,8847
,,,,,Canada Total,,,2,10,12692,15385
,,,,BC Total,,,,2,10,12692,15385
,,,Victoria Total,,,,,2,10,12692,15385
,,,Walla Walla,WA,USA,13/05/2012,$130K - $150K,1,3,1696,1705
,,,,,,13/05/2012 Total,,1,3,1696,1705
,,,,,USA Total,,,1,3,1696,1705
,,,,WA Total,,,,1,3,1696,1705
,,,Walla Walla Total,,,,,1,3,1696,1705
,,,Yakima,WA,USA,10/05/2012,$130K - $150K,1,4,8946,1668
,,,,,,10/05/2012 Total,,1,4,8946,1668
,,,,,,19/05/2012,$50K - $70K,1,3,7276,1776
,,,,,,19/05/2012 Total,,1,3,7276,1776
,,,,,,01/10/2013,$70K - $90K,1,5,4985,12085
,,,,,,01/10/2013 Total,,1,5,4985,12085
,,,,,USA Total,,,3,12,21207,15529
,,,,WA Total,,,,3,12,21207,15529
,,,Yakima Total,,,,,3,12,21207,15529
,,S Total,,,,,,86,372,463250,644507
,M Total,,,,,,,165,690,925850,1147612
Bathroom Products Total,,,,,,,,365,1498,1851179,2535524
Beer and Wine,F,M,Acapulco,Guerrero,Mexico,03/09/2013,$30K - $50K,1,6,1553,11305
,,,,,,03/09/2013 Total,,1,6,1553,11305
,,,,,,29/09/2013,$30K - $50K,1,6,1788,12048
,,,,,,29/09/2013 Total,,1,6,1788,12048
,,,,,,01/10/2013,$10K - $30K,1,3,1014,12107
,,,,,,01/10/2013 Total,,1,3,1014,12107
,,,,,,12/10/2013,$10K - $30K,1,4,9574,12391
,,,,,,12/10/2013 Total,,1,4,9574,12391
,,,,,,09/12/2013,$10K - $30K,1,6,9425,13870
,,,,,,09/12/2013 Total,,1,6,9425,13870
,,,,,Mexico Total,,,5,25,23354,61721
,,,,Guerrero Total,,,,5,25,23354,61721
,,,Acapulco Total,,,,,5,25,23354,61721
,,,Beverly Hills,CA,USA,09/10/2012,$130K - $150K,1,7,296,3515
,,,,,,09/10/2012 Total,,1,7,296,3515
,,,,,,22/10/2012,$70K - $90K,1,4,2876,3661
,,,,,,22/10/2012 Total,,1,4,2876,3661
,,,,,,04/11/2012,$10K - $30K,1,5,8730,3837
,,,,,,04/11/2012 Total,,1,5,8730,3837
,,,,,,12/01/2013,$30K - $50K,1,5,7267,4996
,,,,,,12/01/2013 Total,,1,5,7267,4996
,,,,,,13/08/2013,$110K - $130K,1,4,3702,10787
,,,,,,13/08/2013 Total,,1,4,3702,10787
,,,,,USA Total,,,5,25,22871,26796
,,,,CA Total,,,,5,25,22871,26796
,,,Beverly Hills Total,,,,,5,25,22871,26796
,,,Bremerton,WA,USA,19/03/2012,$30K - $50K,1,4,2756,914
,,,,,,19/03/2012 Total,,1,4,2756,914
,,,,,,27/11/2012,$30K - $50K,1,4,2756,4139
,,,,,,27/11/2012 Total,,1,4,2756,4139
,,,,,,12/12/2012,$10K - $30K,1,4,7056,4380
,,,,,,12/12/2012 Total,,1,4,7056,4380
,,,,,,22/02/2013,$30K - $50K,1,3,2878,6127
,,,,,,22/02/2013 Total,,1,3,2878,6127
,,,,,USA Total,,,4,15,15446,15560
,,,,WA Total,,,,4,15,15446,15560
,,,Bremerton Total,,,,,4,15,15446,15560
,,,Camacho,Zacatecas,Mexico,25/02/2013,$30K - $50K,1,2,7128,6202
,,,,,,25/02/2013 Total,,1,2,7128,6202
,,,,,,22/06/2013,$90K - $110K,1,3,7946,9378
,,,,,,22/06/2013 Total,,1,3,7946,9378
,,,,,Mexico Total,,,2,5,15074,15580
,,,,Zacatecas Total,,,,2,5,15074,15580
,,,Camacho Total,,,,,2,5,15074,15580
,,,Guadalajara,Jalisco,Mexico,04/11/2013,$130K - $150K,1,4,2984,13052
,,,,,,04/11/2013 Total,,1,4,2984,13052
,,,,,Mexico Total,,,1,4,2984,13052
,,,,Jalisco Total,,,,1,4,2984,13052
,,,Guadalajara Total,,,,,1,4,2984,13052
,,,Hidalgo,Zacatecas,Mexico,21/02/2013,$70K - $90K,1,4,7977,6080
,,,,,,21/02/2013 Total,,1,4,7977,6080
,,,,,,15/03/2013,$30K - $50K,1,5,7134,6692
,,,,,,15/03/2013 Total,,1,5,7134,6692
,,,,,,04/04/2013,$50K - $70K,1,5,4780,7204
,,,,,,04/04/2013 Total,,1,5,4780,7204
,,,,,,07/04/2013,$70K - $90K,1,4,7977,7282
,,,,,,07/04/2013 Total,,1,4,7977,7282
,,,,,,12/05/2013,$70K - $90K,1,5,8355,8254
,,,,,,12/05/2013 Total,,1,5,8355,8254
,,,,,,08/06/2013,$30K - $50K,1,4,7134,8994
,,,,,,08/06/2013 Total,,1,4,7134,8994
,,,,,,24/06/2013,$30K - $50K,1,3,4620,9425
,,,,,,24/06/2013 Total,,1,3,4620,9425
,,,,,,30/06/2013,$70K - $90K,1,6,4226,9574
,,,,,,30/06/2013 Total,,1,6,4226,9574
,,,,,,11/07/2013,$70K - $90K,1,6,4226,9899
,,,,,,11/07/2013 Total,,1,6,4226,9899
,,,,,,04/08/2013,$70K - $90K,1,3,8355,10544
,,,,,,04/08/2013 Total,,1,3,8355,10544
,,,,,,20/08/2013,$30K - $50K,1,2,3390,10948
,,,,,,20/08/2013 Total,,1,2,3390,10948
,,,,,Mexico Total,,,11,47,68174,94896
,,,,Zacatecas Total,,,,11,47,68174,94896
,,,Hidalgo Total,,,,,11,47,68174,94896
,,,Los Angeles,CA,USA,28/01/2012,$30K - $50K,1,6,2890,252
,,,,,,28/01/2012 Total,,1,6,2890,252
,,,,,,18/03/2013,$50K - $70K,1,4,6299,6766
,,,,,,18/03/2013 Total,,1,4,6299,6766
,,,,,,31/07/2013,$10K - $30K,1,3,7584,10430
,,,,,,31/07/2013 Total,,1,3,7584,10430
,,,,,,21/08/2013,$30K - $50K,1,3,5623,10983
,,,,,,21/08/2013 Total,,1,3,5623,10983
,,,,,,28/10/2013,$10K - $30K,1,3,8766,12850
,,,,,,28/10/2013 Total,,1,3,8766,12850
,,,,,USA Total,,,5,19,31162,41281
,,,,CA Total,,,,5,19,31162,41281
,,,Los Angeles Total,,,,,5,19,31162,41281
,,,Merida,Yucatan,Mexico,27/01/2013,$30K - $50K,1,5,3753,5383
,,,,,,27/01/2013 Total,,1,5,3753,5383
,,,,,,20/07/2013,$110K - $130K,1,6,9790,10154
,,,,,,20/07/2013 Total,,1,6,9790,10154
,,,,,,12/08/2013,$10K - $30K,1,3,1753,10745
,,,,,,12/08/2013 Total,,1,3,1753,10745
,,,,,Mexico Total,,,3,14,15296,26282
,,,,Yucatan Total,,,,3,14,15296,26282
,,,Merida Total,,,,,3,14,15296,26282
,,,Orizaba,Veracruz,Mexico,27/12/2012,$50K - $70K,1,5,2862,4634
,,,,,,27/12/2012 Total,,1,5,2862,4634
,,,,,,27/06/2013,$30K - $50K,1,4,3601,9483
,,,,,,27/06/2013 Total,,1,4,3601,9483
,,,,,,28/06/2013,$10K - $30K,1,4,9037,9526
,,,,,,28/06/2013 Total,,1,4,9037,9526
,,,,,,07/07/2013,$50K - $70K,1,5,9743,9783
,,,,,,07/07/2013 Total,,1,5,9743,9783
,,,,,,26/09/2013,$30K - $50K,1,6,4284,11947
,,,,,,26/09/2013 Total,,1,6,4284,11947
,,,,,Mexico Total,,,5,24,29527,45373
,,,,Veracruz Total,,,,5,24,29527,45373
,,,Orizaba Total,,,,,5,24,29527,45373
,,,Portland,OR,USA,26/01/2012,$10K - $30K,1,4,7617,229
,,,,,,26/01/2012 Total,,1,4,7617,229
,,,,,,07/05/2012,$30K - $50K,1,4,3293,1636
,,,,,,07/05/2012 Total,,1,4,3293,1636
,,,,,,26/07/2012,$110K - $130K,1,4,1244,2596
,,,,,,26/07/2012 Total,,1,4,1244,2596
,,,,,,28/10/2012,$30K - $50K,1,5,9115,3736
,,,,,,28/10/2012 Total,,1,5,9115,3736
,,,,,,15/01/2013,$30K - $50K,1,5,7209,5063
,,,,,,15/01/2013 Total,,1,5,7209,5063
,,,,,,25/08/2013,$30K - $50K,1,5,9115,11099
,,,,,,25/08/2013 Total,,1,5,9115,11099
,,,,,,09/10/2013,$50K - $70K,1,4,5340,12298
,,,,,,09/10/2013 Total,,1,4,5340,12298
,,,,,,23/11/2013,$50K - $70K,1,6,7331,13552
,,,,,,23/11/2013 Total,,1,6,7331,13552
,,,,,USA Total,,,8,37,50264,50209
,,,,OR Total,,,,8,37,50264,50209
,,,Portland Total,,,,,8,37,50264,50209
,,,Salem,OR,USA,26/05/2012,$10K - $30K,1,6,1524,1860
,,,,,,26/05/2012 Total,,1,6,1524,1860
,,,,,,15/10/2012,$90K - $110K,1,4,8439,3590
,,,,,,15/10/2012 Total,,1,4,8439,3590
,,,,,,04/12/2012,$50K - $70K,1,4,7641,4248
,,,,,,04/12/2012 Total,,1,4,7641,4248
,,,,,,16/04/2013,$30K - $50K,1,3,7940,7523
,,,,,,16/04/2013 Total,,1,3,7940,7523
,,,,,,01/05/2013,$10K - $30K,1,5,9871,7936
,,,,,,01/05/2013 Total,,1,5,9871,7936
,,,,,,05/09/2013,$70K - $90K,1,7,1681,11361
,,,,,,05/09/2013 Total,,1,7,1681,11361
,,,,,USA Total,,,6,29,37096,36518
,,,,OR Total,,,,6,29,37096,36518
,,,Salem Total,,,,,6,29,37096,36518
,,,San Andres,DF,Mexico,09/10/2013,$10K - $30K,1,5,2176,12320
,,,,,,09/10/2013 Total,,1,5,2176,12320
,,,,,,07/11/2013,$70K - $90K,1,5,2070,13124
,,,,,,07/11/2013 Total,,1,5,2070,13124
,,,,,Mexico Total,,,2,10,4246,25444
,,,,DF Total,,,,2,10,4246,25444
,,,San Andres Total,,,,,2,10,4246,25444
,,,San Diego,CA,USA,29/12/2011,$30K - $50K,1,4,3386,25
,,,,,,29/12/2011 Total,,1,4,3386,25
,,,,,,11/04/2012,$30K - $50K,1,6,5313,1246
,,,,,,11/04/2012 Total,,1,6,5313,1246
,,,,,,14/04/2012,$10K - $30K,1,3,8993,1288
,,,,,,14/04/2012 Total,,1,3,8993,1288
,,,,,,27/05/2012,$10K - $30K,1,5,8062,1875
,,,,,,27/05/2012 Total,,1,5,8062,1875
,,,,,,24/06/2012,$10K - $30K,1,6,1146,2213
,,,,,,24/06/2012 Total,,1,6,1146,2213
,,,,,,10/09/2012,$10K - $30K,1,6,8041,3150
,,,,,,10/09/2012 Total,,1,6,8041,3150
,,,,,,07/01/2013,$10K - $30K,1,5,8153,4879
,,,,,,07/01/2013 Total,,1,5,8153,4879
,,,,,,29/01/2013,$10K - $30K,1,3,4051,5421
,,,,,,29/01/2013 Total,,1,3,4051,5421
,,,,,,17/02/2013,$10K - $30K,1,3,8993,5960
,,,,,,17/02/2013 Total,,1,3,8993,5960
,,,,,,24/08/2013,$30K - $50K,1,5,5313,11063
,,,,,,24/08/2013 Total,,1,5,5313,11063
,,,,,,15/10/2013,$50K - $70K,1,4,3756,12473
,,,,,,15/10/2013 Total,,1,4,3756,12473
,,,,,,09/11/2013,$30K - $50K,1,3,3794,13172
,,,,,,09/11/2013 Total,,1,3,3794,13172
,,,,,USA Total,,,12,53,69001,62765
,,,,CA Total,,,,12,53,69001,62765
,,,San Diego Total,,,,,12,53,69001,62765
,,,San Francisco,CA,USA,31/05/2012,$30K - $50K,1,2,2185,1931
,,,,,,31/05/2012 Total,,1,2,2185,1931
,,,,,USA Total,,,1,2,2185,1931
,,,,CA Total,,,,1,2,2185,1931
,,,San Francisco Total,,,,,1,2,2185,1931
,,,Seattle,WA,USA,01/02/2012,$30K - $50K,1,3,745,299
,,,,,,01/02/2012 Total,,1,3,745,299
,,,,,,13/04/2012,$10K - $30K,1,2,3250,1278
,,,,,,13/04/2012 Total,,1,2,3250,1278
,,,,,,12/12/2012,$10K - $30K,1,3,4434,4377
,,,,,,12/12/2012 Total,,1,3,4434,4377
,,,,,,08/01/2013,$30K - $50K,1,2,1659,4904
,,,,,,08/01/2013 Total,,1,2,1659,4904
,,,,,,05/05/2013,$10K - $30K,1,5,6864,8041
,,,,,,05/05/2013 Total,,1,5,6864,8041
,,,,,,25/06/2013,$30K - $50K,1,3,2693,9448
,,,,,,25/06/2013 Total,,1,3,2693,9448
,,,,,,23/09/2013,$50K - $70K,1,3,9254,11881
,,,,,,23/09/2013 Total,,1,3,9254,11881
,,,,,,04/10/2013,$30K - $50K,1,5,4815,12161
,,,,,,04/10/2013 Total,,1,5,4815,12161
,,,,,,31/10/2013,$30K - $50K,1,4,5871,12931
,,,,,,31/10/2013 Total,,1,4,5871,12931
,,,,,,13/12/2013,$10K - $30K,1,5,3989,13935
,,,,,,13/12/2013 Total,,1,5,3989,13935
,,,,,USA Total,,,10,35,43574,79255
,,,,WA Total,,,,10,35,43574,79255
,,,Seattle Total,,,,,10,35,43574,79255
,,,Spokane,WA,USA,03/05/2012,$130K - $150K,1,5,1491,1560
,,,,,,03/05/2012 Total,,1,5,1491,1560
,,,,,,19/08/2013,$150K +,1,4,4727,10940
,,,,,,19/08/2013 Total,,1,4,4727,10940
,,,,,,23/11/2013,$10K - $30K,1,4,1310,13570
,,,,,,23/11/2013 Total,,1,4,1310,13570
,,,,,USA Total,,,3,13,7528,26070
,,,,WA Total,,,,3,13,7528,26070
,,,Spokane Total,,,,,3,13,7528,26070
,,,Tacoma,WA,USA,03/04/2012,$70K - $90K,1,5,6554,1139
,,,,,,03/04/2012 Total,,1,5,6554,1139
,,,,,,14/04/2012,$70K - $90K,1,6,8435,1296
,,,,,,14/04/2012 Total,,1,6,8435,1296
,,,,,,19/05/2012,$50K - $70K,1,5,7607,1774
,,,,,,19/05/2012 Total,,1,5,7607,1774
,,,,,,31/08/2012,$50K - $70K,1,3,7529,3029
,,,,,,31/08/2012 Total,,1,3,7529,3029
,,,,,,29/09/2012,$10K - $30K,1,4,9997,3372
,,,,,,29/09/2012 Total,,1,4,9997,3372
,,,,,,01/12/2012,$30K - $50K,1,5,1004,4194
,,,,,,01/12/2012 Total,,1,5,1004,4194
,,,,,,05/02/2013,$70K - $90K,1,4,8435,5639
,,,,,,05/02/2013 Total,,1,4,8435,5639
,,,,,,13/03/2013,$70K - $90K,1,3,7281,6633
,,,,,,13/03/2013 Total,,1,3,7281,6633
,,,,,,19/06/2013,$50K - $70K,1,5,1607,9295
,,,,,,19/06/2013 Total,,1,5,1607,9295
,,,,,,27/06/2013,$10K - $30K,1,5,8551,9493
,,,,,,27/06/2013 Total,,1,5,8551,9493
,,,,,USA Total,,,10,45,67000,45864
,,,,WA Total,,,,10,45,67000,45864
,,,Tacoma Total,,,,,10,45,67000,45864
,,,Vancouver,BC,Canada,03/01/2013,$30K - $50K,1,3,4501,4790
,,,,,,03/01/2013 Total,,1,3,4501,4790
,,,,,,18/05/2013,$130K - $150K,1,5,8376,8387
,,,,,,18/05/2013 Total,,1,5,8376,8387
,,,,,,31/05/2013,$30K - $50K,1,6,4661,8759
,,,,,,31/05/2013 Total,,1,6,4661,8759
,,,,,,23/07/2013,$70K - $90K,1,4,1620,10229
,,,,,,23/07/2013 Total,,1,4,1620,10229
,,,,,,23/09/2013,$30K - $50K,1,6,414,11885
,,,,,,23/09/2013 Total,,1,6,414,11885
,,,,,Canada Total,,,5,24,19572,44050
,,,,BC Total,,,,5,24,19572,44050
,,,Vancouver Total,,,,,5,24,19572,44050
,,,Victoria,BC,Canada,12/11/2013,$50K - $70K,1,4,1782,13273
,,,,,,12/11/2013 Total,,1,4,1782,13273
,,,,,Canada Total,,,1,4,1782,13273
,,,,BC Total,,,,1,4,1782,13273
,,,Victoria Total,,,,,1,4,1782,13273
,,,Walla Walla,WA,USA,28/10/2013,$10K - $30K,1,2,5555,12830
,,,,,,28/10/2013 Total,,1,2,5555,12830
,,,,,USA Total,,,1,2,5555,12830
,,,,WA Total,,,,1,2,5555,12830
,,,Walla Walla Total,,,,,1,2,5555,12830
,,,Yakima,WA,USA,13/05/2012,$90K - $110K,1,4,8577,1704
,,,,,,13/05/2012 Total,,1,4,8577,1704
,,,,,,08/08/2012,$70K - $90K,1,5,2547,2758
,,,,,,08/08/2012 Total,,1,5,2547,2758
,,,,,USA Total,,,2,9,11124,4462
,,,,WA Total,,,,2,9,11124,4462
,,,Yakima Total,,,,,2,9,11124,4462
,,M Total,,,,,,102,441,542815,743212
,,S,Acapulco,Guerrero,Mexico,01/04/2013,$70K - $90K,1,6,3747,7135
,,,,,,01/04/2013 Total,,1,6,3747,7135
,,,,,,08/04/2013,$30K - $50K,1,3,8294,7328
,,,,,,08/04/2013 Total,,1,3,8294,7328
,,,,,,01/05/2013,$30K - $50K,1,4,7424,7940
,,,,,,01/05/2013 Total,,1,4,7424,7940
,,,,,,29/06/2013,$10K - $30K,1,5,6358,9557
,,,,,,29/06/2013 Total,,1,5,6358,9557
,,,,,,11/08/2013,$30K - $50K,1,3,7734,10715
,,,,,,11/08/2013 Total,,1,3,7734,10715
,,,,,,08/09/2013,$50K - $70K,1,4,8704,11450
,,,,,,08/09/2013 Total,,1,4,8704,11450
,,,,,Mexico Total,,,6,25,42261,54125
,,,,Guerrero Total,,,,6,25,42261,54125
,,,Acapulco Total,,,,,6,25,42261,54125
,,,Bellingham,WA,USA,28/05/2013,$30K - $50K,1,2,1796,8704
,,,,,,28/05/2013 Total,,1,2,1796,8704
,,,,,,04/07/2013,$30K - $50K,1,2,1503,9669
,,,,,,04/07/2013 Total,,1,2,1503,9669
,,,,,USA Total,,,2,4,3299,18373
,,,,WA Total,,,,2,4,3299,18373
,,,Bellingham Total,,,,,2,4,3299,18373
,,,Beverly Hills,CA,USA,02/03/2012,$30K - $50K,1,5,9855,659
,,,,,,02/03/2012 Total,,1,5,9855,659
,,,,,,20/04/2012,$30K - $50K,1,5,9679,1398
,,,,,,20/04/2012 Total,,1,5,9679,1398
,,,,,,01/10/2012,$10K - $30K,1,2,7487,3387
,,,,,,01/10/2012 Total,,1,2,7487,3387
,,,,,,15/12/2012,$50K - $70K,1,3,3116,4415
,,,,,,15/12/2012 Total,,1,3,3116,4415
,,,,,,18/02/2013,$30K - $50K,1,2,1414,6003
,,,,,,18/02/2013 Total,,1,2,1414,6003
,,,,,,12/03/2013,$30K - $50K,1,2,5974,6607
,,,,,,12/03/2013 Total,,1,2,5974,6607
,,,,,,12/04/2013,$30K - $50K,1,4,5401,7424
,,,,,,12/04/2013 Total,,1,4,5401,7424
,,,,,,27/05/2013,$10K - $30K,1,2,1599,8673
,,,,,,27/05/2013 Total,,1,2,1599,8673
,,,,,USA Total,,,8,25,44525,38566
,,,,CA Total,,,,8,25,44525,38566
,,,Beverly Hills Total,,,,,8,25,44525,38566
,,,Bremerton,WA,USA,25/08/2013,$30K - $50K,1,4,10033,11078
,,,,,,25/08/2013 Total,,1,4,10033,11078
,,,,,,16/11/2013,$70K - $90K,1,5,8202,13389
,,,,,,16/11/2013 Total,,1,5,8202,13389
,,,,,USA Total,,,2,9,18235,24467
,,,,WA Total,,,,2,9,18235,24467
,,,Bremerton Total,,,,,2,9,18235,24467
,,,Camacho,Zacatecas,Mexico,14/03/2013,$70K - $90K,1,5,7121,6670
,,,,,,14/03/2013 Total,,1,5,7121,6670
,,,,,,17/08/2013,$10K - $30K,1,4,5294,10887
,,,,,,17/08/2013 Total,,1,4,5294,10887
,,,,,Mexico Total,,,2,9,12415,17557
,,,,Zacatecas Total,,,,2,9,12415,17557
,,,Camacho Total,,,,,2,9,12415,17557
,,,Hidalgo,Zacatecas,Mexico,23/02/2013,$90K - $110K,1,6,6527,6162
,,,,,,23/02/2013 Total,,1,6,6527,6162
,,,,,,12/03/2013,$30K - $50K,1,5,272,6604
,,,,,,12/03/2013 Total,,1,5,272,6604
,,,,,,28/05/2013,$30K - $50K,1,4,272,8688
,,,,,,28/05/2013 Total,,1,4,272,8688
,,,,,,25/07/2013,$30K - $50K,1,3,7016,10279
,,,,,,25/07/2013 Total,,1,3,7016,10279
,,,,,,29/07/2013,$70K - $90K,1,4,4325,10394
,,,,,,29/07/2013 Total,,1,4,4325,10394
,,,,,,25/08/2013,$30K - $50K,1,2,7016,11085
,,,,,,25/08/2013 Total,,1,2,7016,11085
,,,,,,31/08/2013,$50K - $70K,1,3,4914,11248
,,,,,,31/08/2013 Total,,1,3,4914,11248
,,,,,,17/10/2013,$30K - $50K,1,5,1284,12524
,,,,,,17/10/2013 Total,,1,5,1284,12524
,,,,,Mexico Total,,,8,32,31626,76984
,,,,Zacatecas Total,,,,8,32,31626,76984
,,,Hidalgo Total,,,,,8,32,31626,76984
,,,Los Angeles,CA,USA,28/01/2012,$50K - $70K,1,4,7352,253
,,,,,,28/01/2012 Total,,1,4,7352,253
,,,,,,03/09/2012,$30K - $50K,1,3,5887,3070
,,,,,,03/09/2012 Total,,1,3,5887,3070
,,,,,,15/11/2012,$50K - $70K,1,4,417,3963
,,,,,,15/11/2012 Total,,1,4,417,3963
,,,,,,08/01/2013,$30K - $50K,1,5,4357,4896
,,,,,,08/01/2013 Total,,1,5,4357,4896
,,,,,,14/08/2013,$130K - $150K,1,6,2788,10803
,,,,,,14/08/2013 Total,,1,6,2788,10803
,,,,,USA Total,,,5,22,20801,22985
,,,,CA Total,,,,5,22,20801,22985
,,,Los Angeles Total,,,,,5,22,20801,22985
,,,Merida,Yucatan,Mexico,30/10/2013,$30K - $50K,1,3,5512,12903
,,,,,,30/10/2013 Total,,1,3,5512,12903
,,,,,,03/12/2013,$90K - $110K,1,3,1050,13780
,,,,,,03/12/2013 Total,,1,3,1050,13780
,,,,,Mexico Total,,,2,6,6562,26683
,,,,Yucatan Total,,,,2,6,6562,26683
,,,Merida Total,,,,,2,6,6562,26683
,,,Mexico City,DF,Mexico,20/05/2013,$70K - $90K,1,4,52,8468
,,,,,,20/05/2013 Total,,1,4,52,8468
,,,,,Mexico Total,,,1,4,52,8468
,,,,DF Total,,,,1,4,52,8468
,,,Mexico City Total,,,,,1,4,52,8468
,,,Orizaba,Veracruz,Mexico,03/01/2013,$90K - $110K,1,4,10095,4795
,,,,,,03/01/2013 Total,,1,4,10095,4795
,,,,,,03/07/2013,$50K - $70K,1,5,3761,9661
,,,,,,03/07/2013 Total,,1,5,3761,9661
,,,,,,15/07/2013,$50K - $70K,1,3,2481,10011
,,,,,,15/07/2013 Total,,1,3,2481,10011
,,,,,,12/08/2013,$30K - $50K,1,6,3602,10742
,,,,,,12/08/2013 Total,,1,6,3602,10742
,,,,,,20/10/2013,$30K - $50K,1,6,670,12614
,,,,,,20/10/2013 Total,,1,6,670,12614
,,,,,Mexico Total,,,5,24,20609,47823
,,,,Veracruz Total,,,,5,24,20609,47823
,,,Orizaba Total,,,,,5,24,20609,47823
,,,Portland,OR,USA,15/06/2013,$30K - $50K,1,4,908,9171
,,,,,,15/06/2013 Total,,1,4,908,9171
,,,,,,19/06/2013,$30K - $50K,1,3,4019,9291
,,,,,,19/06/2013 Total,,1,3,4019,9291
,,,,,,19/11/2013,$30K - $50K,1,4,4614,13449
,,,,,,19/11/2013 Total,,1,4,4614,13449
,,,,,,27/11/2013,$90K - $110K,1,3,8768,13664
,,,,,,27/11/2013 Total,,1,3,8768,13664
,,,,,USA Total,,,4,14,18309,45575
,,,,OR Total,,,,4,14,18309,45575
,,,Portland Total,,,,,4,14,18309,45575
,,,Salem,OR,USA,17/01/2012,$90K - $110K,1,4,8091,137
,,,,,,17/01/2012 Total,,1,4,8091,137
,,,,,,20/01/2012,$50K - $70K,1,3,2398,176
,,,,,,20/01/2012 Total,,1,3,2398,176
,,,,,,29/01/2012,$50K - $70K,1,5,1423,262
,,,,,,29/01/2012 Total,,1,5,1423,262
,,,,,,03/05/2012,$30K - $50K,1,5,1093,1562
,,,,,,03/05/2012 Total,,1,5,1093,1562
,,,,,,11/06/2012,$50K - $70K,1,3,6522,2054
,,,,,,11/06/2012 Total,,1,3,6522,2054
,,,,,,23/10/2012,$30K - $50K,1,4,128,3666
,,,,,,23/10/2012 Total,,1,4,128,3666
,,,,,,25/11/2012,$10K - $30K,1,3,7182,4114
,,,,,,25/11/2012 Total,,1,3,7182,4114
,,,,,,08/12/2012,$30K - $50K,1,4,1147,4311
,,,,,,08/12/2012 Total,,1,4,1147,4311
,,,,,,11/10/2013,$30K - $50K,1,5,1147,12354
,,,,,,11/10/2013 Total,,1,5,1147,12354
,,,,,,21/11/2013,$50K - $70K,1,5,9396,13515
,,,,,,21/11/2013 Total,,1,5,9396,13515
,,,,,USA Total,,,10,41,38527,42151
,,,,OR Total,,,,10,41,38527,42151
,,,Salem Total,,,,,10,41,38527,42151
,,,San Andres,DF,Mexico,02/07/2013,$10K - $30K,1,3,8237,9612
,,,,,,02/07/2013 Total,,1,3,8237,9612
,,,,,,08/09/2013,$30K - $50K,1,2,2114,11436
,,,,,,08/09/2013 Total,,1,2,2114,11436
,,,,,,11/09/2013,$30K - $50K,1,4,2743,11545
,,,,,,11/09/2013 Total,,1,4,2743,11545
,,,,,,25/10/2013,$30K - $50K,1,3,6837,12762
,,,,,,25/10/2013 Total,,1,3,6837,12762
,,,,,Mexico Total,,,4,12,19931,45355
,,,,DF Total,,,,4,12,19931,45355
,,,San Andres Total,,,,,4,12,19931,45355
,,,San Diego,CA,USA,14/04/2012,$50K - $70K,1,4,2405,1298
,,,,,,14/04/2012 Total,,1,4,2405,1298
,,,,,,30/04/2012,$90K - $110K,1,2,4011,1518
,,,,,,30/04/2012 Total,,1,2,4011,1518
,,,,,,23/11/2012,$10K - $30K,1,4,9234,4088
,,,,,,23/11/2012 Total,,1,4,9234,4088
,,,,,,04/04/2013,$70K - $90K,1,4,2670,7210
,,,,,,04/04/2013 Total,,1,4,2670,7210
,,,,,,10/09/2013,$50K - $70K,1,4,9599,11497
,,,,,,10/09/2013 Total,,1,4,9599,11497
,,,,,USA Total,,,5,18,27919,25611
,,,,CA Total,,,,5,18,27919,25611
,,,San Diego Total,,,,,5,18,27919,25611
,,,Seattle,WA,USA,07/04/2012,$10K - $30K,1,5,4876,1201
,,,,,,07/04/2012 Total,,1,5,4876,1201
,,,,,,31/05/2012,$90K - $110K,1,5,5868,1930
,,,,,,31/05/2012 Total,,1,5,5868,1930
,,,,,,14/11/2012,$30K - $50K,1,6,7003,3946
,,,,,,14/11/2012 Total,,1,6,7003,3946
,,,,,,29/11/2012,$130K - $150K,1,6,4122,4168
,,,,,,29/11/2012 Total,,1,6,4122,4168
,,,,,,27/07/2013,$50K - $70K,1,5,9583,10325
,,,,,,27/07/2013 Total,,1,5,9583,10325
,,,,,,03/09/2013,$10K - $30K,1,4,6565,11306
,,,,,,03/09/2013 Total,,1,4,6565,11306
,,,,,,01/11/2013,$110K - $130K,1,4,5799,12952
,,,,,,01/11/2013 Total,,1,4,5799,12952
,,,,,USA Total,,,7,35,43816,45828
,,,,WA Total,,,,7,35,43816,45828
,,,Seattle Total,,,,,7,35,43816,45828
,,,Spokane,WA,USA,04/11/2012,$30K - $50K,1,3,9040,3826
,,,,,,04/11/2012 Total,,1,3,9040,3826
,,,,,,15/03/2013,$50K - $70K,1,5,663,6703
,,,,,,15/03/2013 Total,,1,5,663,6703
,,,,,,08/06/2013,$50K - $70K,1,5,4925,8998
,,,,,,08/06/2013 Total,,1,5,4925,8998
,,,,,USA Total,,,3,13,14628,19527
,,,,WA Total,,,,3,13,14628,19527
,,,Spokane Total,,,,,3,13,14628,19527
,,,Tacoma,WA,USA,04/04/2012,$10K - $30K,1,4,617,1156
,,,,,,04/04/2012 Total,,1,4,617,1156
,,,,,,04/07/2012,$50K - $70K,1,3,4597,2325
,,,,,,04/07/2012 Total,,1,3,4597,2325
,,,,,,10/07/2012,$70K - $90K,1,3,216,2383
,,,,,,10/07/2012 Total,,1,3,216,2383
,,,,,,20/01/2013,$30K - $50K,1,4,5092,5184
,,,,,,20/01/2013 Total,,1,4,5092,5184
,,,,,,01/02/2013,$50K - $70K,1,6,4239,5518
,,,,,,01/02/2013 Total,,1,6,4239,5518
,,,,,USA Total,,,5,20,14761,16566
,,,,WA Total,,,,5,20,14761,16566
,,,Tacoma Total,,,,,5,20,14761,16566
,,,Vancouver,BC,Canada,05/03/2013,$30K - $50K,1,7,4244,6434
,,,,,,05/03/2013 Total,,1,7,4244,6434
,,,,,,06/03/2013,$30K - $50K,1,5,4768,6447
,,,,,,06/03/2013 Total,,1,5,4768,6447
,,,,,,07/06/2013,$10K - $30K,1,3,330,8960
,,,,,,07/06/2013 Total,,1,3,330,8960
,,,,,Canada Total,,,3,15,9342,21841
,,,,BC Total,,,,3,15,9342,21841
,,,Vancouver Total,,,,,3,15,9342,21841
,,,Victoria,BC,Canada,10/08/2013,$30K - $50K,1,5,6536,10695
,,,,,,10/08/2013 Total,,1,5,6536,10695
,,,,,Canada Total,,,1,5,6536,10695
,,,,BC Total,,,,1,5,6536,10695
,,,Victoria Total,,,,,1,5,6536,10695
,,,Walla Walla,WA,USA,18/02/2012,$50K - $70K,1,1,8587,516
,,,,,,18/02/2012 Total,,1,1,8587,516
,,,,,USA Total,,,1,1,8587,516
,,,,WA Total,,,,1,1,8587,516
,,,Walla Walla Total,,,,,1,1,8587,516
,,,Yakima,WA,USA,21/03/2012,$10K - $30K,1,3,6265,944
,,,,,,21/03/2012 Total,,1,3,6265,944
,,,,,,02/01/2013,$30K - $50K,1,5,8746,4755
,,,,,,02/01/2013 Total,,1,5,8746,4755
,,,,,,10/09/2013,$30K - $50K,1,4,8687,11502
,,,,,,10/09/2013 Total,,1,4,8687,11502
,,,,,,12/12/2013,$10K - $30K,1,5,4152,13918
,,,,,,12/12/2013 Total,,1,5,4152,13918
,,,,,USA Total,,,4,17,27850,31119
,,,,WA Total,,,,4,17,27850,31119
,,,Yakima Total,,,,,4,17,27850,31119
,,S Total,,,,,,88,351,430591,640815
,F Total,,,,,,,190,792,973406,1384027
,M,M,Acapulco,Guerrero,Mexico,25/03/2013,$10K - $30K,1,3,1554,6932
,,,,,,25/03/2013 Total,,1,3,1554,6932
,,,,,,04/04/2013,$10K - $30K,1,4,7929,7209
,,,,,,04/04/2013 Total,,1,4,7929,7209
,,,,,,21/04/2013,$30K - $50K,1,3,2341,7671
,,,,,,21/04/2013 Total,,1,3,2341,7671
,,,,,,21/09/2013,$30K - $50K,1,4,7745,11812
,,,,,,21/09/2013 Total,,1,4,7745,11812
,,,,,,20/12/2013,$10K - $30K,1,2,6093,13995
,,,,,,20/12/2013 Total,,1,2,6093,13995
,,,,,Mexico Total,,,5,16,25662,47619
,,,,Guerrero Total,,,,5,16,25662,47619
,,,Acapulco Total,,,,,5,16,25662,47619
,,,Beverly Hills,CA,USA,07/04/2012,$30K - $50K,1,2,1138,1204
,,,,,,07/04/2012 Total,,1,2,1138,1204
,,,,,,24/05/2012,$10K - $30K,1,4,4776,1840
,,,,,,24/05/2012 Total,,1,4,4776,1840
,,,,,,20/09/2012,$10K - $30K,1,3,6566,3289
,,,,,,20/09/2012 Total,,1,3,6566,3289
,,,,,,29/11/2012,$30K - $50K,1,3,268,4173
,,,,,,29/11/2012 Total,,1,3,268,4173
,,,,,,19/06/2013,$150K +,1,6,5602,9278
,,,,,,19/06/2013 Total,,1,6,5602,9278
,,,,,USA Total,,,5,18,18350,19784
,,,,CA Total,,,,5,18,18350,19784
,,,Beverly Hills Total,,,,,5,18,18350,19784
,,,Bremerton,WA,USA,07/08/2012,$30K - $50K,1,3,7849,2739
,,,,,,07/08/2012 Total,,1,3,7849,2739
,,,,,,18/09/2012,$10K - $30K,1,6,1598,3246
,,,,,,18/09/2012 Total,,1,6,1598,3246
,,,,,,07/01/2013,$10K - $30K,1,3,7486,4893
,,,,,,07/01/2013 Total,,1,3,7486,4893
,,,,,,22/04/2013,$30K - $50K,1,4,1676,7690
,,,,,,22/04/2013 Total,,1,4,1676,7690
,,,,,,27/08/2013,$50K - $70K,1,5,4903,11148
,,,,,,27/08/2013 Total,,1,5,4903,11148
,,,,,,01/10/2013,$150K +,1,4,8960,12088
,,,,,,01/10/2013 Total,,1,4,8960,12088
,,,,,USA Total,,,6,25,32472,41804
,,,,WA Total,,,,6,25,32472,41804
,,,Bremerton Total,,,,,6,25,32472,41804
,,,Hidalgo,Zacatecas,Mexico,02/06/2013,$90K - $110K,1,5,850,8834
,,,,,,02/06/2013 Total,,1,5,850,8834
,,,,,Mexico Total,,,1,5,850,8834
,,,,Zacatecas Total,,,,1,5,850,8834
,,,Hidalgo Total,,,,,1,5,850,8834
,,,Los Angeles,CA,USA,31/01/2012,$70K - $90K,1,2,9390,284
,,,,,,31/01/2012 Total,,1,2,9390,284
,,,,,,01/12/2012,$70K - $90K,1,4,3198,4189
,,,,,,01/12/2012 Total,,1,4,3198,4189
,,,,,,01/12/2013,$30K - $50K,1,4,3291,13743
,,,,,,01/12/2013 Total,,1,4,3291,13743
,,,,,USA Total,,,3,10,15879,18216
,,,,CA Total,,,,3,10,15879,18216
,,,Los Angeles Total,,,,,3,10,15879,18216
,,,Merida,Yucatan,Mexico,22/02/2013,$90K - $110K,1,4,1947,6111
,,,,,,22/02/2013 Total,,1,4,1947,6111
,,,,,,11/08/2013,$70K - $90K,1,5,7711,10733
,,,,,,11/08/2013 Total,,1,5,7711,10733
,,,,,Mexico Total,,,2,9,9658,16844
,,,,Yucatan Total,,,,2,9,9658,16844
,,,Merida Total,,,,,2,9,9658,16844
,,,Mexico City,DF,Mexico,05/05/2013,$10K - $30K,1,5,7550,8034
,,,,,,05/05/2013 Total,,1,5,7550,8034
,,,,,Mexico Total,,,1,5,7550,8034
,,,,DF Total,,,,1,5,7550,8034
,,,Mexico City Total,,,,,1,5,7550,8034
,,,Orizaba,Veracruz,Mexico,19/02/2013,$110K - $130K,1,4,2329,6036
,,,,,,19/02/2013 Total,,1,4,2329,6036
,,,,,,10/10/2013,$10K - $30K,1,4,2063,12325
,,,,,,10/10/2013 Total,,1,4,2063,12325
,,,,,,13/10/2013,$70K - $90K,1,3,9197,12410
,,,,,,13/10/2013 Total,,1,3,9197,12410
,,,,,Mexico Total,,,3,11,13589,30771
,,,,Veracruz Total,,,,3,11,13589,30771
,,,Orizaba Total,,,,,3,11,13589,30771
,,,Portland,OR,USA,16/06/2012,$30K - $50K,1,7,7310,2103
,,,,,,16/06/2012 Total,,1,7,7310,2103
,,,,,,24/10/2012,$10K - $30K,1,3,3742,3681
,,,,,,24/10/2012 Total,,1,3,3742,3681
,,,,,,27/12/2012,$30K - $50K,1,5,5827,4623
,,,,,,27/12/2012 Total,,1,5,5827,4623
,,,,,,27/03/2013,$30K - $50K,1,5,4461,6977
,,,,,,27/03/2013 Total,,1,5,4461,6977
,,,,,,26/07/2013,$70K - $90K,1,4,5499,10309
,,,,,,26/07/2013 Total,,1,4,5499,10309
,,,,,USA Total,,,5,24,26839,27693
,,,,OR Total,,,,5,24,26839,27693
,,,Portland Total,,,,,5,24,26839,27693
,,,Salem,OR,USA,02/02/2012,$30K - $50K,1,5,6792,322
,,,,,,02/02/2012 Total,,1,5,6792,322
,,,,,,07/03/2012,$30K - $50K,1,4,4900,740
,,,,,,07/03/2012 Total,,1,4,4900,740
,,,,,,02/05/2012,$50K - $70K,1,5,9787,1552
,,,,,,02/05/2012 Total,,1,5,9787,1552
,,,,,,12/06/2012,$130K - $150K,1,6,1957,2063
,,,,,,12/06/2012 Total,,1,6,1957,2063
,,,,,,28/06/2012,$10K - $30K,1,3,9972,2251
,,,,,,28/06/2012 Total,,1,3,9972,2251
,,,,,,22/08/2012,$110K - $130K,1,2,1035,2930
,,,,,,22/08/2012 Total,,1,2,1035,2930
,,,,,,10/02/2013,$70K - $90K,1,5,6982,5780
,,,,,,10/02/2013 Total,,1,5,6982,5780
,,,,,,07/07/2013,$10K - $30K,1,3,177,9784
,,,,,,07/07/2013 Total,,1,3,177,9784
,,,,,,24/10/2013,$30K - $50K,1,5,4330,12723
,,,,,,24/10/2013 Total,,1,5,4330,12723
,,,,,USA Total,,,9,38,45932,38145
,,,,OR Total,,,,9,38,45932,38145
,,,Salem Total,,,,,9,38,45932,38145
,,,San Andres,DF,Mexico,04/06/2013,$10K - $30K,1,5,3269,8880
,,,,,,04/06/2013 Total,,1,5,3269,8880
,,,,,,17/08/2013,$10K - $30K,1,3,7779,10879
,,,,,,17/08/2013 Total,,1,3,7779,10879
,,,,,,30/08/2013,$30K - $50K,1,4,2480,11216
,,,,,,30/08/2013 Total,,1,4,2480,11216
,,,,,,03/10/2013,$50K - $70K,1,5,6847,12146
,,,,,,03/10/2013 Total,,1,5,6847,12146
,,,,,,28/10/2013,$50K - $70K,1,4,7342,12849
,,,,,,28/10/2013 Total,,1,4,7342,12849
,,,,,,16/11/2013,$30K - $50K,1,3,9059,13372
,,,,,,16/11/2013 Total,,1,3,9059,13372
,,,,,Mexico Total,,,6,24,36776,69342
,,,,DF Total,,,,6,24,36776,69342
,,,San Andres Total,,,,,6,24,36776,69342
,,,San Diego,CA,USA,27/03/2012,$50K - $70K,1,3,3452,1037
,,,,,,27/03/2012 Total,,1,3,3452,1037
,,,,,,15/07/2012,$130K - $150K,1,4,6930,2457
,,,,,,15/07/2012 Total,,1,4,6930,2457
,,,,,,17/02/2013,$110K - $130K,1,6,7401,5964
,,,,,,17/02/2013 Total,,1,6,7401,5964
,,,,,,24/03/2013,$110K - $130K,1,5,9381,6910
,,,,,,24/03/2013 Total,,1,5,9381,6910
,,,,,,24/04/2013,$10K - $30K,1,6,3357,7748
,,,,,,24/04/2013 Total,,1,6,3357,7748
,,,,,,04/10/2013,$30K - $50K,1,6,603,12177
,,,,,,04/10/2013 Total,,1,6,603,12177
,,,,,USA Total,,,6,30,31124,36293
,,,,CA Total,,,,6,30,31124,36293
,,,San Diego Total,,,,,6,30,31124,36293
,,,Seattle,WA,USA,18/03/2012,$50K - $70K,1,5,6172,885
,,,,,,18/03/2012 Total,,1,5,6172,885
,,,,,,09/06/2012,$50K - $70K,1,5,1321,2039
,,,,,,09/06/2012 Total,,1,5,1321,2039
,,,,,,14/10/2012,$30K - $50K,1,2,7632,3571
,,,,,,14/10/2012 Total,,1,2,7632,3571
,,,,,,12/01/2013,$10K - $30K,1,5,2318,5008
,,,,,,12/01/2013 Total,,1,5,2318,5008
,,,,,,06/07/2013,$30K - $50K,1,5,10258,9732
,,,,,,06/07/2013 Total,,1,5,10258,9732
,,,,,,09/12/2013,$30K - $50K,1,4,7646,13879
,,,,,,09/12/2013 Total,,1,4,7646,13879
,,,,,USA Total,,,6,26,35347,35114
,,,,WA Total,,,,6,26,35347,35114
,,,Seattle Total,,,,,6,26,35347,35114
,,,Spokane,WA,USA,13/03/2012,$30K - $50K,1,5,7862,826
,,,,,,13/03/2012 Total,,1,5,7862,826
,,,,,,07/09/2012,$30K - $50K,1,5,7862,3125
,,,,,,07/09/2012 Total,,1,5,7862,3125
,,,,,,23/06/2013,$30K - $50K,1,5,5374,9393
,,,,,,23/06/2013 Total,,1,5,5374,9393
,,,,,,27/08/2013,$110K - $130K,1,4,9318,11143
,,,,,,27/08/2013 Total,,1,4,9318,11143
,,,,,,26/10/2013,$50K - $70K,1,5,3826,12785
,,,,,,26/10/2013 Total,,1,5,3826,12785
,,,,,USA Total,,,5,24,34242,37272
,,,,WA Total,,,,5,24,34242,37272
,,,Spokane Total,,,,,5,24,34242,37272
,,,Tacoma,WA,USA,11/03/2012,$70K - $90K,1,4,8777,790
,,,,,,11/03/2012 Total,,1,4,8777,790
,,,,,,18/07/2012,$30K - $50K,1,5,8199,2508
,,,,,,18/07/2012 Total,,1,5,8199,2508
,,,,,,02/04/2013,$90K - $110K,1,4,6681,7164
,,,,,,02/04/2013 Total,,1,4,6681,7164
,,,,,,22/08/2013,$30K - $50K,1,4,6162,10996
,,,,,,22/08/2013 Total,,1,4,6162,10996
,,,,,,23/08/2013,$10K - $30K,1,4,7813,11038
,,,,,,23/08/2013 Total,,1,4,7813,11038
,,,,,,12/11/2013,$10K - $30K,1,5,5256,13274
,,,,,,12/11/2013 Total,,1,5,5256,13274
,,,,,USA Total,,,6,26,42888,45770
,,,,WA Total,,,,6,26,42888,45770
,,,Tacoma Total,,,,,6,26,42888,45770
,,,Vancouver,BC,Canada,17/03/2013,$50K - $70K,1,4,2123,6738
,,,,,,17/03/2013 Total,,1,4,2123,6738
,,,,,,19/03/2013,$30K - $50K,1,4,9726,6801
,,,,,,19/03/2013 Total,,1,4,9726,6801
,,,,,,20/05/2013,$30K - $50K,1,6,5007,8473
,,,,,,20/05/2013 Total,,1,6,5007,8473
,,,,,,19/06/2013,$110K - $130K,1,4,9709,9286
,,,,,,19/06/2013 Total,,1,4,9709,9286
,,,,,,28/06/2013,$50K - $70K,1,6,9010,9529
,,,,,,28/06/2013 Total,,1,6,9010,9529
,,,,,,06/08/2013,$10K - $30K,1,4,2423,10573
,,,,,,06/08/2013 Total,,1,4,2423,10573
,,,,,Canada Total,,,6,28,37998,51400
,,,,BC Total,,,,6,28,37998,51400
,,,Vancouver Total,,,,,6,28,37998,51400
,,,Victoria,BC,Canada,26/04/2013,$30K - $50K,1,3,6876,7787
,,,,,,26/04/2013 Total,,1,3,6876,7787
,,,,,Canada Total,,,1,3,6876,7787
,,,,BC Total,,,,1,3,6876,7787
,,,Victoria Total,,,,,1,3,6876,7787
,,,Walla Walla,WA,USA,31/01/2013,$130K - $150K,1,1,5162,5478
,,,,,,31/01/2013 Total,,1,1,5162,5478
,,,,,,30/04/2013,$10K - $30K,1,2,9439,7929
,,,,,,30/04/2013 Total,,1,2,9439,7929
,,,,,USA Total,,,2,3,14601,13407
,,,,WA Total,,,,2,3,14601,13407
,,,Walla Walla Total,,,,,2,3,14601,13407
,,,Yakima,WA,USA,25/03/2012,$70K - $90K,1,3,8769,997
,,,,,,25/03/2012 Total,,1,3,8769,997
,,,,,,22/05/2012,$30K - $50K,1,4,5568,1814
,,,,,,22/05/2012 Total,,1,4,5568,1814
,,,,,,17/05/2013,$70K - $90K,1,2,2011,8369
,,,,,,17/05/2013 Total,,1,2,2011,8369
,,,,,USA Total,,,3,9,16348,11180
,,,,WA Total,,,,3,9,16348,11180
,,,Yakima Total,,,,,3,9,16348,11180
,,M Total,,,,,,81,334,452981,565309
,,S,Acapulco,Guerrero,Mexico,13/01/2013,$50K - $70K,1,5,1882,5030
,,,,,,13/01/2013 Total,,1,5,1882,5030
,,,,,,27/01/2013,$90K - $110K,1,5,3560,5387
,,,,,,27/01/2013 Total,,1,5,3560,5387
,,,,,,12/02/2013,$130K - $150K,1,3,9049,5835
,,,,,,12/02/2013 Total,,1,3,9049,5835
,,,,,,07/06/2013,$110K - $130K,1,4,1174,8959
,,,,,,07/06/2013 Total,,1,4,1174,8959
,,,,,Mexico Total,,,4,17,15665,25211
,,,,Guerrero Total,,,,4,17,15665,25211
,,,Acapulco Total,,,,,4,17,15665,25211
,,,Beverly Hills,CA,USA,06/10/2012,$10K - $30K,1,3,26,3485
,,,,,,06/10/2012 Total,,1,3,26,3485
,,,,,,17/04/2013,$30K - $50K,1,4,8042,7541
,,,,,,17/04/2013 Total,,1,4,8042,7541
,,,,,,09/11/2013,$10K - $30K,1,5,110,13192
,,,,,,09/11/2013 Total,,1,5,110,13192
,,,,,USA Total,,,3,12,8178,24218
,,,,CA Total,,,,3,12,8178,24218
,,,Beverly Hills Total,,,,,3,12,8178,24218
,,,Bremerton,WA,USA,07/03/2012,$50K - $70K,1,4,8653,738
,,,,,,07/03/2012 Total,,1,4,8653,738
,,,,,,27/04/2012,$50K - $70K,1,5,8947,1491
,,,,,,27/04/2012 Total,,1,5,8947,1491
,,,,,,06/10/2012,$10K - $30K,1,5,1798,3482
,,,,,,06/10/2012 Total,,1,5,1798,3482
,,,,,,14/07/2013,$10K - $30K,1,4,9029,9974
,,,,,,14/07/2013 Total,,1,4,9029,9974
,,,,,USA Total,,,4,18,28427,15685
,,,,WA Total,,,,4,18,28427,15685
,,,Bremerton Total,,,,,4,18,28427,15685
,,,Camacho,Zacatecas,Mexico,30/01/2013,$50K - $70K,1,4,2986,5454
,,,,,,30/01/2013 Total,,1,4,2986,5454
,,,,,,10/06/2013,$50K - $70K,1,3,7337,9036
,,,,,,10/06/2013 Total,,1,3,7337,9036
,,,,,,30/06/2013,$50K - $70K,1,4,7337,9565
,,,,,,30/06/2013 Total,,1,4,7337,9565
,,,,,,14/08/2013,$70K - $90K,1,3,3366,10806
,,,,,,14/08/2013 Total,,1,3,3366,10806
,,,,,,04/12/2013,$10K - $30K,1,4,8069,13813
,,,,,,04/12/2013 Total,,1,4,8069,13813
,,,,,Mexico Total,,,5,18,29095,48674
,,,,Zacatecas Total,,,,5,18,29095,48674
,,,Camacho Total,,,,,5,18,29095,48674
,,,Hidalgo,Zacatecas,Mexico,10/02/2013,$30K - $50K,1,2,5757,5768
,,,,,,10/02/2013 Total,,1,2,5757,5768
,,,,,,20/06/2013,$30K - $50K,1,3,5478,9313
,,,,,,20/06/2013 Total,,1,3,5478,9313
,,,,,Mexico Total,,,2,5,11235,15081
,,,,Zacatecas Total,,,,2,5,11235,15081
,,,Hidalgo Total,,,,,2,5,11235,15081
,,,Los Angeles,CA,USA,30/01/2012,$130K - $150K,1,3,9694,281
,,,,,,30/01/2012 Total,,1,3,9694,281
,,,,,,10/05/2012,$50K - $70K,1,4,5941,1670
,,,,,,10/05/2012 Total,,1,4,5941,1670
,,,,,,25/07/2012,$10K - $30K,1,4,170,2579
,,,,,,25/07/2012 Total,,1,4,170,2579
,,,,,,07/08/2012,$30K - $50K,1,4,4375,2745
,,,,,,07/08/2012 Total,,1,4,4375,2745
,,,,,,05/09/2012,$10K - $30K,1,2,9405,3089
,,,,,,05/09/2012 Total,,1,2,9405,3089
,,,,,,24/11/2012,$30K - $50K,1,4,1215,4105
,,,,,,24/11/2012 Total,,1,4,1215,4105
,,,,,,01/12/2012,$10K - $30K,1,3,3652,4199
,,,,,,01/12/2012 Total,,1,3,3652,4199
,,,,,,01/04/2013,$70K - $90K,1,6,7127,7139
,,,,,,01/04/2013 Total,,1,6,7127,7139
,,,,,,10/04/2013,$110K - $130K,1,5,9182,7369
,,,,,,10/04/2013 Total,,1,5,9182,7369
,,,,,,17/04/2013,$10K - $30K,1,3,6851,7530
,,,,,,17/04/2013 Total,,1,3,6851,7530
,,,,,,20/10/2013,$10K - $30K,1,2,3039,12595
,,,,,,20/10/2013 Total,,1,2,3039,12595
,,,,,USA Total,,,11,40,60651,53301
,,,,CA Total,,,,11,40,60651,53301
,,,Los Angeles Total,,,,,11,40,60651,53301
,,,Merida,Yucatan,Mexico,22/07/2013,$90K - $110K,1,5,4913,10203
,,,,,,22/07/2013 Total,,1,5,4913,10203
,,,,,,03/09/2013,$70K - $90K,1,3,3864,11328
,,,,,,03/09/2013 Total,,1,3,3864,11328
,,,,,,31/10/2013,$30K - $50K,1,5,9610,12911
,,,,,,31/10/2013 Total,,1,5,9610,12911
,,,,,Mexico Total,,,3,13,18387,34442
,,,,Yucatan Total,,,,3,13,18387,34442
,,,Merida Total,,,,,3,13,18387,34442
,,,Orizaba,Veracruz,Mexico,27/06/2013,$30K - $50K,1,4,8203,9501
,,,,,,27/06/2013 Total,,1,4,8203,9501
,,,,,,11/10/2013,$30K - $50K,1,3,5172,12370
,,,,,,11/10/2013 Total,,1,3,5172,12370
,,,,,,09/11/2013,$50K - $70K,1,5,5318,13191
,,,,,,09/11/2013 Total,,1,5,5318,13191
,,,,,Mexico Total,,,3,12,18693,35062
,,,,Veracruz Total,,,,3,12,18693,35062
,,,Orizaba Total,,,,,3,12,18693,35062
,,,Portland,OR,USA,02/02/2012,$30K - $50K,1,4,2376,307
,,,,,,02/02/2012 Total,,1,4,2376,307
,,,,,,13/05/2012,$30K - $50K,1,5,5360,1706
,,,,,,13/05/2012 Total,,1,5,5360,1706
,,,,,,19/05/2012,$130K - $150K,1,4,740,1782
,,,,,,19/05/2012 Total,,1,4,740,1782
,,,,,,11/12/2012,$30K - $50K,1,4,7963,4350
,,,,,,11/12/2012 Total,,1,4,7963,4350
,,,,,,20/12/2012,$10K - $30K,1,3,4906,4499
,,,,,,20/12/2012 Total,,1,3,4906,4499
,,,,,,25/12/2012,$50K - $70K,1,3,5791,4592
,,,,,,25/12/2012 Total,,1,3,5791,4592
,,,,,,24/01/2013,$30K - $50K,1,5,8862,5302
,,,,,,24/01/2013 Total,,1,5,8862,5302
,,,,,,25/02/2013,$50K - $70K,1,2,645,6220
,,,,,,25/02/2013 Total,,1,2,645,6220
,,,,,,29/03/2013,$30K - $50K,1,4,7594,7048
,,,,,,29/03/2013 Total,,1,4,7594,7048
,,,,,,01/04/2013,$50K - $70K,1,4,4373,7134
,,,,,,01/04/2013 Total,,1,4,4373,7134
,,,,,,23/07/2013,$10K - $30K,1,3,7362,10233
,,,,,,23/07/2013 Total,,1,3,7362,10233
,,,,,,30/09/2013,$10K - $30K,1,5,8558,12078
,,,,,,30/09/2013 Total,,1,5,8558,12078
,,,,,,07/11/2013,$130K - $150K,1,3,165,13135
,,,,,,07/11/2013 Total,,1,3,165,13135
,,,,,USA Total,,,13,49,64695,78386
,,,,OR Total,,,,13,49,64695,78386
,,,Portland Total,,,,,13,49,64695,78386
,,,Salem,OR,USA,04/02/2012,$50K - $70K,1,4,4995,345
,,,,,,04/02/2012 Total,,1,4,4995,345
,,,,,,04/04/2012,$70K - $90K,1,3,9501,1161
,,,,,,04/04/2012 Total,,1,3,9501,1161
,,,,,,14/02/2013,$10K - $30K,1,4,8749,5875
,,,,,,14/02/2013 Total,,1,4,8749,5875
,,,,,,10/03/2013,$70K - $90K,1,4,2762,6568
,,,,,,10/03/2013 Total,,1,4,2762,6568
,,,,,,28/03/2013,$90K - $110K,1,5,3854,7002
,,,,,,28/03/2013 Total,,1,5,3854,7002
,,,,,,04/05/2013,$50K - $70K,1,4,8892,8012
,,,,,,04/05/2013 Total,,1,4,8892,8012
,,,,,,20/11/2013,$50K - $70K,1,2,9401,13484
,,,,,,20/11/2013 Total,,1,2,9401,13484
,,,,,USA Total,,,7,26,48154,42447
,,,,OR Total,,,,7,26,48154,42447
,,,Salem Total,,,,,7,26,48154,42447
,,,San Andres,DF,Mexico,11/02/2013,$50K - $70K,1,4,1059,5790
,,,,,,11/02/2013 Total,,1,4,1059,5790
,,,,,,07/04/2013,$10K - $30K,1,5,6444,7286
,,,,,,07/04/2013 Total,,1,5,6444,7286
,,,,,,24/05/2013,$30K - $50K,1,6,1117,8562
,,,,,,24/05/2013 Total,,1,6,1117,8562
,,,,,,19/07/2013,$30K - $50K,1,4,9993,10144
,,,,,,19/07/2013 Total,,1,4,9993,10144
,,,,,,04/09/2013,$30K - $50K,1,4,9993,11333
,,,,,,04/09/2013 Total,,1,4,9993,11333
,,,,,,05/09/2013,$110K - $130K,1,5,3002,11368
,,,,,,05/09/2013 Total,,1,5,3002,11368
,,,,,,07/09/2013,$70K - $90K,1,4,218,11415
,,,,,,07/09/2013 Total,,1,4,218,11415
,,,,,,28/11/2013,$130K - $150K,1,3,7598,13669
,,,,,,28/11/2013 Total,,1,3,7598,13669
,,,,,Mexico Total,,,8,35,39424,79567
,,,,DF Total,,,,8,35,39424,79567
,,,San Andres Total,,,,,8,35,39424,79567
,,,San Diego,CA,USA,26/04/2012,$50K - $70K,1,4,7357,1475
,,,,,,26/04/2012 Total,,1,4,7357,1475
,,,,,,09/02/2013,$10K - $30K,1,4,6999,5744
,,,,,,09/02/2013 Total,,1,4,6999,5744
,,,,,,01/09/2013,$30K - $50K,1,4,823,11260
,,,,,,01/09/2013 Total,,1,4,823,11260
,,,,,USA Total,,,3,12,15179,18479
,,,,CA Total,,,,3,12,15179,18479
,,,San Diego Total,,,,,3,12,15179,18479
,,,San Francisco,CA,USA,17/08/2013,$30K - $50K,1,2,6644,10902
,,,,,,17/08/2013 Total,,1,2,6644,10902
,,,,,USA Total,,,1,2,6644,10902
,,,,CA Total,,,,1,2,6644,10902
,,,San Francisco Total,,,,,1,2,6644,10902
,,,Seattle,WA,USA,14/01/2012,$30K - $50K,1,5,8818,112
,,,,,,14/01/2012 Total,,1,5,8818,112
,,,,,,05/09/2012,$70K - $90K,1,4,9412,3098
,,,,,,05/09/2012 Total,,1,4,9412,3098
,,,,,,01/11/2012,$50K - $70K,1,3,6945,3785
,,,,,,01/11/2012 Total,,1,3,6945,3785
,,,,,,28/08/2013,$90K - $110K,1,5,3500,11169
,,,,,,28/08/2013 Total,,1,5,3500,11169
,,,,,USA Total,,,4,17,28675,18164
,,,,WA Total,,,,4,17,28675,18164
,,,Seattle Total,,,,,4,17,28675,18164
,,,Spokane,WA,USA,10/03/2013,$90K - $110K,1,5,430,6553
,,,,,,10/03/2013 Total,,1,5,430,6553
,,,,,,08/04/2013,$130K - $150K,1,5,1850,7316
,,,,,,08/04/2013 Total,,1,5,1850,7316
,,,,,USA Total,,,2,10,2280,13869
,,,,WA Total,,,,2,10,2280,13869
,,,Spokane Total,,,,,2,10,2280,13869
,,,Tacoma,WA,USA,05/04/2012,$90K - $110K,1,2,3539,1171
,,,,,,05/04/2012 Total,,1,2,3539,1171
,,,,,,29/04/2013,$70K - $90K,1,5,7526,7890
,,,,,,29/04/2013 Total,,1,5,7526,7890
,,,,,USA Total,,,2,7,11065,9061
,,,,WA Total,,,,2,7,11065,9061
,,,Tacoma Total,,,,,2,7,11065,9061
,,,Vancouver,BC,Canada,25/02/2013,$110K - $130K,1,4,7511,6214
,,,,,,25/02/2013 Total,,1,4,7511,6214
,,,,,,08/03/2013,$90K - $110K,1,5,291,6517
,,,,,,08/03/2013 Total,,1,5,291,6517
,,,,,,14/04/2013,$50K - $70K,1,6,6787,7478
,,,,,,14/04/2013 Total,,1,6,6787,7478
,,,,,,06/08/2013,$10K - $30K,1,6,3226,10571
,,,,,,06/08/2013 Total,,1,6,3226,10571
,,,,,,10/08/2013,$90K - $110K,1,3,6099,10694
,,,,,,10/08/2013 Total,,1,3,6099,10694
,,,,,,15/09/2013,$10K - $30K,1,4,7392,11649
,,,,,,15/09/2013 Total,,1,4,7392,11649
,,,,,,03/12/2013,$50K - $70K,1,4,9142,13794
,,,,,,03/12/2013 Total,,1,4,9142,13794
,,,,,Canada Total,,,7,32,40448,66917
,,,,BC Total,,,,7,32,40448,66917
,,,Vancouver Total,,,,,7,32,40448,66917
,,,Walla Walla,WA,USA,07/06/2013,$90K - $110K,1,2,8141,8962
,,,,,,07/06/2013 Total,,1,2,8141,8962
,,,,,USA Total,,,1,2,8141,8962
,,,,WA Total,,,,1,2,8141,8962
,,,Walla Walla Total,,,,,1,2,8141,8962
,,,Yakima,WA,USA,02/03/2012,$10K - $30K,1,3,463,661
,,,,,,02/03/2012 Total,,1,3,463,661
,,,,,,15/03/2013,$90K - $110K,1,4,4958,6702
,,,,,,15/03/2013 Total,,1,4,4958,6702
,,,,,USA Total,,,2,7,5421,7363
,,,,WA Total,,,,2,7,5421,7363
,,,Yakima Total,,,,,2,7,5421,7363
,,S Total,,,,,,85,334,460457,605791
,M Total,,,,,,,166,668,913438,1171100
Beer and Wine Total,,,,,,,,356,1460,1886844,2555127
Bread,F,M,Acapulco,Guerrero,Mexico,21/01/2013,$70K - $90K,1,4,7758,5244
,,,,,,21/01/2013 Total,,1,4,7758,5244
,,,,,,13/04/2013,$70K - $90K,1,6,2467,7444
,,,,,,13/04/2013 Total,,1,6,2467,7444
,,,,,,24/12/2013,$70K - $90K,1,6,2467,14021
,,,,,,24/12/2013 Total,,1,6,2467,14021
,,,,,Mexico Total,,,3,16,12692,26709
,,,,Guerrero Total,,,,3,16,12692,26709
,,,Acapulco Total,,,,,3,16,12692,26709
,,,Beverly Hills,CA,USA,25/04/2012,$10K - $30K,1,5,5918,1461
,,,,,,25/04/2012 Total,,1,5,5918,1461
,,,,,,29/11/2012,$10K - $30K,1,4,3875,4164
,,,,,,29/11/2012 Total,,1,4,3875,4164
,,,,,,04/12/2012,$150K +,1,6,10214,4256
,,,,,,04/12/2012 Total,,1,6,10214,4256
,,,,,,05/04/2013,$50K - $70K,1,3,9931,7241
,,,,,,05/04/2013 Total,,1,3,9931,7241
,,,,,,08/11/2013,$30K - $50K,1,2,7104,13158
,,,,,,08/11/2013 Total,,1,2,7104,13158
,,,,,USA Total,,,5,20,37042,30280
,,,,CA Total,,,,5,20,37042,30280
,,,Beverly Hills Total,,,,,5,20,37042,30280
,,,Bremerton,WA,USA,11/01/2013,$30K - $50K,1,3,4436,4962
,,,,,,11/01/2013 Total,,1,3,4436,4962
,,,,,,30/06/2013,$10K - $30K,1,3,7354,9576
,,,,,,30/06/2013 Total,,1,3,7354,9576
,,,,,,10/11/2013,$30K - $50K,1,3,7366,13210
,,,,,,10/11/2013 Total,,1,3,7366,13210
,,,,,USA Total,,,3,9,19156,27748
,,,,WA Total,,,,3,9,19156,27748
,,,Bremerton Total,,,,,3,9,19156,27748
,,,Camacho,Zacatecas,Mexico,03/01/2013,$30K - $50K,1,4,4571,4798
,,,,,,03/01/2013 Total,,1,4,4571,4798
,,,,,,09/04/2013,$70K - $90K,1,4,965,7338
,,,,,,09/04/2013 Total,,1,4,965,7338
,,,,,,17/07/2013,$110K - $130K,1,5,2175,10050
,,,,,,17/07/2013 Total,,1,5,2175,10050
,,,,,,25/08/2013,$70K - $90K,1,5,2551,11083
,,,,,,25/08/2013 Total,,1,5,2551,11083
,,,,,,13/11/2013,$50K - $70K,1,3,1125,13307
,,,,,,13/11/2013 Total,,1,3,1125,13307
,,,,,Mexico Total,,,5,21,11387,46576
,,,,Zacatecas Total,,,,5,21,11387,46576
,,,Camacho Total,,,,,5,21,11387,46576
,,,Hidalgo,Zacatecas,Mexico,12/02/2013,$10K - $30K,1,4,1259,5818
,,,,,,12/02/2013 Total,,1,4,1259,5818
,,,,,,06/03/2013,$10K - $30K,1,3,1787,6459
,,,,,,06/03/2013 Total,,1,3,1787,6459
,,,,,,19/03/2013,$70K - $90K,1,6,6652,6808
,,,,,,19/03/2013 Total,,1,6,6652,6808
,,,,,,15/05/2013,$70K - $90K,1,3,8169,8331
,,,,,,15/05/2013 Total,,1,3,8169,8331
,,,,,,06/07/2013,$150K +,1,3,564,9734
,,,,,,06/07/2013 Total,,1,3,564,9734
,,,,,,13/08/2013,$30K - $50K,1,4,7134,10785
,,,,,,13/08/2013 Total,,1,4,7134,10785
,,,,,Mexico Total,,,6,23,25565,47935
,,,,Zacatecas Total,,,,6,23,25565,47935
,,,Hidalgo Total,,,,,6,23,25565,47935
,,,Los Angeles,CA,USA,22/05/2012,$70K - $90K,1,5,9145,1813
,,,,,,22/05/2012 Total,,1,5,9145,1813
,,,,,,09/08/2012,$30K - $50K,1,4,1052,2769
,,,,,,09/08/2012 Total,,1,4,1052,2769
,,,,,,03/09/2012,$10K - $30K,1,4,3164,3063
,,,,,,03/09/2012 Total,,1,4,3164,3063
,,,,,,14/11/2012,$10K - $30K,1,3,9269,3953
,,,,,,14/11/2012 Total,,1,3,9269,3953
,,,,,,20/02/2013,$30K - $50K,1,5,6421,6053
,,,,,,20/02/2013 Total,,1,5,6421,6053
,,,,,,22/02/2013,$30K - $50K,1,6,3655,6120
,,,,,,22/02/2013 Total,,1,6,3655,6120
,,,,,,03/08/2013,$50K - $70K,1,2,5541,10498
,,,,,,03/08/2013 Total,,1,2,5541,10498
,,,,,,03/11/2013,$50K - $70K,1,5,5133,13023
,,,,,,03/11/2013 Total,,1,5,5133,13023
,,,,,USA Total,,,8,34,43380,47292
,,,,CA Total,,,,8,34,43380,47292
,,,Los Angeles Total,,,,,8,34,43380,47292
,,,Merida,Yucatan,Mexico,05/02/2013,$10K - $30K,1,3,1753,5644
,,,,,,05/02/2013 Total,,1,3,1753,5644
,,,,,,05/03/2013,$70K - $90K,1,4,9625,6419
,,,,,,05/03/2013 Total,,1,4,9625,6419
,,,,,,08/03/2013,$10K - $30K,1,5,8087,6494
,,,,,,08/03/2013 Total,,1,5,8087,6494
,,,,,,14/03/2013,$70K - $90K,1,3,9625,6668
,,,,,,14/03/2013 Total,,1,3,9625,6668
,,,,,,19/05/2013,$50K - $70K,1,3,896,8435
,,,,,,19/05/2013 Total,,1,3,896,8435
,,,,,,14/11/2013,$10K - $30K,1,4,728,13337
,,,,,,14/11/2013 Total,,1,4,728,13337
,,,,,Mexico Total,,,6,22,30714,46997
,,,,Yucatan Total,,,,6,22,30714,46997
,,,Merida Total,,,,,6,22,30714,46997
,,,Mexico City,DF,Mexico,20/02/2013,$30K - $50K,1,4,7627,6061
,,,,,,20/02/2013 Total,,1,4,7627,6061
,,,,,,05/05/2013,$10K - $30K,1,5,8326,8049
,,,,,,05/05/2013 Total,,1,5,8326,8049
,,,,,,14/06/2013,$10K - $30K,1,5,9226,9153
,,,,,,14/06/2013 Total,,1,5,9226,9153
,,,,,Mexico Total,,,3,14,25179,23263
,,,,DF Total,,,,3,14,25179,23263
,,,Mexico City Total,,,,,3,14,25179,23263
,,,Orizaba,Veracruz,Mexico,29/01/2013,$10K - $30K,1,4,8388,5417
,,,,,,29/01/2013 Total,,1,4,8388,5417
,,,,,,29/04/2013,$110K - $130K,1,4,3608,7877
,,,,,,29/04/2013 Total,,1,4,3608,7877
,,,,,,21/11/2013,$50K - $70K,1,6,3762,13509
,,,,,,21/11/2013 Total,,1,6,3762,13509
,,,,,Mexico Total,,,3,14,15758,26803
,,,,Veracruz Total,,,,3,14,15758,26803
,,,Orizaba Total,,,,,3,14,15758,26803
,,,Portland,OR,USA,18/02/2012,$70K - $90K,1,6,5405,512
,,,,,,18/02/2012 Total,,1,6,5405,512
,,,,,,20/03/2012,$30K - $50K,1,5,3925,938
,,,,,,20/03/2012 Total,,1,5,3925,938
,,,,,,24/03/2012,$50K - $70K,1,4,1648,976
,,,,,,24/03/2012 Total,,1,4,1648,976
,,,,,,23/04/2012,$10K - $30K,1,2,4230,1430
,,,,,,23/04/2012 Total,,1,2,4230,1430
,,,,,,28/11/2012,$70K - $90K,1,3,8898,4158
,,,,,,28/11/2012 Total,,1,3,8898,4158
,,,,,,04/02/2013,$130K - $150K,1,4,4584,5608
,,,,,,04/02/2013 Total,,1,4,4584,5608
,,,,,,27/06/2013,$30K - $50K,1,4,8188,9481
,,,,,,27/06/2013 Total,,1,4,8188,9481
,,,,,,02/09/2013,$30K - $50K,1,6,1669,11292
,,,,,,02/09/2013 Total,,1,6,1669,11292
,,,,,,24/09/2013,$30K - $50K,1,4,473,11900
,,,,,,24/09/2013 Total,,1,4,473,11900
,,,,,,28/10/2013,$30K - $50K,1,4,4562,12838
,,,,,,28/10/2013 Total,,1,4,4562,12838
,,,,,USA Total,,,10,42,43582,59133
,,,,OR Total,,,,10,42,43582,59133
,,,Portland Total,,,,,10,42,43582,59133
,,,Salem,OR,USA,08/01/2012,$50K - $70K,1,5,7576,70
,,,,,,08/01/2012 Total,,1,5,7576,70
,,,,,,19/02/2012,$10K - $30K,1,6,2996,528
,,,,,,19/02/2012 Total,,1,6,2996,528
,,,,,,06/04/2012,$110K - $130K,1,5,9788,1185
,,,,,,06/04/2012 Total,,1,5,9788,1185
,,,,,,07/04/2012,$130K - $150K,1,4,6997,1195
,,,,,,07/04/2012 Total,,1,4,6997,1195
,,,,,,20/06/2012,$30K - $50K,1,4,9256,2157
,,,,,,20/06/2012 Total,,1,4,9256,2157
,,,,,,16/11/2012,$110K - $130K,1,2,7915,3978
,,,,,,16/11/2012 Total,,1,2,7915,3978
,,,,,,18/02/2013,$10K - $30K,1,5,944,6008
,,,,,,18/02/2013 Total,,1,5,944,6008
,,,,,,04/05/2013,$30K - $50K,1,4,3020,8011
,,,,,,04/05/2013 Total,,1,4,3020,8011
,,,,,,20/06/2013,$50K - $70K,1,4,6510,9318
,,,,,,20/06/2013 Total,,1,4,6510,9318
,,,,,,14/09/2013,$30K - $50K,1,5,7269,11615
,,,,,,14/09/2013 Total,,1,5,7269,11615
,,,,,USA Total,,,10,44,62271,44065
,,,,OR Total,,,,10,44,62271,44065
,,,Salem Total,,,,,10,44,62271,44065
,,,San Andres,DF,Mexico,25/11/2013,$10K - $30K,1,5,759,13595
,,,,,,25/11/2013 Total,,1,5,759,13595
,,,,,Mexico Total,,,1,5,759,13595
,,,,DF Total,,,,1,5,759,13595
,,,San Andres Total,,,,,1,5,759,13595
,,,San Diego,CA,USA,18/03/2012,$30K - $50K,1,5,873,896
,,,,,,18/03/2012 Total,,1,5,873,896
,,,,,,12/05/2012,$130K - $150K,1,2,6480,1690
,,,,,,12/05/2012 Total,,1,2,6480,1690
,,,,,,18/06/2012,$50K - $70K,1,6,7154,2124
,,,,,,18/06/2012 Total,,1,6,7154,2124
,,,,,,19/07/2012,$30K - $50K,1,6,2951,2516
,,,,,,19/07/2012 Total,,1,6,2951,2516
,,,,,,03/10/2012,$30K - $50K,1,2,6092,3417
,,,,,,03/10/2012 Total,,1,2,6092,3417
,,,,,,16/05/2013,$70K - $90K,1,5,1643,8361
,,,,,,16/05/2013 Total,,1,5,1643,8361
,,,,,USA Total,,,6,26,25193,19004
,,,,CA Total,,,,6,26,25193,19004
,,,San Diego Total,,,,,6,26,25193,19004
,,,San Francisco,CA,USA,12/10/2013,$10K - $30K,1,3,8282,12388
,,,,,,12/10/2013 Total,,1,3,8282,12388
,,,,,USA Total,,,1,3,8282,12388
,,,,CA Total,,,,1,3,8282,12388
,,,San Francisco Total,,,,,1,3,8282,12388
,,,Seattle,WA,USA,02/01/2012,$30K - $50K,1,4,6253,45
,,,,,,02/01/2012 Total,,1,4,6253,45
,,,,,,18/02/2012,$70K - $90K,1,4,8853,509
,,,,,,18/02/2012 Total,,1,4,8853,509
,,,,,,28/09/2012,$110K - $130K,1,6,779,3364
,,,,,,28/09/2012 Total,,1,6,779,3364
,,,,,,16/02/2013,$70K - $90K,1,2,10257,5933
,,,,,,16/02/2013 Total,,1,2,10257,5933
,,,,,,24/02/2013,$10K - $30K,1,2,5636,6188
,,,,,,24/02/2013 Total,,1,2,5636,6188
,,,,,,08/04/2013,$10K - $30K,1,5,1370,7314
,,,,,,08/04/2013 Total,,1,5,1370,7314
,,,,,,10/09/2013,$30K - $50K,1,4,2600,11509
,,,,,,10/09/2013 Total,,1,4,2600,11509
,,,,,USA Total,,,7,27,35748,34862
,,,,WA Total,,,,7,27,35748,34862
,,,Seattle Total,,,,,7,27,35748,34862
,,,Spokane,WA,USA,09/05/2012,$70K - $90K,1,6,2378,1653
,,,,,,09/05/2012 Total,,1,6,2378,1653
,,,,,,21/06/2012,$10K - $30K,1,4,1310,2172
,,,,,,21/06/2012 Total,,1,4,1310,2172
,,,,,,11/07/2012,$30K - $50K,1,5,1528,2395
,,,,,,11/07/2012 Total,,1,5,1528,2395
,,,,,,02/10/2012,$10K - $30K,1,6,6912,3404
,,,,,,02/10/2012 Total,,1,6,6912,3404
,,,,,,11/01/2013,$10K - $30K,1,5,6912,4975
,,,,,,11/01/2013 Total,,1,5,6912,4975
,,,,,,10/04/2013,$30K - $50K,1,3,4676,7377
,,,,,,10/04/2013 Total,,1,3,4676,7377
,,,,,,19/05/2013,$130K - $150K,1,3,1491,8436
,,,,,,19/05/2013 Total,,1,3,1491,8436
,,,,,,13/09/2013,$30K - $50K,1,4,10173,11598
,,,,,,13/09/2013 Total,,1,4,10173,11598
,,,,,,28/09/2013,$70K - $90K,1,2,2378,12034
,,,,,,28/09/2013 Total,,1,2,2378,12034
,,,,,,20/10/2013,$90K - $110K,1,3,2224,12611
,,,,,,20/10/2013 Total,,1,3,2224,12611
,,,,,USA Total,,,10,41,39982,66655
,,,,WA Total,,,,10,41,39982,66655
,,,Spokane Total,,,,,10,41,39982,66655
,,,Tacoma,WA,USA,04/02/2012,$10K - $30K,1,3,5341,353
,,,,,,04/02/2012 Total,,1,3,5341,353
,,,,,,24/03/2012,$30K - $50K,1,6,8108,988
,,,,,,24/03/2012 Total,,1,6,8108,988
,,,,,,05/05/2012,$70K - $90K,1,3,8435,1606
,,,,,,05/05/2012 Total,,1,3,8435,1606
,,,,,,11/05/2012,$30K - $50K,1,6,1497,1680
,,,,,,11/05/2012 Total,,1,6,1497,1680
,,,,,,22/06/2012,$110K - $130K,1,3,4615,2194
,,,,,,22/06/2012 Total,,1,3,4615,2194
,,,,,,13/07/2012,$110K - $130K,1,5,5644,2429
,,,,,,13/07/2012 Total,,1,5,5644,2429
,,,,,,17/12/2012,$10K - $30K,1,3,7831,4462
,,,,,,17/12/2012 Total,,1,3,7831,4462
,,,,,,13/01/2013,$70K - $90K,1,6,6313,5016
,,,,,,13/01/2013 Total,,1,6,6313,5016
,,,,,,20/04/2013,$30K - $50K,1,4,9006,7630
,,,,,,20/04/2013 Total,,1,4,9006,7630
,,,,,,28/09/2013,$10K - $30K,1,4,9976,12024
,,,,,,28/09/2013 Total,,1,4,9976,12024
,,,,,,03/10/2013,$30K - $50K,1,4,10262,12144
,,,,,,03/10/2013 Total,,1,4,10262,12144
,,,,,USA Total,,,11,47,77028,50526
,,,,WA Total,,,,11,47,77028,50526
,,,Tacoma Total,,,,,11,47,77028,50526
,,,Vancouver,BC,Canada,07/02/2013,$50K - $70K,1,3,3280,5698
,,,,,,07/02/2013 Total,,1,3,3280,5698
,,,,,,09/02/2013,$70K - $90K,1,5,7245,5735
,,,,,,09/02/2013 Total,,1,5,7245,5735
,,,,,,29/07/2013,$50K - $70K,1,3,10220,10381
,,,,,,29/07/2013 Total,,1,3,10220,10381
,,,,,,01/12/2013,$30K - $50K,1,4,162,13754
,,,,,,01/12/2013 Total,,1,4,162,13754
,,,,,Canada Total,,,4,15,20907,35568
,,,,BC Total,,,,4,15,20907,35568
,,,Vancouver Total,,,,,4,15,20907,35568
,,,Victoria,BC,Canada,19/01/2013,$10K - $30K,1,4,7874,5169
,,,,,,19/01/2013 Total,,1,4,7874,5169
,,,,,,27/05/2013,$10K - $30K,1,3,8585,8669
,,,,,,27/05/2013 Total,,1,3,8585,8669
,,,,,,06/11/2013,$130K - $150K,1,4,480,13103
,,,,,,06/11/2013 Total,,1,4,480,13103
,,,,,Canada Total,,,3,11,16939,26941
,,,,BC Total,,,,3,11,16939,26941
,,,Victoria Total,,,,,3,11,16939,26941
,,,Walla Walla,WA,USA,11/08/2012,$10K - $30K,1,3,1974,2797
,,,,,,11/08/2012 Total,,1,3,1974,2797
,,,,,USA Total,,,1,3,1974,2797
,,,,WA Total,,,,1,3,1974,2797
,,,Walla Walla Total,,,,,1,3,1974,2797
,,,Yakima,WA,USA,30/01/2012,$130K - $150K,1,2,8578,271
,,,,,,30/01/2012 Total,,1,2,8578,271
,,,,,,03/11/2012,$150K +,1,6,354,3804
,,,,,,03/11/2012 Total,,1,6,354,3804
,,,,,,29/09/2013,$70K - $90K,1,3,9169,12047
,,,,,,29/09/2013 Total,,1,3,9169,12047
,,,,,,06/12/2013,$50K - $70K,1,3,5019,13840
,,,,,,06/12/2013 Total,,1,3,5019,13840
,,,,,USA Total,,,4,14,23120,29962
,,,,WA Total,,,,4,14,23120,29962
,,,Yakima Total,,,,,4,14,23120,29962
,,M Total,,,,,,110,451,576658,719099
,,S,Acapulco,Guerrero,Mexico,10/02/2013,$30K - $50K,1,6,1805,5776
,,,,,,10/02/2013 Total,,1,6,1805,5776
,,,,,,25/03/2013,$10K - $30K,1,5,9586,6930
,,,,,,25/03/2013 Total,,1,5,9586,6930
,,,,,,14/05/2013,$10K - $30K,1,5,6358,8298
,,,,,,14/05/2013 Total,,1,5,6358,8298
,,,,,,22/07/2013,$30K - $50K,1,4,6604,10216
,,,,,,22/07/2013 Total,,1,4,6604,10216
,,,,,,08/12/2013,$50K - $70K,1,4,9432,13860
,,,,,,08/12/2013 Total,,1,4,9432,13860
,,,,,Mexico Total,,,5,24,33785,45080
,,,,Guerrero Total,,,,5,24,33785,45080
,,,Acapulco Total,,,,,5,24,33785,45080
,,,Beverly Hills,CA,USA,07/05/2012,$30K - $50K,1,4,6628,1627
,,,,,,07/05/2012 Total,,1,4,6628,1627
,,,,,,28/06/2012,$50K - $70K,1,4,5674,2262
,,,,,,28/06/2012 Total,,1,4,5674,2262
,,,,,,21/07/2012,$10K - $30K,1,6,6892,2532
,,,,,,21/07/2012 Total,,1,6,6892,2532
,,,,,,03/04/2013,$30K - $50K,1,5,1484,7190
,,,,,,03/04/2013 Total,,1,5,1484,7190
,,,,,,08/08/2013,$10K - $30K,1,4,2619,10626
,,,,,,08/08/2013 Total,,1,4,2619,10626
,,,,,,22/09/2013,$70K - $90K,1,5,4520,11844
,,,,,,22/09/2013 Total,,1,5,4520,11844
,,,,,,20/10/2013,$50K - $70K,1,4,10083,12613
,,,,,,20/10/2013 Total,,1,4,10083,12613
,,,,,,20/11/2013,$30K - $50K,1,3,7306,13479
,,,,,,20/11/2013 Total,,1,3,7306,13479
,,,,,,15/12/2013,$130K - $150K,1,5,8154,13957
,,,,,,15/12/2013 Total,,1,5,8154,13957
,,,,,USA Total,,,9,40,53360,76130
,,,,CA Total,,,,9,40,53360,76130
,,,Beverly Hills Total,,,,,9,40,53360,76130
,,,Bremerton,WA,USA,18/07/2012,$70K - $90K,1,3,8202,2502
,,,,,,18/07/2012 Total,,1,3,8202,2502
,,,,,,10/11/2012,$70K - $90K,1,6,4078,3899
,,,,,,10/11/2012 Total,,1,6,4078,3899
,,,,,,10/04/2013,$150K +,1,6,2298,7379
,,,,,,10/04/2013 Total,,1,6,2298,7379
,,,,,,05/07/2013,$30K - $50K,1,4,5134,9710
,,,,,,05/07/2013 Total,,1,4,5134,9710
,,,,,,16/07/2013,$10K - $30K,1,4,3787,10036
,,,,,,16/07/2013 Total,,1,4,3787,10036
,,,,,,09/09/2013,$30K - $50K,1,4,10033,11458
,,,,,,09/09/2013 Total,,1,4,10033,11458
,,,,,,16/09/2013,$10K - $30K,1,6,7810,11682
,,,,,,16/09/2013 Total,,1,6,7810,11682
,,,,,USA Total,,,7,33,41342,56666
,,,,WA Total,,,,7,33,41342,56666
,,,Bremerton Total,,,,,7,33,41342,56666
,,,Camacho,Zacatecas,Mexico,20/01/2013,$10K - $30K,1,5,767,5198
,,,,,,20/01/2013 Total,,1,5,767,5198
,,,,,,30/05/2013,$50K - $70K,1,4,2015,8753
,,,,,,30/05/2013 Total,,1,4,2015,8753
,,,,,,22/07/2013,$30K - $50K,1,5,1845,10212
,,,,,,22/07/2013 Total,,1,5,1845,10212
,,,,,,25/08/2013,$70K - $90K,1,2,7121,11084
,,,,,,25/08/2013 Total,,1,2,7121,11084
,,,,,,06/09/2013,$10K - $30K,1,3,7593,11399
,,,,,,06/09/2013 Total,,1,3,7593,11399
,,,,,Mexico Total,,,5,19,19341,46646
,,,,Zacatecas Total,,,,5,19,19341,46646
,,,Camacho Total,,,,,5,19,19341,46646
,,,Hidalgo,Zacatecas,Mexico,08/02/2013,$70K - $90K,1,4,4325,5717
,,,,,,08/02/2013 Total,,1,4,4325,5717
,,,,,,17/04/2013,$30K - $50K,1,6,272,7529
,,,,,,17/04/2013 Total,,1,6,272,7529
,,,,,,31/05/2013,$10K - $30K,1,4,4731,8787
,,,,,,31/05/2013 Total,,1,4,4731,8787
,,,,,,14/06/2013,$90K - $110K,1,4,1571,9132
,,,,,,14/06/2013 Total,,1,4,1571,9132
,,,,,,10/07/2013,$30K - $50K,1,2,1284,9865
,,,,,,10/07/2013 Total,,1,2,1284,9865
,,,,,,21/08/2013,$30K - $50K,1,3,7782,10979
,,,,,,21/08/2013 Total,,1,3,7782,10979
,,,,,,15/09/2013,$30K - $50K,1,3,5148,11634
,,,,,,15/09/2013 Total,,1,3,5148,11634
,,,,,,17/09/2013,$10K - $30K,1,4,1853,11688
,,,,,,17/09/2013 Total,,1,4,1853,11688
,,,,,Mexico Total,,,8,30,26966,75331
,,,,Zacatecas Total,,,,8,30,26966,75331
,,,Hidalgo Total,,,,,8,30,26966,75331
,,,Los Angeles,CA,USA,27/01/2012,$10K - $30K,1,4,1748,238
,,,,,,27/01/2012 Total,,1,4,1748,238
,,,,,,18/04/2012,$10K - $30K,1,2,7465,1351
,,,,,,18/04/2012 Total,,1,2,7465,1351
,,,,,,22/12/2012,$30K - $50K,1,3,755,4536
,,,,,,22/12/2012 Total,,1,3,755,4536
,,,,,,04/07/2013,$10K - $30K,1,3,6717,9694
,,,,,,04/07/2013 Total,,1,3,6717,9694
,,,,,,03/08/2013,$30K - $50K,1,5,7535,10503
,,,,,,03/08/2013 Total,,1,5,7535,10503
,,,,,,22/09/2013,$30K - $50K,1,6,967,11840
,,,,,,22/09/2013 Total,,1,6,967,11840
,,,,,USA Total,,,6,23,25187,38162
,,,,CA Total,,,,6,23,25187,38162
,,,Los Angeles Total,,,,,6,23,25187,38162
,,,Merida,Yucatan,Mexico,21/02/2013,$50K - $70K,1,4,7812,6084
,,,,,,21/02/2013 Total,,1,4,7812,6084
,,,,,,23/06/2013,$30K - $50K,1,3,2475,9406
,,,,,,23/06/2013 Total,,1,3,2475,9406
,,,,,,05/08/2013,$50K - $70K,1,6,7812,10548
,,,,,,05/08/2013 Total,,1,6,7812,10548
,,,,,,05/09/2013,$30K - $50K,1,5,3982,11381
,,,,,,05/09/2013 Total,,1,5,3982,11381
,,,,,,18/09/2013,$50K - $70K,1,6,5129,11728
,,,,,,18/09/2013 Total,,1,6,5129,11728
,,,,,,22/09/2013,$10K - $30K,1,2,2118,11829
,,,,,,,$110K - $130K,1,3,9990,11852
,,,,,,22/09/2013 Total,,2,5,12108,23681
,,,,,,01/11/2013,$30K - $50K,1,3,7221,12943
,,,,,,01/11/2013 Total,,1,3,7221,12943
,,,,,Mexico Total,,,8,32,46539,85771
,,,,Yucatan Total,,,,8,32,46539,85771
,,,Merida Total,,,,,8,32,46539,85771
,,,Mexico City,DF,Mexico,08/04/2013,$130K - $150K,1,4,8683,7325
,,,,,,08/04/2013 Total,,1,4,8683,7325
,,,,,Mexico Total,,,1,4,8683,7325
,,,,DF Total,,,,1,4,8683,7325
,,,Mexico City Total,,,,,1,4,8683,7325
,,,Orizaba,Veracruz,Mexico,01/02/2013,$50K - $70K,1,4,8228,5519
,,,,,,01/02/2013 Total,,1,4,8228,5519
,,,,,,19/09/2013,$50K - $70K,1,3,2481,11751
,,,,,,19/09/2013 Total,,1,3,2481,11751
,,,,,,10/12/2013,$30K - $50K,1,5,3602,13904
,,,,,,10/12/2013 Total,,1,5,3602,13904
,,,,,Mexico Total,,,3,12,14311,31174
,,,,Veracruz Total,,,,3,12,14311,31174
,,,Orizaba Total,,,,,3,12,14311,31174
,,,Portland,OR,USA,02/05/2012,$30K - $50K,1,5,5682,1549
,,,,,,02/05/2012 Total,,1,5,5682,1549
,,,,,,01/06/2012,$30K - $50K,1,4,5682,1937
,,,,,,01/06/2012 Total,,1,4,5682,1937
,,,,,,23/02/2013,$10K - $30K,1,3,1195,6135
,,,,,,23/02/2013 Total,,1,3,1195,6135
,,,,,,27/05/2013,$50K - $70K,1,2,9237,8666
,,,,,,27/05/2013 Total,,1,2,9237,8666
,,,,,,13/11/2013,$50K - $70K,1,4,6937,13306
,,,,,,13/11/2013 Total,,1,4,6937,13306
,,,,,USA Total,,,5,18,28733,31593
,,,,OR Total,,,,5,18,28733,31593
,,,Portland Total,,,,,5,18,28733,31593
,,,Salem,OR,USA,15/02/2012,$30K - $50K,1,3,8269,479
,,,,,,15/02/2012 Total,,1,3,8269,479
,,,,,,02/04/2012,$10K - $30K,1,5,504,1122
,,,,,,02/04/2012 Total,,1,5,504,1122
,,,,,,12/04/2012,$50K - $70K,1,5,1991,1260
,,,,,,12/04/2012 Total,,1,5,1991,1260
,,,,,,02/02/2013,$30K - $50K,1,3,8269,5533
,,,,,,02/02/2013 Total,,1,3,8269,5533
,,,,,,17/02/2013,$90K - $110K,1,5,7292,5985
,,,,,,17/02/2013 Total,,1,5,7292,5985
,,,,,,26/02/2013,$30K - $50K,1,3,1053,6242
,,,,,,26/02/2013 Total,,1,3,1053,6242
,,,,,,08/03/2013,$90K - $110K,1,3,5958,6516
,,,,,,08/03/2013 Total,,1,3,5958,6516
,,,,,,02/09/2013,$10K - $30K,1,5,7182,11301
,,,,,,02/09/2013 Total,,1,5,7182,11301
,,,,,,17/11/2013,$130K - $150K,1,5,2468,13424
,,,,,,17/11/2013 Total,,1,5,2468,13424
,,,,,USA Total,,,9,37,42986,51862
,,,,OR Total,,,,9,37,42986,51862
,,,Salem Total,,,,,9,37,42986,51862
,,,San Andres,DF,Mexico,21/02/2013,$90K - $110K,1,4,4223,6099
,,,,,,21/02/2013 Total,,1,4,4223,6099
,,,,,,16/04/2013,$30K - $50K,1,6,7685,7514
,,,,,,16/04/2013 Total,,1,6,7685,7514
,,,,,,20/05/2013,$50K - $70K,1,3,1171,8447
,,,,,,20/05/2013 Total,,1,3,1171,8447
,,,,,,28/08/2013,$50K - $70K,1,3,1171,11154
,,,,,,28/08/2013 Total,,1,3,1171,11154
,,,,,,10/09/2013,$10K - $30K,1,3,5727,11493
,,,,,,10/09/2013 Total,,1,3,5727,11493
,,,,,,25/09/2013,$10K - $30K,1,5,3363,11920
,,,,,,25/09/2013 Total,,1,5,3363,11920
,,,,,Mexico Total,,,6,24,23340,56627
,,,,DF Total,,,,6,24,23340,56627
,,,San Andres Total,,,,,6,24,23340,56627
,,,San Diego,CA,USA,28/01/2012,$30K - $50K,1,3,6501,257
,,,,,,28/01/2012 Total,,1,3,6501,257
,,,,,,07/04/2012,$30K - $50K,1,3,5914,1203
,,,,,,07/04/2012 Total,,1,3,5914,1203
,,,,,,05/05/2012,$50K - $70K,1,7,1428,1610
,,,,,,05/05/2012 Total,,1,7,1428,1610
,,,,,,14/01/2013,$30K - $50K,1,4,9433,5045
,,,,,,14/01/2013 Total,,1,4,9433,5045
,,,,,,09/02/2013,$70K - $90K,1,6,8602,5748
,,,,,,09/02/2013 Total,,1,6,8602,5748
,,,,,,14/02/2013,$70K - $90K,1,3,10003,5884
,,,,,,14/02/2013 Total,,1,3,10003,5884
,,,,,,02/05/2013,$30K - $50K,1,6,6219,7958
,,,,,,02/05/2013 Total,,1,6,6219,7958
,,,,,,14/06/2013,$30K - $50K,1,3,3968,9146
,,,,,,14/06/2013 Total,,1,3,3968,9146
,,,,,USA Total,,,8,35,52068,36851
,,,,CA Total,,,,8,35,52068,36851
,,,San Diego Total,,,,,8,35,52068,36851
,,,San Francisco,CA,USA,19/09/2013,$50K - $70K,1,4,604,11742
,,,,,,19/09/2013 Total,,1,4,604,11742
,,,,,USA Total,,,1,4,604,11742
,,,,CA Total,,,,1,4,604,11742
,,,San Francisco Total,,,,,1,4,604,11742
,,,Seattle,WA,USA,05/12/2012,$10K - $30K,1,6,3131,4268
,,,,,,05/12/2012 Total,,1,6,3131,4268
,,,,,,17/11/2013,$10K - $30K,1,3,3731,13404
,,,,,,17/11/2013 Total,,1,3,3731,13404
,,,,,USA Total,,,2,9,6862,17672
,,,,WA Total,,,,2,9,6862,17672
,,,Seattle Total,,,,,2,9,6862,17672
,,,Spokane,WA,USA,29/03/2012,$30K - $50K,1,4,6114,1062
,,,,,,29/03/2012 Total,,1,4,6114,1062
,,,,,,06/06/2012,$90K - $110K,1,3,7072,2011
,,,,,,06/06/2012 Total,,1,3,7072,2011
,,,,,,25/09/2012,$30K - $50K,1,5,769,3326
,,,,,,25/09/2012 Total,,1,5,769,3326
,,,,,,30/01/2013,$70K - $90K,1,4,9510,5443
,,,,,,30/01/2013 Total,,1,4,9510,5443
,,,,,,29/03/2013,$50K - $70K,1,6,4925,7052
,,,,,,29/03/2013 Total,,1,6,4925,7052
,,,,,,18/04/2013,$10K - $30K,1,3,9200,7562
,,,,,,18/04/2013 Total,,1,3,9200,7562
,,,,,,09/10/2013,$10K - $30K,1,6,5592,12316
,,,,,,09/10/2013 Total,,1,6,5592,12316
,,,,,USA Total,,,7,31,43182,38772
,,,,WA Total,,,,7,31,43182,38772
,,,Spokane Total,,,,,7,31,43182,38772
,,,Tacoma,WA,USA,10/03/2012,$10K - $30K,1,4,8442,777
,,,,,,10/03/2012 Total,,1,4,8442,777
,,,,,,19/08/2012,$10K - $30K,1,4,3552,2890
,,,,,,19/08/2012 Total,,1,4,3552,2890
,,,,,,05/01/2013,$10K - $30K,1,5,1145,4827
,,,,,,05/01/2013 Total,,1,5,1145,4827
,,,,,,07/04/2013,$10K - $30K,1,3,770,7275
,,,,,,07/04/2013 Total,,1,3,770,7275
,,,,,,17/04/2013,$30K - $50K,1,4,7282,7539
,,,,,,17/04/2013 Total,,1,4,7282,7539
,,,,,,10/06/2013,$10K - $30K,1,6,2918,9044
,,,,,,10/06/2013 Total,,1,6,2918,9044
,,,,,USA Total,,,6,26,24109,32352
,,,,WA Total,,,,6,26,24109,32352
,,,Tacoma Total,,,,,6,26,24109,32352
,,,Vancouver,BC,Canada,19/12/2012,$10K - $30K,1,4,423,4490
,,,,,,19/12/2012 Total,,1,4,423,4490
,,,,,,24/03/2013,$130K - $150K,1,5,494,6907
,,,,,,24/03/2013 Total,,1,5,494,6907
,,,,,,20/04/2013,$10K - $30K,1,2,6259,7634
,,,,,,20/04/2013 Total,,1,2,6259,7634
,,,,,,07/05/2013,$70K - $90K,1,4,305,8105
,,,,,,07/05/2013 Total,,1,4,305,8105
,,,,,,23/06/2013,$110K - $130K,1,2,6272,9397
,,,,,,23/06/2013 Total,,1,2,6272,9397
,,,,,,08/09/2013,$10K - $30K,1,6,2300,11444
,,,,,,08/09/2013 Total,,1,6,2300,11444
,,,,,,14/09/2013,$130K - $150K,1,4,7418,11613
,,,,,,14/09/2013 Total,,1,4,7418,11613
,,,,,,26/09/2013,$30K - $50K,1,5,4023,11961
,,,,,,26/09/2013 Total,,1,5,4023,11961
,,,,,Canada Total,,,8,32,27494,71551
,,,,BC Total,,,,8,32,27494,71551
,,,Vancouver Total,,,,,8,32,27494,71551
,,,Victoria,BC,Canada,11/04/2013,$30K - $50K,1,6,3833,7401
,,,,,,11/04/2013 Total,,1,6,3833,7401
,,,,,Canada Total,,,1,6,3833,7401
,,,,BC Total,,,,1,6,3833,7401
,,,Victoria Total,,,,,1,6,3833,7401
,,,Walla Walla,WA,USA,13/07/2012,$50K - $70K,1,2,8587,2431
,,,,,,13/07/2012 Total,,1,2,8587,2431
,,,,,,11/05/2013,$130K - $150K,1,2,3643,8233
,,,,,,11/05/2013 Total,,1,2,3643,8233
,,,,,USA Total,,,2,4,12230,10664
,,,,WA Total,,,,2,4,12230,10664
,,,Walla Walla Total,,,,,2,4,12230,10664
,,,Yakima,WA,USA,12/04/2012,$110K - $130K,1,5,9967,1272
,,,,,,12/04/2012 Total,,1,5,9967,1272
,,,,,USA Total,,,1,5,9967,1272
,,,,WA Total,,,,1,5,9967,1272
,,,Yakima Total,,,,,1,5,9967,1272
,,S Total,,,,,,108,448,544922,830644
,F Total,,,,,,,218,899,1121580,1549743
,M,M,Acapulco,Guerrero,Mexico,06/07/2013,$70K - $90K,1,3,6944,9736
,,,,,,06/07/2013 Total,,1,3,6944,9736
,,,,,,17/12/2013,$10K - $30K,1,5,6631,13966
,,,,,,17/12/2013 Total,,1,5,6631,13966
,,,,,Mexico Total,,,2,8,13575,23702
,,,,Guerrero Total,,,,2,8,13575,23702
,,,Acapulco Total,,,,,2,8,13575,23702
,,,Beverly Hills,CA,USA,19/01/2012,$50K - $70K,1,5,1906,156
,,,,,,19/01/2012 Total,,1,5,1906,156
,,,,,,04/10/2012,$10K - $30K,1,2,1650,3444
,,,,,,04/10/2012 Total,,1,2,1650,3444
,,,,,,04/01/2013,$10K - $30K,1,5,2712,4801
,,,,,,04/01/2013 Total,,1,5,2712,4801
,,,,,,21/02/2013,$30K - $50K,1,2,5031,6086
,,,,,,21/02/2013 Total,,1,2,5031,6086
,,,,,,03/08/2013,$110K - $130K,1,2,3810,10516
,,,,,,03/08/2013 Total,,1,2,3810,10516
,,,,,,16/09/2013,$10K - $30K,1,5,5519,11674
,,,,,,16/09/2013 Total,,1,5,5519,11674
,,,,,USA Total,,,6,21,20628,36677
,,,,CA Total,,,,6,21,20628,36677
,,,Beverly Hills Total,,,,,6,21,20628,36677
,,,Bremerton,WA,USA,07/01/2012,$10K - $30K,1,5,2061,65
,,,,,,07/01/2012 Total,,1,5,2061,65
,,,,,,27/05/2012,$30K - $50K,1,3,6496,1880
,,,,,,27/05/2012 Total,,1,3,6496,1880
,,,,,,12/07/2012,$30K - $50K,1,4,1341,2413
,,,,,,12/07/2012 Total,,1,4,1341,2413
,,,,,,29/07/2012,$70K - $90K,1,4,4417,2630
,,,,,,29/07/2012 Total,,1,4,4417,2630
,,,,,,29/09/2012,$10K - $30K,1,2,2061,3366
,,,,,,29/09/2012 Total,,1,2,2061,3366
,,,,,,16/10/2012,$30K - $50K,1,3,5063,3602
,,,,,,16/10/2012 Total,,1,3,5063,3602
,,,,,,03/11/2012,$10K - $30K,1,5,4527,3815
,,,,,,03/11/2012 Total,,1,5,4527,3815
,,,,,,14/01/2013,$30K - $50K,1,3,647,5038
,,,,,,14/01/2013 Total,,1,3,647,5038
,,,,,,27/02/2013,$90K - $110K,1,5,5973,6262
,,,,,,27/02/2013 Total,,1,5,5973,6262
,,,,,,14/10/2013,$30K - $50K,1,5,924,12441
,,,,,,14/10/2013 Total,,1,5,924,12441
,,,,,USA Total,,,10,39,33510,41512
,,,,WA Total,,,,10,39,33510,41512
,,,Bremerton Total,,,,,10,39,33510,41512
,,,Camacho,Zacatecas,Mexico,13/11/2013,$50K - $70K,1,6,4732,13312
,,,,,,13/11/2013 Total,,1,6,4732,13312
,,,,,Mexico Total,,,1,6,4732,13312
,,,,Zacatecas Total,,,,1,6,4732,13312
,,,Camacho Total,,,,,1,6,4732,13312
,,,Hidalgo,Zacatecas,Mexico,01/05/2013,$30K - $50K,1,4,5900,7934
,,,,,,01/05/2013 Total,,1,4,5900,7934
,,,,,,26/06/2013,$130K - $150K,1,6,1612,9464
,,,,,,26/06/2013 Total,,1,6,1612,9464
,,,,,,17/07/2013,$30K - $50K,1,4,1222,10067
,,,,,,17/07/2013 Total,,1,4,1222,10067
,,,,,,10/08/2013,$30K - $50K,1,2,7793,10699
,,,,,,10/08/2013 Total,,1,2,7793,10699
,,,,,,13/09/2013,$30K - $50K,1,3,1693,11595
,,,,,,13/09/2013 Total,,1,3,1693,11595
,,,,,,25/10/2013,$30K - $50K,1,6,7793,12747
,,,,,,25/10/2013 Total,,1,6,7793,12747
,,,,,,29/11/2013,$30K - $50K,1,6,5700,13686
,,,,,,29/11/2013 Total,,1,6,5700,13686
,,,,,Mexico Total,,,7,31,31713,76192
,,,,Zacatecas Total,,,,7,31,31713,76192
,,,Hidalgo Total,,,,,7,31,31713,76192
,,,Los Angeles,CA,USA,06/03/2012,$110K - $130K,1,5,879,722
,,,,,,06/03/2012 Total,,1,5,879,722
,,,,,,15/03/2012,$10K - $30K,1,4,1392,860
,,,,,,15/03/2012 Total,,1,4,1392,860
,,,,,,04/05/2012,$30K - $50K,1,5,312,1579
,,,,,,04/05/2012 Total,,1,5,312,1579
,,,,,,11/08/2012,$30K - $50K,1,4,6072,2796
,,,,,,11/08/2012 Total,,1,4,6072,2796
,,,,,,23/11/2012,$50K - $70K,1,3,8046,4092
,,,,,,23/11/2012 Total,,1,3,8046,4092
,,,,,,26/04/2013,$30K - $50K,1,3,2581,7797
,,,,,,26/04/2013 Total,,1,3,2581,7797
,,,,,,16/11/2013,$10K - $30K,1,4,4138,13399
,,,,,,16/11/2013 Total,,1,4,4138,13399
,,,,,USA Total,,,7,28,23420,31245
,,,,CA Total,,,,7,28,23420,31245
,,,Los Angeles Total,,,,,7,28,23420,31245
,,,Merida,Yucatan,Mexico,29/01/2013,$110K - $130K,1,4,3661,5420
,,,,,,29/01/2013 Total,,1,4,3661,5420
,,,,,,03/06/2013,$130K - $150K,1,6,2998,8859
,,,,,,03/06/2013 Total,,1,6,2998,8859
,,,,,,16/07/2013,$90K - $110K,1,3,8615,10032
,,,,,,16/07/2013 Total,,1,3,8615,10032
,,,,,,17/07/2013,$110K - $130K,1,3,4592,10055
,,,,,,17/07/2013 Total,,1,3,4592,10055
,,,,,,21/07/2013,$30K - $50K,1,4,486,10170
,,,,,,21/07/2013 Total,,1,4,486,10170
,,,,,Mexico Total,,,5,20,20352,44536
,,,,Yucatan Total,,,,5,20,20352,44536
,,,Merida Total,,,,,5,20,20352,44536
,,,Orizaba,Veracruz,Mexico,30/01/2013,$30K - $50K,1,3,2697,5460
,,,,,,30/01/2013 Total,,1,3,2697,5460
,,,,,Mexico Total,,,1,3,2697,5460
,,,,Veracruz Total,,,,1,3,2697,5460
,,,Orizaba Total,,,,,1,3,2697,5460
,,,Portland,OR,USA,20/05/2012,$70K - $90K,1,4,8403,1796
,,,,,,20/05/2012 Total,,1,4,8403,1796
,,,,,,09/06/2012,$10K - $30K,1,5,3438,2035
,,,,,,09/06/2012 Total,,1,5,3438,2035
,,,,,,13/10/2012,$150K +,1,3,1587,3565
,,,,,,13/10/2012 Total,,1,3,1587,3565
,,,,,,11/01/2013,$10K - $30K,1,4,5733,4964
,,,,,,11/01/2013 Total,,1,4,5733,4964
,,,,,,01/03/2013,$50K - $70K,1,3,4420,6332
,,,,,,01/03/2013 Total,,1,3,4420,6332
,,,,,,31/07/2013,$10K - $30K,1,4,1084,10417
,,,,,,31/07/2013 Total,,1,4,1084,10417
,,,,,,19/11/2013,$90K - $110K,1,4,10277,13457
,,,,,,19/11/2013 Total,,1,4,10277,13457
,,,,,USA Total,,,7,27,34942,42566
,,,,OR Total,,,,7,27,34942,42566
,,,Portland Total,,,,,7,27,34942,42566
,,,Salem,OR,USA,25/02/2012,$90K - $110K,1,3,8901,589
,,,,,,25/02/2012 Total,,1,3,8901,589
,,,,,,11/05/2012,$30K - $50K,1,3,8814,1675
,,,,,,11/05/2012 Total,,1,3,8814,1675
,,,,,,29/06/2012,$130K - $150K,1,3,7715,2281
,,,,,,29/06/2012 Total,,1,3,7715,2281
,,,,,,11/07/2012,$10K - $30K,1,3,4413,2410
,,,,,,11/07/2012 Total,,1,3,4413,2410
,,,,,,06/09/2012,$70K - $90K,1,4,7570,3108
,,,,,,06/09/2012 Total,,1,4,7570,3108
,,,,,,12/11/2012,$50K - $70K,1,4,9929,3918
,,,,,,12/11/2012 Total,,1,4,9929,3918
,,,,,,25/12/2012,$10K - $30K,1,5,2086,4593
,,,,,,25/12/2012 Total,,1,5,2086,4593
,,,,,,07/01/2013,$50K - $70K,1,5,9929,4885
,,,,,,07/01/2013 Total,,1,5,9929,4885
,,,,,,20/01/2013,$30K - $50K,1,5,3599,5192
,,,,,,20/01/2013 Total,,1,5,3599,5192
,,,,,,05/06/2013,$10K - $30K,1,6,2614,8914
,,,,,,05/06/2013 Total,,1,6,2614,8914
,,,,,,11/10/2013,$30K - $50K,1,4,4508,12347
,,,,,,11/10/2013 Total,,1,4,4508,12347
,,,,,,29/11/2013,$50K - $70K,1,3,1721,13694
,,,,,,29/11/2013 Total,,1,3,1721,13694
,,,,,USA Total,,,12,48,71799,63606
,,,,OR Total,,,,12,48,71799,63606
,,,Salem Total,,,,,12,48,71799,63606
,,,San Andres,DF,Mexico,30/12/2012,$50K - $70K,1,4,389,4698
,,,,,,30/12/2012 Total,,1,4,389,4698
,,,,,,29/03/2013,$10K - $30K,1,7,7550,7057
,,,,,,29/03/2013 Total,,1,7,7550,7057
,,,,,,29/07/2013,$30K - $50K,1,3,9945,10388
,,,,,,29/07/2013 Total,,1,3,9945,10388
,,,,,Mexico Total,,,3,14,17884,22143
,,,,DF Total,,,,3,14,17884,22143
,,,San Andres Total,,,,,3,14,17884,22143
,,,San Diego,CA,USA,28/09/2012,$30K - $50K,1,4,8253,3353
,,,,,,28/09/2012 Total,,1,4,8253,3353
,,,,,,31/12/2012,$10K - $30K,1,5,7986,4719
,,,,,,31/12/2012 Total,,1,5,7986,4719
,,,,,,03/05/2013,$30K - $50K,1,4,4524,7988
,,,,,,03/05/2013 Total,,1,4,4524,7988
,,,,,,31/08/2013,$150K +,1,5,105,11233
,,,,,,31/08/2013 Total,,1,5,105,11233
,,,,,,14/09/2013,$10K - $30K,1,3,7814,11620
,,,,,,14/09/2013 Total,,1,3,7814,11620
,,,,,,31/10/2013,$110K - $130K,1,4,4176,12925
,,,,,,31/10/2013 Total,,1,4,4176,12925
,,,,,USA Total,,,6,25,32858,51838
,,,,CA Total,,,,6,25,32858,51838
,,,San Diego Total,,,,,6,25,32858,51838
,,,San Francisco,CA,USA,06/06/2012,$30K - $50K,1,4,8055,2004
,,,,,,06/06/2012 Total,,1,4,8055,2004
,,,,,,26/02/2013,$30K - $50K,1,1,1985,6234
,,,,,,26/02/2013 Total,,1,1,1985,6234
,,,,,USA Total,,,2,5,10040,8238
,,,,CA Total,,,,2,5,10040,8238
,,,San Francisco Total,,,,,2,5,10040,8238
,,,Seattle,WA,USA,09/04/2012,$70K - $90K,1,2,9285,1221
,,,,,,09/04/2012 Total,,1,2,9285,1221
,,,,,,08/01/2013,$10K - $30K,1,4,3966,4919
,,,,,,08/01/2013 Total,,1,4,3966,4919
,,,,,,31/03/2013,$30K - $50K,1,6,8325,7117
,,,,,,31/03/2013 Total,,1,6,8325,7117
,,,,,,10/04/2013,$70K - $90K,1,3,9285,7363
,,,,,,10/04/2013 Total,,1,3,9285,7363
,,,,,,17/05/2013,$30K - $50K,1,3,9455,8376
,,,,,,17/05/2013 Total,,1,3,9455,8376
,,,,,,26/05/2013,$30K - $50K,1,4,6870,8626
,,,,,,26/05/2013 Total,,1,4,6870,8626
,,,,,USA Total,,,6,22,47186,37622
,,,,WA Total,,,,6,22,47186,37622
,,,Seattle Total,,,,,6,22,47186,37622
,,,Spokane,WA,USA,03/02/2012,$10K - $30K,1,4,8427,338
,,,,,,03/02/2012 Total,,1,4,8427,338
,,,,,,04/10/2012,$30K - $50K,1,5,5174,3448
,,,,,,04/10/2012 Total,,1,5,5174,3448
,,,,,,08/05/2013,$10K - $30K,1,5,9728,8131
,,,,,,08/05/2013 Total,,1,5,9728,8131
,,,,,USA Total,,,3,14,23329,11917
,,,,WA Total,,,,3,14,23329,11917
,,,Spokane Total,,,,,3,14,23329,11917
,,,Tacoma,WA,USA,28/04/2012,$30K - $50K,1,4,448,1501
,,,,,,28/04/2012 Total,,1,4,448,1501
,,,,,,15/05/2012,$70K - $90K,1,5,7655,1720
,,,,,,15/05/2012 Total,,1,5,7655,1720
,,,,,,08/11/2012,$110K - $130K,1,4,5303,3887
,,,,,,08/11/2012 Total,,1,4,5303,3887
,,,,,,11/12/2012,$90K - $110K,1,3,6168,4359
,,,,,,11/12/2012 Total,,1,3,6168,4359
,,,,,,18/08/2013,$10K - $30K,1,5,1192,10905
,,,,,,18/08/2013 Total,,1,5,1192,10905
,,,,,,16/10/2013,$50K - $70K,1,6,7241,12488
,,,,,,16/10/2013 Total,,1,6,7241,12488
,,,,,USA Total,,,6,27,28007,34860
,,,,WA Total,,,,6,27,28007,34860
,,,Tacoma Total,,,,,6,27,28007,34860
,,,Vancouver,BC,Canada,05/05/2013,$30K - $50K,1,5,382,8056
,,,,,,05/05/2013 Total,,1,5,382,8056
,,,,,,20/09/2013,$30K - $50K,1,2,5077,11776
,,,,,,20/09/2013 Total,,1,2,5077,11776
,,,,,,07/12/2013,$30K - $50K,1,6,7566,13853
,,,,,,07/12/2013 Total,,1,6,7566,13853
,,,,,Canada Total,,,3,13,13025,33685
,,,,BC Total,,,,3,13,13025,33685
,,,Vancouver Total,,,,,3,13,13025,33685
,,,Victoria,BC,Canada,02/11/2013,$130K - $150K,1,3,2169,12998
,,,,,,02/11/2013 Total,,1,3,2169,12998
,,,,,Canada Total,,,1,3,2169,12998
,,,,BC Total,,,,1,3,2169,12998
,,,Victoria Total,,,,,1,3,2169,12998
,,,Yakima,WA,USA,27/05/2012,$70K - $90K,1,4,8769,1884
,,,,,,27/05/2012 Total,,1,4,8769,1884
,,,,,,22/06/2012,$70K - $90K,1,6,8769,2195
,,,,,,22/06/2012 Total,,1,6,8769,2195
,,,,,,30/07/2012,$70K - $90K,1,4,9134,2649
,,,,,,30/07/2012 Total,,1,4,9134,2649
,,,,,,03/09/2013,$70K - $90K,1,4,1917,11310
,,,,,,03/09/2013 Total,,1,4,1917,11310
,,,,,USA Total,,,4,18,28589,18038
,,,,WA Total,,,,4,18,28589,18038
,,,Yakima Total,,,,,4,18,28589,18038
,,M Total,,,,,,92,372,460455,610147
,,S,Acapulco,Guerrero,Mexico,16/03/2013,$70K - $90K,1,7,8106,6727
,,,,,,16/03/2013 Total,,1,7,8106,6727
,,,,,,14/04/2013,$110K - $130K,1,5,1588,7475
,,,,,,14/04/2013 Total,,1,5,1588,7475
,,,,,,16/08/2013,$10K - $30K,1,5,8176,10857
,,,,,,16/08/2013 Total,,1,5,8176,10857
,,,,,,12/11/2013,$70K - $90K,1,3,8106,13260
,,,,,,12/11/2013 Total,,1,3,8106,13260
,,,,,Mexico Total,,,4,20,25976,38319
,,,,Guerrero Total,,,,4,20,25976,38319
,,,Acapulco Total,,,,,4,20,25976,38319
,,,Beverly Hills,CA,USA,19/03/2012,$30K - $50K,1,4,3052,917
,,,,,,19/03/2012 Total,,1,4,3052,917
,,,,,,03/11/2013,$70K - $90K,1,4,2106,13020
,,,,,,03/11/2013 Total,,1,4,2106,13020
,,,,,USA Total,,,2,8,5158,13937
,,,,CA Total,,,,2,8,5158,13937
,,,Beverly Hills Total,,,,,2,8,5158,13937
,,,Bremerton,WA,USA,27/02/2013,$30K - $50K,1,3,1430,6271
,,,,,,27/02/2013 Total,,1,3,1430,6271
,,,,,,09/03/2013,$10K - $30K,1,4,1005,6536
,,,,,,09/03/2013 Total,,1,4,1005,6536
,,,,,,16/03/2013,$130K - $150K,1,6,7384,6716
,,,,,,16/03/2013 Total,,1,6,7384,6716
,,,,,,17/06/2013,$70K - $90K,1,5,6559,9225
,,,,,,17/06/2013 Total,,1,5,6559,9225
,,,,,,20/08/2013,$30K - $50K,1,6,1430,10957
,,,,,,20/08/2013 Total,,1,6,1430,10957
,,,,,USA Total,,,5,24,17808,39705
,,,,WA Total,,,,5,24,17808,39705
,,,Bremerton Total,,,,,5,24,17808,39705
,,,Camacho,Zacatecas,Mexico,05/01/2013,$50K - $70K,1,4,9895,4839
,,,,,,05/01/2013 Total,,1,4,9895,4839
,,,,,,29/04/2013,$110K - $130K,1,7,8118,7873
,,,,,,29/04/2013 Total,,1,7,8118,7873
,,,,,,12/05/2013,$50K - $70K,1,6,7337,8249
,,,,,,12/05/2013 Total,,1,6,7337,8249
,,,,,,18/06/2013,$50K - $70K,1,5,5124,9267
,,,,,,18/06/2013 Total,,1,5,5124,9267
,,,,,,03/10/2013,$10K - $30K,1,2,9238,12151
,,,,,,03/10/2013 Total,,1,2,9238,12151
,,,,,Mexico Total,,,5,24,39712,42379
,,,,Zacatecas Total,,,,5,24,39712,42379
,,,Camacho Total,,,,,5,24,39712,42379
,,,Hidalgo,Zacatecas,Mexico,30/12/2012,$30K - $50K,1,2,4771,4690
,,,,,,30/12/2012 Total,,1,2,4771,4690
,,,,,,17/02/2013,$150K +,1,4,3225,5962
,,,,,,17/02/2013 Total,,1,4,3225,5962
,,,,,,27/02/2013,$10K - $30K,1,4,4953,6259
,,,,,,27/02/2013 Total,,1,4,4953,6259
,,,,,,08/05/2013,$10K - $30K,1,5,8915,8140
,,,,,,08/05/2013 Total,,1,5,8915,8140
,,,,,,30/05/2013,$10K - $30K,1,4,8915,8749
,,,,,,30/05/2013 Total,,1,4,8915,8749
,,,,,,03/08/2013,$30K - $50K,1,3,4419,10509
,,,,,,03/08/2013 Total,,1,3,4419,10509
,,,,,,09/09/2013,$30K - $50K,1,3,7239,11482
,,,,,,09/09/2013 Total,,1,3,7239,11482
,,,,,,19/10/2013,$110K - $130K,1,4,4225,12583
,,,,,,19/10/2013 Total,,1,4,4225,12583
,,,,,,29/10/2013,$30K - $50K,1,6,597,12860
,,,,,,29/10/2013 Total,,1,6,597,12860
,,,,,,11/11/2013,$30K - $50K,1,6,4853,13228
,,,,,,11/11/2013 Total,,1,6,4853,13228
,,,,,Mexico Total,,,10,41,52112,94462
,,,,Zacatecas Total,,,,10,41,52112,94462
,,,Hidalgo Total,,,,,10,41,52112,94462
,,,Los Angeles,CA,USA,11/02/2012,$10K - $30K,1,3,9021,421
,,,,,,11/02/2012 Total,,1,3,9021,421
,,,,,,03/03/2012,$30K - $50K,1,3,2344,682
,,,,,,03/03/2012 Total,,1,3,2344,682
,,,,,,10/04/2012,$130K - $150K,1,5,8787,1235
,,,,,,10/04/2012 Total,,1,5,8787,1235
,,,,,,14/07/2012,$30K - $50K,1,4,391,2450
,,,,,,14/07/2012 Total,,1,4,391,2450
,,,,,,18/09/2012,$130K - $150K,1,3,916,3248
,,,,,,18/09/2012 Total,,1,3,916,3248
,,,,,,09/03/2013,$10K - $30K,1,5,5171,6540
,,,,,,09/03/2013 Total,,1,5,5171,6540
,,,,,,07/05/2013,$50K - $70K,1,3,7560,8120
,,,,,,07/05/2013 Total,,1,3,7560,8120
,,,,,USA Total,,,7,26,34190,22696
,,,,CA Total,,,,7,26,34190,22696
,,,Los Angeles Total,,,,,7,26,34190,22696
,,,Merida,Yucatan,Mexico,18/02/2013,$150K +,1,4,3125,6006
,,,,,,18/02/2013 Total,,1,4,3125,6006
,,,,,,07/06/2013,$10K - $30K,1,6,9443,8964
,,,,,,07/06/2013 Total,,1,6,9443,8964
,,,,,,09/08/2013,$150K +,1,3,6679,10666
,,,,,,09/08/2013 Total,,1,3,6679,10666
,,,,,,11/08/2013,$70K - $90K,1,4,8870,10723
,,,,,,11/08/2013 Total,,1,4,8870,10723
,,,,,,12/08/2013,$90K - $110K,1,4,10208,10749
,,,,,,12/08/2013 Total,,1,4,10208,10749
,,,,,,11/09/2013,$30K - $50K,1,6,5466,11544
,,,,,,11/09/2013 Total,,1,6,5466,11544
,,,,,,20/10/2013,$30K - $50K,1,3,9610,12610
,,,,,,20/10/2013 Total,,1,3,9610,12610
,,,,,,28/11/2013,$150K +,1,7,3125,13671
,,,,,,28/11/2013 Total,,1,7,3125,13671
,,,,,Mexico Total,,,8,37,56526,84933
,,,,Yucatan Total,,,,8,37,56526,84933
,,,Merida Total,,,,,8,37,56526,84933
,,,Mexico City,DF,Mexico,05/07/2013,$110K - $130K,1,4,5181,9707
,,,,,,05/07/2013 Total,,1,4,5181,9707
,,,,,Mexico Total,,,1,4,5181,9707
,,,,DF Total,,,,1,4,5181,9707
,,,Mexico City Total,,,,,1,4,5181,9707
,,,Orizaba,Veracruz,Mexico,23/03/2013,$50K - $70K,1,3,1183,6873
,,,,,,23/03/2013 Total,,1,3,1183,6873
,,,,,,01/10/2013,$30K - $50K,1,4,3957,12087
,,,,,,01/10/2013 Total,,1,4,3957,12087
,,,,,Mexico Total,,,2,7,5140,18960
,,,,Veracruz Total,,,,2,7,5140,18960
,,,Orizaba Total,,,,,2,7,5140,18960
,,,Portland,OR,USA,17/01/2012,$10K - $30K,1,4,7263,135
,,,,,,17/01/2012 Total,,1,4,7263,135
,,,,,,06/02/2012,$50K - $70K,1,6,6616,374
,,,,,,06/02/2012 Total,,1,6,6616,374
,,,,,,20/04/2012,$10K - $30K,1,4,4677,1393
,,,,,,20/04/2012 Total,,1,4,4677,1393
,,,,,,20/06/2012,$50K - $70K,1,3,4836,2146
,,,,,,20/06/2012 Total,,1,3,4836,2146
,,,,,,07/08/2012,$50K - $70K,1,5,7109,2741
,,,,,,07/08/2012 Total,,1,5,7109,2741
,,,,,,26/08/2012,$30K - $50K,1,6,9074,2987
,,,,,,26/08/2012 Total,,1,6,9074,2987
,,,,,,13/09/2012,$30K - $50K,1,5,3109,3195
,,,,,,13/09/2012 Total,,1,5,3109,3195
,,,,,,27/03/2013,$50K - $70K,1,4,8139,6978
,,,,,,27/03/2013 Total,,1,4,8139,6978
,,,,,,08/04/2013,$130K - $150K,1,3,9601,7319
,,,,,,08/04/2013 Total,,1,3,9601,7319
,,,,,,05/05/2013,$10K - $30K,1,5,7263,8047
,,,,,,05/05/2013 Total,,1,5,7263,8047
,,,,,,09/11/2013,$10K - $30K,1,4,4514,13174
,,,,,,09/11/2013 Total,,1,4,4514,13174
,,,,,,14/11/2013,$10K - $30K,1,3,6995,13335
,,,,,,14/11/2013 Total,,1,3,6995,13335
,,,,,USA Total,,,12,52,79196,61824
,,,,OR Total,,,,12,52,79196,61824
,,,Portland Total,,,,,12,52,79196,61824
,,,Salem,OR,USA,08/02/2012,$70K - $90K,1,5,9236,392
,,,,,,08/02/2012 Total,,1,5,9236,392
,,,,,,20/01/2013,$70K - $90K,1,5,9826,5206
,,,,,,20/01/2013 Total,,1,5,9826,5206
,,,,,,15/03/2013,$30K - $50K,1,6,950,6677
,,,,,,15/03/2013 Total,,1,6,950,6677
,,,,,,21/04/2013,$50K - $70K,1,4,8663,7659
,,,,,,21/04/2013 Total,,1,4,8663,7659
,,,,,,12/07/2013,$10K - $30K,1,3,7455,9912
,,,,,,12/07/2013 Total,,1,3,7455,9912
,,,,,,16/09/2013,$130K - $150K,1,4,5869,11670
,,,,,,16/09/2013 Total,,1,4,5869,11670
,,,,,,17/09/2013,$10K - $30K,1,4,7470,11693
,,,,,,17/09/2013 Total,,1,4,7470,11693
,,,,,,22/10/2013,$30K - $50K,1,3,1187,12666
,,,,,,22/10/2013 Total,,1,3,1187,12666
,,,,,,30/11/2013,$30K - $50K,1,3,950,13717
,,,,,,30/11/2013 Total,,1,3,950,13717
,,,,,USA Total,,,9,37,51606,79592
,,,,OR Total,,,,9,37,51606,79592
,,,Salem Total,,,,,9,37,51606,79592
,,,San Andres,DF,Mexico,26/01/2013,$30K - $50K,1,6,9771,5355
,,,,,,26/01/2013 Total,,1,6,9771,5355
,,,,,,16/02/2013,$110K - $130K,1,4,2901,5947
,,,,,,16/02/2013 Total,,1,4,2901,5947
,,,,,,30/03/2013,$30K - $50K,1,5,749,7084
,,,,,,30/03/2013 Total,,1,5,749,7084
,,,,,,15/05/2013,$50K - $70K,1,3,1059,8334
,,,,,,15/05/2013 Total,,1,3,1059,8334
,,,,,,05/06/2013,$30K - $50K,1,2,6804,8908
,,,,,,05/06/2013 Total,,1,2,6804,8908
,,,,,Mexico Total,,,5,20,21284,35628
,,,,DF Total,,,,5,20,21284,35628
,,,San Andres Total,,,,,5,20,21284,35628
,,,San Diego,CA,USA,05/03/2012,$10K - $30K,1,4,4621,702
,,,,,,05/03/2012 Total,,1,4,4621,702
,,,,,,08/03/2012,$50K - $70K,1,5,541,742
,,,,,,08/03/2012 Total,,1,5,541,742
,,,,,,23/06/2012,$110K - $130K,1,3,5498,2198
,,,,,,23/06/2012 Total,,1,3,5498,2198
,,,,,,19/07/2012,$30K - $50K,1,6,2428,2517
,,,,,,19/07/2012 Total,,1,6,2428,2517
,,,,,,12/12/2012,$10K - $30K,1,5,8499,4375
,,,,,,12/12/2012 Total,,1,5,8499,4375
,,,,,,29/12/2012,$30K - $50K,1,3,1338,4665
,,,,,,29/12/2012 Total,,1,3,1338,4665
,,,,,,12/02/2013,$10K - $30K,1,4,3859,5827
,,,,,,12/02/2013 Total,,1,4,3859,5827
,,,,,,22/05/2013,$30K - $50K,1,2,1962,8510
,,,,,,22/05/2013 Total,,1,2,1962,8510
,,,,,,13/06/2013,$30K - $50K,1,5,689,9117
,,,,,,13/06/2013 Total,,1,5,689,9117
,,,,,,23/07/2013,$50K - $70K,1,4,6865,10223
,,,,,,23/07/2013 Total,,1,4,6865,10223
,,,,,,04/10/2013,$50K - $70K,1,6,6126,12179
,,,,,,04/10/2013 Total,,1,6,6126,12179
,,,,,USA Total,,,11,47,42426,61055
,,,,CA Total,,,,11,47,42426,61055
,,,San Diego Total,,,,,11,47,42426,61055
,,,San Francisco,CA,USA,02/03/2012,$10K - $30K,1,3,5709,660
,,,,,,02/03/2012 Total,,1,3,5709,660
,,,,,,03/09/2012,$30K - $50K,1,3,6321,3071
,,,,,,03/09/2012 Total,,1,3,6321,3071
,,,,,USA Total,,,2,6,12030,3731
,,,,CA Total,,,,2,6,12030,3731
,,,San Francisco Total,,,,,2,6,12030,3731
,,,Seattle,WA,USA,07/04/2012,$70K - $90K,1,4,4916,1199
,,,,,,07/04/2012 Total,,1,4,4916,1199
,,,,,,01/05/2012,$10K - $30K,1,3,757,1537
,,,,,,01/05/2012 Total,,1,3,757,1537
,,,,,,17/11/2012,$50K - $70K,1,5,3478,4002
,,,,,,17/11/2012 Total,,1,5,3478,4002
,,,,,,29/01/2013,$50K - $70K,1,3,2044,5424
,,,,,,29/01/2013 Total,,1,3,2044,5424
,,,,,USA Total,,,4,15,11195,12162
,,,,WA Total,,,,4,15,11195,12162
,,,Seattle Total,,,,,4,15,11195,12162
,,,Spokane,WA,USA,21/06/2012,$10K - $30K,1,3,7502,2175
,,,,,,21/06/2012 Total,,1,3,7502,2175
,,,,,,09/08/2013,$130K - $150K,1,4,4767,10656
,,,,,,09/08/2013 Total,,1,4,4767,10656
,,,,,,19/12/2013,$30K - $50K,1,5,1297,13990
,,,,,,19/12/2013 Total,,1,5,1297,13990
,,,,,USA Total,,,3,12,13566,26821
,,,,WA Total,,,,3,12,13566,26821
,,,Spokane Total,,,,,3,12,13566,26821
,,,Tacoma,WA,USA,20/01/2012,$30K - $50K,1,3,5026,175
,,,,,,20/01/2012 Total,,1,3,5026,175
,,,,,,16/06/2012,$50K - $70K,1,5,5067,2111
,,,,,,16/06/2012 Total,,1,5,5067,2111
,,,,,,30/11/2012,$30K - $50K,1,5,4522,4183
,,,,,,30/11/2012 Total,,1,5,4522,4183
,,,,,,23/12/2012,$50K - $70K,1,5,1352,4560
,,,,,,23/12/2012 Total,,1,5,1352,4560
,,,,,,06/01/2013,$50K - $70K,1,3,4118,4865
,,,,,,06/01/2013 Total,,1,3,4118,4865
,,,,,,08/01/2013,$50K - $70K,1,4,4118,4906
,,,,,,08/01/2013 Total,,1,4,4118,4906
,,,,,,10/04/2013,$30K - $50K,1,3,4892,7374
,,,,,,10/04/2013 Total,,1,3,4892,7374
,,,,,,10/08/2013,$10K - $30K,1,4,8289,10684
,,,,,,10/08/2013 Total,,1,4,8289,10684
,,,,,,02/09/2013,$10K - $30K,1,3,5820,11297
,,,,,,02/09/2013 Total,,1,3,5820,11297
,,,,,,24/09/2013,$30K - $50K,1,5,4846,11901
,,,,,,24/09/2013 Total,,1,5,4846,11901
,,,,,,19/10/2013,$130K - $150K,1,4,1328,12590
,,,,,,19/10/2013 Total,,1,4,1328,12590
,,,,,USA Total,,,11,44,49378,74646
,,,,WA Total,,,,11,44,49378,74646
,,,Tacoma Total,,,,,11,44,49378,74646
,,,Vancouver,BC,Canada,01/02/2013,$70K - $90K,1,3,1067,5494
,,,,,,01/02/2013 Total,,1,3,1067,5494
,,,,,,21/03/2013,$10K - $30K,1,4,7286,6825
,,,,,,21/03/2013 Total,,1,4,7286,6825
,,,,,,10/05/2013,$10K - $30K,1,4,9444,8197
,,,,,,10/05/2013 Total,,1,4,9444,8197
,,,,,,22/06/2013,$30K - $50K,1,5,1781,9370
,,,,,,22/06/2013 Total,,1,5,1781,9370
,,,,,,28/10/2013,$110K - $130K,1,5,7511,12840
,,,,,,28/10/2013 Total,,1,5,7511,12840
,,,,,Canada Total,,,5,21,27089,42726
,,,,BC Total,,,,5,21,27089,42726
,,,Vancouver Total,,,,,5,21,27089,42726
,,,Victoria,BC,Canada,26/10/2013,$50K - $70K,1,5,9291,12791
,,,,,,26/10/2013 Total,,1,5,9291,12791
,,,,,Canada Total,,,1,5,9291,12791
,,,,BC Total,,,,1,5,9291,12791
,,,Victoria Total,,,,,1,5,9291,12791
,,,Walla Walla,WA,USA,28/10/2013,$90K - $110K,1,3,8141,12831
,,,,,,28/10/2013 Total,,1,3,8141,12831
,,,,,USA Total,,,1,3,8141,12831
,,,,WA Total,,,,1,3,8141,12831
,,,Walla Walla Total,,,,,1,3,8141,12831
,,,Yakima,WA,USA,17/02/2012,$30K - $50K,1,3,4610,502
,,,,,,17/02/2012 Total,,1,3,4610,502
,,,,,,09/04/2012,$130K - $150K,1,4,8946,1217
,,,,,,09/04/2012 Total,,1,4,8946,1217
,,,,,,06/11/2012,$30K - $50K,1,4,4610,3867
,,,,,,06/11/2012 Total,,1,4,4610,3867
,,,,,,14/12/2012,$30K - $50K,1,4,6888,4395
,,,,,,14/12/2012 Total,,1,4,6888,4395
,,,,,,22/04/2013,$50K - $70K,1,3,4609,7688
,,,,,,22/04/2013 Total,,1,3,4609,7688
,,,,,,05/05/2013,$50K - $70K,1,4,7190,8046
,,,,,,05/05/2013 Total,,1,4,7190,8046
,,,,,,21/11/2013,$30K - $50K,1,3,7171,13514
,,,,,,21/11/2013 Total,,1,3,7171,13514
,,,,,USA Total,,,7,25,44024,39229
,,,,WA Total,,,,7,25,44024,39229
,,,Yakima Total,,,,,7,25,44024,39229
,,S Total,,,,,,115,478,611029,828134
,M Total,,,,,,,207,850,1071484,1438281
Bread Total,,,,,,,,425,1749,2193064,2988024
Breakfast Foods,F,M,Acapulco,Guerrero,Mexico,21/03/2013,$50K - $70K,1,6,4350,6840
,,,,,,21/03/2013 Total,,1,6,4350,6840
,,,,,,08/04/2013,$150K +,1,4,340,7313
,,,,,,08/04/2013 Total,,1,4,340,7313
,,,,,,18/06/2013,$30K - $50K,1,5,3032,9254
,,,,,,18/06/2013 Total,,1,5,3032,9254
,,,,,,28/07/2013,$30K - $50K,1,5,4362,10360
,,,,,,28/07/2013 Total,,1,5,4362,10360
,,,,,Mexico Total,,,4,20,12084,33767
,,,,Guerrero Total,,,,4,20,12084,33767
,,,Acapulco Total,,,,,4,20,12084,33767
,,,Bellingham,WA,USA,12/12/2012,$30K - $50K,1,2,4964,4378
,,,,,,12/12/2012 Total,,1,2,4964,4378
,,,,,,28/02/2013,$10K - $30K,1,3,1980,6289
,,,,,,28/02/2013 Total,,1,3,1980,6289
,,,,,USA Total,,,2,5,6944,10667
,,,,WA Total,,,,2,5,6944,10667
,,,Bellingham Total,,,,,2,5,6944,10667
,,,Beverly Hills,CA,USA,11/10/2012,$50K - $70K,1,6,2404,3544
,,,,,,11/10/2012 Total,,1,6,2404,3544
,,,,,,04/01/2013,$50K - $70K,1,4,3503,4808
,,,,,,04/01/2013 Total,,1,4,3503,4808
,,,,,,09/01/2013,$10K - $30K,1,3,7571,4923
,,,,,,09/01/2013 Total,,1,3,7571,4923
,,,,,,18/12/2013,$70K - $90K,1,4,5301,13976
,,,,,,18/12/2013 Total,,1,4,5301,13976
,,,,,USA Total,,,4,17,18779,27251
,,,,CA Total,,,,4,17,18779,27251
,,,Beverly Hills Total,,,,,4,17,18779,27251
,,,Bremerton,WA,USA,06/06/2012,$10K - $30K,1,3,7354,2014
,,,,,,06/06/2012 Total,,1,3,7354,2014
,,,,,,15/06/2012,$50K - $70K,1,4,6107,2094
,,,,,,15/06/2012 Total,,1,4,6107,2094
,,,,,USA Total,,,2,7,13461,4108
,,,,WA Total,,,,2,7,13461,4108
,,,Bremerton Total,,,,,2,7,13461,4108
,,,Camacho,Zacatecas,Mexico,23/02/2013,$30K - $50K,1,6,8364,6139
,,,,,,23/02/2013 Total,,1,6,8364,6139
,,,,,,27/04/2013,$30K - $50K,1,4,4571,7837
,,,,,,27/04/2013 Total,,1,4,4571,7837
,,,,,,24/05/2013,$50K - $70K,1,2,5099,8579
,,,,,,24/05/2013 Total,,1,2,5099,8579
,,,,,,31/05/2013,$50K - $70K,1,5,5099,8781
,,,,,,31/05/2013 Total,,1,5,5099,8781
,,,,,,17/07/2013,$30K - $50K,1,5,6151,10072
,,,,,,17/07/2013 Total,,1,5,6151,10072
,,,,,,29/07/2013,$50K - $70K,1,4,8497,10383
,,,,,,29/07/2013 Total,,1,4,8497,10383
,,,,,,09/12/2013,$110K - $130K,1,6,2175,13880
,,,,,,09/12/2013 Total,,1,6,2175,13880
,,,,,Mexico Total,,,7,32,39956,65671
,,,,Zacatecas Total,,,,7,32,39956,65671
,,,Camacho Total,,,,,7,32,39956,65671
,,,Hidalgo,Zacatecas,Mexico,19/12/2012,$70K - $90K,1,5,7977,4492
,,,,,,19/12/2012 Total,,1,5,7977,4492
,,,,,,30/01/2013,$10K - $30K,1,5,4256,5449
,,,,,,30/01/2013 Total,,1,5,4256,5449
,,,,,,19/02/2013,$70K - $90K,1,4,6652,6020
,,,,,,19/02/2013 Total,,1,4,6652,6020
,,,,,,18/03/2013,$10K - $30K,1,7,3495,6770
,,,,,,18/03/2013 Total,,1,7,3495,6770
,,,,,,10/04/2013,$50K - $70K,1,2,789,7370
,,,,,,10/04/2013 Total,,1,2,789,7370
,,,,,,29/04/2013,$70K - $90K,1,3,9868,7871
,,,,,,29/04/2013 Total,,1,3,9868,7871
,,,,,,02/05/2013,$70K - $90K,1,6,8169,7975
,,,,,,02/05/2013 Total,,1,6,8169,7975
,,,,,,07/07/2013,$70K - $90K,1,3,6652,9786
,,,,,,07/07/2013 Total,,1,3,6652,9786
,,,,,,10/07/2013,$90K - $110K,1,6,4026,9844
,,,,,,10/07/2013 Total,,1,6,4026,9844
,,,,,,07/11/2013,$10K - $30K,1,6,3495,13133
,,,,,,07/11/2013 Total,,1,6,3495,13133
,,,,,,27/11/2013,$70K - $90K,1,4,8355,13654
,,,,,,27/11/2013 Total,,1,4,8355,13654
,,,,,,30/11/2013,$10K - $30K,1,5,1259,13725
,,,,,,30/11/2013 Total,,1,5,1259,13725
,,,,,,09/12/2013,$30K - $50K,1,2,5114,13867
,,,,,,09/12/2013 Total,,1,2,5114,13867
,,,,,Mexico Total,,,13,58,70107,119956
,,,,Zacatecas Total,,,,13,58,70107,119956
,,,Hidalgo Total,,,,,13,58,70107,119956
,,,Los Angeles,CA,USA,21/03/2012,$30K - $50K,1,2,8312,952
,,,,,,21/03/2012 Total,,1,2,8312,952
,,,,,,01/05/2012,$10K - $30K,1,5,9471,1529
,,,,,,01/05/2012 Total,,1,5,9471,1529
,,,,,,09/05/2012,$90K - $110K,1,3,10049,1658
,,,,,,09/05/2012 Total,,1,3,10049,1658
,,,,,,21/05/2012,$30K - $50K,1,3,6421,1806
,,,,,,21/05/2012 Total,,1,3,6421,1806
,,,,,,03/01/2013,$10K - $30K,1,5,2438,4780
,,,,,,03/01/2013 Total,,1,5,2438,4780
,,,,,,10/01/2013,$30K - $50K,1,4,3551,4951
,,,,,,10/01/2013 Total,,1,4,3551,4951
,,,,,,01/07/2013,$10K - $30K,1,4,6466,9590
,,,,,,01/07/2013 Total,,1,4,6466,9590
,,,,,USA Total,,,7,26,46708,25266
,,,,CA Total,,,,7,26,46708,25266
,,,Los Angeles Total,,,,,7,26,46708,25266
,,,Merida,Yucatan,Mexico,01/04/2013,$10K - $30K,1,4,2139,7145
,,,,,,01/04/2013 Total,,1,4,2139,7145
,,,,,,04/05/2013,$70K - $90K,1,5,9844,8021
,,,,,,04/05/2013 Total,,1,5,9844,8021
,,,,,,08/06/2013,$70K - $90K,1,2,8592,8978
,,,,,,08/06/2013 Total,,1,2,8592,8978
,,,,,,19/08/2013,$30K - $50K,1,5,3753,10933
,,,,,,19/08/2013 Total,,1,5,3753,10933
,,,,,,05/11/2013,$10K - $30K,1,5,728,13062
,,,,,,05/11/2013 Total,,1,5,728,13062
,,,,,,24/12/2013,$70K - $90K,1,4,5665,14020
,,,,,,24/12/2013 Total,,1,4,5665,14020
,,,,,Mexico Total,,,6,25,30721,62159
,,,,Yucatan Total,,,,6,25,30721,62159
,,,Merida Total,,,,,6,25,30721,62159
,,,Mexico City,DF,Mexico,29/04/2013,$10K - $30K,1,3,337,7865
,,,,,,29/04/2013 Total,,1,3,337,7865
,,,,,Mexico Total,,,1,3,337,7865
,,,,DF Total,,,,1,3,337,7865
,,,Mexico City Total,,,,,1,3,337,7865
,,,Orizaba,Veracruz,Mexico,17/04/2013,$130K - $150K,1,4,7279,7534
,,,,,,17/04/2013 Total,,1,4,7279,7534
,,,,,,26/04/2013,$30K - $50K,1,5,4284,7790
,,,,,,26/04/2013 Total,,1,5,4284,7790
,,,,,,12/07/2013,$10K - $30K,1,3,9559,9906
,,,,,,12/07/2013 Total,,1,3,9559,9906
,,,,,,16/08/2013,$10K - $30K,1,4,8388,10859
,,,,,,16/08/2013 Total,,1,4,8388,10859
,,,,,Mexico Total,,,4,16,29510,36089
,,,,Veracruz Total,,,,4,16,29510,36089
,,,Orizaba Total,,,,,4,16,29510,36089
,,,Portland,OR,USA,08/10/2012,$30K - $50K,1,4,473,3509
,,,,,,08/10/2012 Total,,1,4,473,3509
,,,,,,31/01/2013,$70K - $90K,1,4,4707,5488
,,,,,,31/01/2013 Total,,1,4,4707,5488
,,,,,,30/07/2013,$10K - $30K,1,3,4784,10410
,,,,,,30/07/2013 Total,,1,3,4784,10410
,,,,,,08/08/2013,$10K - $30K,1,3,3068,10622
,,,,,,08/08/2013 Total,,1,3,3068,10622
,,,,,USA Total,,,4,14,13032,30029
,,,,OR Total,,,,4,14,13032,30029
,,,Portland Total,,,,,4,14,13032,30029
,,,Salem,OR,USA,21/04/2012,$30K - $50K,1,4,4659,1400
,,,,,,21/04/2012 Total,,1,4,4659,1400
,,,,,,29/11/2012,$70K - $90K,1,4,6079,4165
,,,,,,29/11/2012 Total,,1,4,6079,4165
,,,,,,05/12/2012,$30K - $50K,1,4,7569,4259
,,,,,,05/12/2012 Total,,1,4,7569,4259
,,,,,,26/05/2013,$10K - $30K,1,4,6082,8638
,,,,,,26/05/2013 Total,,1,4,6082,8638
,,,,,,26/09/2013,$70K - $90K,1,3,9297,11956
,,,,,,26/09/2013 Total,,1,3,9297,11956
,,,,,,09/12/2013,$110K - $130K,1,4,6204,13868
,,,,,,09/12/2013 Total,,1,4,6204,13868
,,,,,USA Total,,,6,23,39890,44286
,,,,OR Total,,,,6,23,39890,44286
,,,Salem Total,,,,,6,23,39890,44286
,,,San Andres,DF,Mexico,09/04/2013,$10K - $30K,1,4,1939,7350
,,,,,,09/04/2013 Total,,1,4,1939,7350
,,,,,,30/04/2013,$10K - $30K,1,5,3342,7920
,,,,,,30/04/2013 Total,,1,5,3342,7920
,,,,,,27/05/2013,$30K - $50K,1,5,4377,8652
,,,,,,27/05/2013 Total,,1,5,4377,8652
,,,,,,27/07/2013,$10K - $30K,1,4,7764,10342
,,,,,,27/07/2013 Total,,1,4,7764,10342
,,,,,,17/08/2013,$30K - $50K,1,4,9830,10876
,,,,,,17/08/2013 Total,,1,4,9830,10876
,,,,,,18/08/2013,$130K - $150K,1,2,6677,10903
,,,,,,18/08/2013 Total,,1,2,6677,10903
,,,,,,23/08/2013,$10K - $30K,1,4,7764,11041
,,,,,,23/08/2013 Total,,1,4,7764,11041
,,,,,,01/09/2013,$130K - $150K,1,3,5691,11267
,,,,,,01/09/2013 Total,,1,3,5691,11267
,,,,,,16/12/2013,$10K - $30K,1,5,6361,13965
,,,,,,16/12/2013 Total,,1,5,6361,13965
,,,,,Mexico Total,,,9,36,53745,92316
,,,,DF Total,,,,9,36,53745,92316
,,,San Andres Total,,,,,9,36,53745,92316
,,,San Diego,CA,USA,14/06/2012,$30K - $50K,1,4,161,2085
,,,,,,14/06/2012 Total,,1,4,161,2085
,,,,,,22/12/2012,$10K - $30K,1,3,3935,4533
,,,,,,22/12/2012 Total,,1,3,3935,4533
,,,,,,11/03/2013,$130K - $150K,1,4,654,6594
,,,,,,11/03/2013 Total,,1,4,654,6594
,,,,,,30/05/2013,$50K - $70K,1,5,3852,8751
,,,,,,30/05/2013 Total,,1,5,3852,8751
,,,,,,12/07/2013,$30K - $50K,1,2,7868,9904
,,,,,,12/07/2013 Total,,1,2,7868,9904
,,,,,,06/09/2013,$50K - $70K,1,4,7890,11403
,,,,,,06/09/2013 Total,,1,4,7890,11403
,,,,,USA Total,,,6,22,24360,43270
,,,,CA Total,,,,6,22,24360,43270
,,,San Diego Total,,,,,6,22,24360,43270
,,,Seattle,WA,USA,14/01/2012,$90K - $110K,1,4,1254,111
,,,,,,14/01/2012 Total,,1,4,1254,111
,,,,,,12/02/2012,$10K - $30K,1,5,1205,437
,,,,,,12/02/2012 Total,,1,5,1205,437
,,,,,,24/04/2012,$30K - $50K,1,5,9364,1448
,,,,,,24/04/2012 Total,,1,5,9364,1448
,,,,,,09/09/2012,$110K - $130K,1,5,6301,3135
,,,,,,09/09/2012 Total,,1,5,6301,3135
,,,,,,14/09/2012,$150K +,1,3,7968,3207
,,,,,,14/09/2012 Total,,1,3,7968,3207
,,,,,,05/10/2012,$10K - $30K,1,5,1807,3469
,,,,,,05/10/2012 Total,,1,5,1807,3469
,,,,,,11/03/2013,$30K - $50K,1,4,8483,6581
,,,,,,11/03/2013 Total,,1,4,8483,6581
,,,,,,24/06/2013,$10K - $30K,1,4,8259,9423
,,,,,,24/06/2013 Total,,1,4,8259,9423
,,,,,,09/11/2013,$30K - $50K,1,4,9368,13193
,,,,,,09/11/2013 Total,,1,4,9368,13193
,,,,,USA Total,,,9,39,54009,41004
,,,,WA Total,,,,9,39,54009,41004
,,,Seattle Total,,,,,9,39,54009,41004
,,,Spokane,WA,USA,25/02/2012,$70K - $90K,1,4,3491,594
,,,,,,25/02/2012 Total,,1,4,3491,594
,,,,,,12/03/2012,$10K - $30K,1,5,6307,805
,,,,,,12/03/2012 Total,,1,5,6307,805
,,,,,,21/05/2012,$70K - $90K,1,5,3491,1798
,,,,,,21/05/2012 Total,,1,5,3491,1798
,,,,,,20/06/2012,$30K - $50K,1,4,9263,2159
,,,,,,20/06/2012 Total,,1,4,9263,2159
,,,,,,27/08/2012,$30K - $50K,1,4,10173,2992
,,,,,,27/08/2012 Total,,1,4,10173,2992
,,,,,,17/10/2012,$30K - $50K,1,4,7051,3614
,,,,,,17/10/2012 Total,,1,4,7051,3614
,,,,,,31/05/2013,$30K - $50K,1,5,4676,8768
,,,,,,31/05/2013 Total,,1,5,4676,8768
,,,,,,25/06/2013,$70K - $90K,1,4,2587,9451
,,,,,,25/06/2013 Total,,1,4,2587,9451
,,,,,,22/08/2013,$150K +,1,4,4727,11008
,,,,,,22/08/2013 Total,,1,4,4727,11008
,,,,,USA Total,,,9,39,51766,41189
,,,,WA Total,,,,9,39,51766,41189
,,,Spokane Total,,,,,9,39,51766,41189
,,,Tacoma,WA,USA,05/02/2012,$70K - $90K,1,4,7281,365
,,,,,,05/02/2012 Total,,1,4,7281,365
,,,,,,27/03/2012,$130K - $150K,1,6,158,1039
,,,,,,27/03/2012 Total,,1,6,158,1039
,,,,,,01/04/2012,$30K - $50K,1,4,1168,1113
,,,,,,01/04/2012 Total,,1,4,1168,1113
,,,,,,27/04/2012,$50K - $70K,1,3,930,1494
,,,,,,27/04/2012 Total,,1,3,930,1494
,,,,,,26/05/2012,$50K - $70K,1,5,8181,1869
,,,,,,26/05/2012 Total,,1,5,8181,1869
,,,,,,02/09/2012,$10K - $30K,1,3,2059,3051
,,,,,,02/09/2012 Total,,1,3,2059,3051
,,,,,,15/04/2013,$70K - $90K,1,5,6138,7492
,,,,,,15/04/2013 Total,,1,5,6138,7492
,,,,,,22/06/2013,$110K - $130K,1,3,5644,9377
,,,,,,22/06/2013 Total,,1,3,5644,9377
,,,,,,12/11/2013,$150K +,1,4,6960,13262
,,,,,,12/11/2013 Total,,1,4,6960,13262
,,,,,,23/11/2013,$50K - $70K,1,5,1607,13551
,,,,,,23/11/2013 Total,,1,5,1607,13551
,,,,,USA Total,,,10,42,40126,52613
,,,,WA Total,,,,10,42,40126,52613
,,,Tacoma Total,,,,,10,42,40126,52613
,,,Vancouver,BC,Canada,14/08/2013,$50K - $70K,1,4,10220,10796
,,,,,,14/08/2013 Total,,1,4,10220,10796
,,,,,,20/08/2013,$10K - $30K,1,3,6618,10944
,,,,,,20/08/2013 Total,,1,3,6618,10944
,,,,,,22/08/2013,$30K - $50K,1,3,451,10997
,,,,,,22/08/2013 Total,,1,3,451,10997
,,,,,,22/12/2013,$50K - $70K,1,5,974,14014
,,,,,,22/12/2013 Total,,1,5,974,14014
,,,,,Canada Total,,,4,15,18263,46751
,,,,BC Total,,,,4,15,18263,46751
,,,Vancouver Total,,,,,4,15,18263,46751
,,,Victoria,BC,Canada,13/03/2013,$10K - $30K,1,4,9150,6639
,,,,,,13/03/2013 Total,,1,4,9150,6639
,,,,,,04/10/2013,$30K - $50K,1,3,7751,12170
,,,,,,04/10/2013 Total,,1,3,7751,12170
,,,,,,01/11/2013,$10K - $30K,1,4,3724,12970
,,,,,,01/11/2013 Total,,1,4,3724,12970
,,,,,Canada Total,,,3,11,20625,31779
,,,,BC Total,,,,3,11,20625,31779
,,,Victoria Total,,,,,3,11,20625,31779
,,,Walla Walla,WA,USA,20/04/2012,$130K - $150K,1,2,7865,1391
,,,,,,20/04/2012 Total,,1,2,7865,1391
,,,,,,04/06/2013,$50K - $70K,1,1,7683,8877
,,,,,,04/06/2013 Total,,1,1,7683,8877
,,,,,USA Total,,,2,3,15548,10268
,,,,WA Total,,,,2,3,15548,10268
,,,Walla Walla Total,,,,,2,3,15548,10268
,,M Total,,,,,,112,453,599971,826304
,,S,Acapulco,Guerrero,Mexico,04/02/2013,$10K - $30K,1,5,6358,5617
,,,,,,04/02/2013 Total,,1,5,6358,5617
,,,,,Mexico Total,,,1,5,6358,5617
,,,,Guerrero Total,,,,1,5,6358,5617
,,,Acapulco Total,,,,,1,5,6358,5617
,,,Beverly Hills,CA,USA,03/04/2012,$50K - $70K,1,5,2296,1149
,,,,,,03/04/2012 Total,,1,5,2296,1149
,,,,,,06/04/2012,$10K - $30K,1,4,8129,1190
,,,,,,06/04/2012 Total,,1,4,8129,1190
,,,,,,17/11/2012,$10K - $30K,1,4,10209,3989
,,,,,,17/11/2012 Total,,1,4,10209,3989
,,,,,,16/01/2013,$10K - $30K,1,4,2869,5093
,,,,,,16/01/2013 Total,,1,4,2869,5093
,,,,,,10/03/2013,$30K - $50K,1,4,9775,6560
,,,,,,10/03/2013 Total,,1,4,9775,6560
,,,,,,05/05/2013,$30K - $50K,1,5,273,8031
,,,,,,05/05/2013 Total,,1,5,273,8031
,,,,,,18/06/2013,$70K - $90K,1,3,5489,9248
,,,,,,18/06/2013 Total,,1,3,5489,9248
,,,,,,20/08/2013,$10K - $30K,1,2,8270,10949
,,,,,,20/08/2013 Total,,1,2,8270,10949
,,,,,USA Total,,,8,31,47310,46209
,,,,CA Total,,,,8,31,47310,46209
,,,Beverly Hills Total,,,,,8,31,47310,46209
,,,Bremerton,WA,USA,20/03/2012,$30K - $50K,1,6,3476,932
,,,,,,20/03/2012 Total,,1,6,3476,932
,,,,,,29/05/2012,$50K - $70K,1,5,8966,1897
,,,,,,29/05/2012 Total,,1,5,8966,1897
,,,,,,11/09/2012,$130K - $150K,1,4,997,3164
,,,,,,11/09/2012 Total,,1,4,997,3164
,,,,,,24/05/2013,$30K - $50K,1,3,7822,8585
,,,,,,24/05/2013 Total,,1,3,7822,8585
,,,,,,07/07/2013,$30K - $50K,1,5,10033,9774
,,,,,,07/07/2013 Total,,1,5,10033,9774
,,,,,,06/11/2013,$30K - $50K,1,5,99,13105
,,,,,,06/11/2013 Total,,1,5,99,13105
,,,,,USA Total,,,6,28,31393,37457
,,,,WA Total,,,,6,28,31393,37457
,,,Bremerton Total,,,,,6,28,31393,37457
,,,Camacho,Zacatecas,Mexico,24/02/2013,$10K - $30K,1,3,767,6191
,,,,,,24/02/2013 Total,,1,3,767,6191
,,,,,,30/03/2013,$70K - $90K,1,5,7121,7062
,,,,,,30/03/2013 Total,,1,5,7121,7062
,,,,,,01/04/2013,$50K - $70K,1,3,838,7122
,,,,,,01/04/2013 Total,,1,3,838,7122
,,,,,,21/08/2013,$50K - $70K,1,4,9820,10977
,,,,,,21/08/2013 Total,,1,4,9820,10977
,,,,,,24/08/2013,$130K - $150K,1,3,6910,11046
,,,,,,24/08/2013 Total,,1,3,6910,11046
,,,,,,30/10/2013,$10K - $30K,1,3,8498,12904
,,,,,,30/10/2013 Total,,1,3,8498,12904
,,,,,Mexico Total,,,6,21,33954,55302
,,,,Zacatecas Total,,,,6,21,33954,55302
,,,Camacho Total,,,,,6,21,33954,55302
,,,Guadalajara,Jalisco,Mexico,25/05/2013,$30K - $50K,1,2,8625,8614
,,,,,,25/05/2013 Total,,1,2,8625,8614
,,,,,Mexico Total,,,1,2,8625,8614
,,,,Jalisco Total,,,,1,2,8625,8614
,,,Guadalajara Total,,,,,1,2,8625,8614
,,,Hidalgo,Zacatecas,Mexico,30/03/2013,$30K - $50K,1,5,8697,7076
,,,,,,30/03/2013 Total,,1,5,8697,7076
,,,,,,20/04/2013,$30K - $50K,1,4,7016,7637
,,,,,,20/04/2013 Total,,1,4,7016,7637
,,,,,,28/05/2013,$10K - $30K,1,4,3858,8689
,,,,,,28/05/2013 Total,,1,4,3858,8689
,,,,,,17/06/2013,$90K - $110K,1,5,6527,9230
,,,,,,17/06/2013 Total,,1,5,6527,9230
,,,,,,31/08/2013,$10K - $30K,1,4,5348,11249
,,,,,,31/08/2013 Total,,1,4,5348,11249
,,,,,,14/09/2013,$30K - $50K,1,3,7782,11623
,,,,,,14/09/2013 Total,,1,3,7782,11623
,,,,,,08/10/2013,$30K - $50K,1,4,8697,12271
,,,,,,08/10/2013 Total,,1,4,8697,12271
,,,,,,19/10/2013,$10K - $30K,1,5,3858,12570
,,,,,,19/10/2013 Total,,1,5,3858,12570
,,,,,,30/10/2013,$10K - $30K,1,6,5348,12882
,,,,,,30/10/2013 Total,,1,6,5348,12882
,,,,,Mexico Total,,,9,40,57131,93227
,,,,Zacatecas Total,,,,9,40,57131,93227
,,,Hidalgo Total,,,,,9,40,57131,93227
,,,Los Angeles,CA,USA,22/02/2012,$130K - $150K,1,3,9276,553
,,,,,,22/02/2012 Total,,1,3,9276,553
,,,,,,14/03/2012,$90K - $110K,1,5,4327,847
,,,,,,14/03/2012 Total,,1,5,4327,847
,,,,,,27/04/2012,$50K - $70K,1,3,5802,1496
,,,,,,27/04/2012 Total,,1,3,5802,1496
,,,,,,03/10/2012,$10K - $30K,1,6,6892,3436
,,,,,,03/10/2012 Total,,1,6,6892,3436
,,,,,,06/10/2012,$10K - $30K,1,4,2619,3473
,,,,,,06/10/2012 Total,,1,4,2619,3473
,,,,,,22/03/2013,$30K - $50K,1,2,5717,6859
,,,,,,22/03/2013 Total,,1,2,5717,6859
,,,,,,11/06/2013,$50K - $70K,1,3,9228,9063
,,,,,,11/06/2013 Total,,1,3,9228,9063
,,,,,,12/06/2013,$70K - $90K,1,4,476,9099
,,,,,,12/06/2013 Total,,1,4,476,9099
,,,,,,01/07/2013,$10K - $30K,1,5,4180,9598
,,,,,,01/07/2013 Total,,1,5,4180,9598
,,,,,,11/09/2013,$90K - $110K,1,5,5896,11540
,,,,,,11/09/2013 Total,,1,5,5896,11540
,,,,,,08/10/2013,$90K - $110K,1,5,5896,12272
,,,,,,08/10/2013 Total,,1,5,5896,12272
,,,,,USA Total,,,11,45,60309,68236
,,,,CA Total,,,,11,45,60309,68236
,,,Los Angeles Total,,,,,11,45,60309,68236
,,,Merida,Yucatan,Mexico,26/12/2012,$10K - $30K,1,5,10008,4620
,,,,,,26/12/2012 Total,,1,5,10008,4620
,,,,,,01/08/2013,$70K - $90K,1,4,5881,10453
,,,,,,01/08/2013 Total,,1,4,5881,10453
,,,,,,27/08/2013,$30K - $50K,1,4,3982,11137
,,,,,,27/08/2013 Total,,1,4,3982,11137
,,,,,,31/10/2013,$50K - $70K,1,3,7812,12932
,,,,,,31/10/2013 Total,,1,3,7812,12932
,,,,,Mexico Total,,,4,16,27683,39142
,,,,Yucatan Total,,,,4,16,27683,39142
,,,Merida Total,,,,,4,16,27683,39142
,,,Mexico City,DF,Mexico,06/08/2013,$50K - $70K,1,2,1542,10578
,,,,,,06/08/2013 Total,,1,2,1542,10578
,,,,,Mexico Total,,,1,2,1542,10578
,,,,DF Total,,,,1,2,1542,10578
,,,Mexico City Total,,,,,1,2,1542,10578
,,,Orizaba,Veracruz,Mexico,08/09/2013,$10K - $30K,1,4,3468,11447
,,,,,,08/09/2013 Total,,1,4,3468,11447
,,,,,,07/10/2013,$30K - $50K,1,5,1550,12237
,,,,,,07/10/2013 Total,,1,5,1550,12237
,,,,,Mexico Total,,,2,9,5018,23684
,,,,Veracruz Total,,,,2,9,5018,23684
,,,Orizaba Total,,,,,2,9,5018,23684
,,,Portland,OR,USA,24/02/2012,$70K - $90K,1,4,9977,578
,,,,,,24/02/2012 Total,,1,4,9977,578
,,,,,,10/09/2012,$30K - $50K,1,3,2397,3151
,,,,,,10/09/2012 Total,,1,3,2397,3151
,,,,,,05/12/2012,$10K - $30K,1,3,7609,4269
,,,,,,05/12/2012 Total,,1,3,7609,4269
,,,,,,19/01/2013,$30K - $50K,1,3,5000,5167
,,,,,,19/01/2013 Total,,1,3,5000,5167
,,,,,,13/04/2013,$130K - $150K,1,3,2215,7457
,,,,,,13/04/2013 Total,,1,3,2215,7457
,,,,,USA Total,,,5,16,27198,20622
,,,,OR Total,,,,5,16,27198,20622
,,,Portland Total,,,,,5,16,27198,20622
,,,Salem,OR,USA,02/04/2012,$30K - $50K,1,4,9867,1128
,,,,,,02/04/2012 Total,,1,4,9867,1128
,,,,,,03/04/2012,$30K - $50K,1,6,1266,1132
,,,,,,03/04/2012 Total,,1,6,1266,1132
,,,,,,16/04/2012,$30K - $50K,1,4,4938,1329
,,,,,,16/04/2012 Total,,1,4,4938,1329
,,,,,,22/04/2012,$30K - $50K,1,4,9760,1427
,,,,,,22/04/2012 Total,,1,4,9760,1427
,,,,,,10/01/2013,$30K - $50K,1,5,9504,4943
,,,,,,10/01/2013 Total,,1,5,9504,4943
,,,,,,22/03/2013,$70K - $90K,1,5,1794,6853
,,,,,,22/03/2013 Total,,1,5,1794,6853
,,,,,,26/03/2013,$30K - $50K,1,4,5070,6945
,,,,,,26/03/2013 Total,,1,4,5070,6945
,,,,,,15/05/2013,$70K - $90K,1,4,2777,8313
,,,,,,15/05/2013 Total,,1,4,2777,8313
,,,,,,16/06/2013,$30K - $50K,1,5,8164,9193
,,,,,,16/06/2013 Total,,1,5,8164,9193
,,,,,,13/08/2013,$50K - $70K,1,3,154,10786
,,,,,,13/08/2013 Total,,1,3,154,10786
,,,,,,17/11/2013,$30K - $50K,1,4,7621,13416
,,,,,,17/11/2013 Total,,1,4,7621,13416
,,,,,USA Total,,,11,48,60915,65465
,,,,OR Total,,,,11,48,60915,65465
,,,Salem Total,,,,,11,48,60915,65465
,,,San Andres,DF,Mexico,20/08/2013,$90K - $110K,1,3,7663,10962
,,,,,,20/08/2013 Total,,1,3,7663,10962
,,,,,Mexico Total,,,1,3,7663,10962
,,,,DF Total,,,,1,3,7663,10962
,,,San Andres Total,,,,,1,3,7663,10962
,,,San Diego,CA,USA,01/05/2012,$30K - $50K,1,4,9433,1531
,,,,,,01/05/2012 Total,,1,4,9433,1531
,,,,,,02/05/2012,$130K - $150K,1,4,6739,1541
,,,,,,02/05/2012 Total,,1,4,6739,1541
,,,,,,19/05/2012,$50K - $70K,1,4,1428,1777
,,,,,,19/05/2012 Total,,1,4,1428,1777
,,,,,,06/07/2012,$10K - $30K,1,4,1446,2344
,,,,,,06/07/2012 Total,,1,4,1446,2344
,,,,,,17/11/2012,$70K - $90K,1,7,5543,3988
,,,,,,17/11/2012 Total,,1,7,5543,3988
,,,,,,07/02/2013,$30K - $50K,1,3,7305,5676
,,,,,,07/02/2013 Total,,1,3,7305,5676
,,,,,,21/03/2013,$150K +,1,3,8760,6841
,,,,,,21/03/2013 Total,,1,3,8760,6841
,,,,,,10/04/2013,$130K - $150K,1,3,2885,7386
,,,,,,10/04/2013 Total,,1,3,2885,7386
,,,,,,23/04/2013,$30K - $50K,1,3,574,7726
,,,,,,23/04/2013 Total,,1,3,574,7726
,,,,,,15/07/2013,$30K - $50K,1,3,7312,10006
,,,,,,15/07/2013 Total,,1,3,7312,10006
,,,,,USA Total,,,10,38,51425,48816
,,,,CA Total,,,,10,38,51425,48816
,,,San Diego Total,,,,,10,38,51425,48816
,,,Seattle,WA,USA,16/01/2012,$10K - $30K,1,4,28,127
,,,,,,16/01/2012 Total,,1,4,28,127
,,,,,,21/04/2012,$70K - $90K,1,2,6145,1402
,,,,,,21/04/2012 Total,,1,2,6145,1402
,,,,,,25/05/2012,$30K - $50K,1,4,6775,1846
,,,,,,25/05/2012 Total,,1,4,6775,1846
,,,,,,30/09/2012,$70K - $90K,1,6,7951,3374
,,,,,,30/09/2012 Total,,1,6,7951,3374
,,,,,,03/02/2013,$70K - $90K,1,5,5746,5577
,,,,,,03/02/2013 Total,,1,5,5746,5577
,,,,,,22/02/2013,$90K - $110K,1,3,4901,6116
,,,,,,22/02/2013 Total,,1,3,4901,6116
,,,,,,20/04/2013,$30K - $50K,1,4,4166,7646
,,,,,,20/04/2013 Total,,1,4,4166,7646
,,,,,,03/06/2013,$10K - $30K,1,2,9791,8862
,,,,,,03/06/2013 Total,,1,2,9791,8862
,,,,,,24/06/2013,$50K - $70K,1,3,9230,9422
,,,,,,24/06/2013 Total,,1,3,9230,9422
,,,,,,30/09/2013,$10K - $30K,1,6,5264,12074
,,,,,,30/09/2013 Total,,1,6,5264,12074
,,,,,,13/10/2013,$30K - $50K,1,5,9272,12415
,,,,,,13/10/2013 Total,,1,5,9272,12415
,,,,,,23/11/2013,$50K - $70K,1,4,8487,13564
,,,,,,23/11/2013 Total,,1,4,8487,13564
,,,,,USA Total,,,12,48,77756,82425
,,,,WA Total,,,,12,48,77756,82425
,,,Seattle Total,,,,,12,48,77756,82425
,,,Spokane,WA,USA,25/08/2012,$130K - $150K,1,3,6113,2964
,,,,,,25/08/2012 Total,,1,3,6113,2964
,,,,,,14/12/2012,$30K - $50K,1,3,6957,4402
,,,,,,14/12/2012 Total,,1,3,6957,4402
,,,,,,10/03/2013,$10K - $30K,1,3,2448,6563
,,,,,,10/03/2013 Total,,1,3,2448,6563
,,,,,,13/06/2013,$130K - $150K,1,3,6113,9106
,,,,,,13/06/2013 Total,,1,3,6113,9106
,,,,,USA Total,,,4,12,21631,23035
,,,,WA Total,,,,4,12,21631,23035
,,,Spokane Total,,,,,4,12,21631,23035
,,,Tacoma,WA,USA,12/02/2012,$10K - $30K,1,7,3552,442
,,,,,,12/02/2012 Total,,1,7,3552,442
,,,,,,19/04/2012,$30K - $50K,1,4,4340,1383
,,,,,,19/04/2012 Total,,1,4,4340,1383
,,,,,,02/06/2012,$70K - $90K,1,6,2211,1960
,,,,,,02/06/2012 Total,,1,6,2211,1960
,,,,,,11/12/2012,$30K - $50K,1,3,2942,4353
,,,,,,11/12/2012 Total,,1,3,2942,4353
,,,,,,04/05/2013,$150K +,1,5,7713,8007
,,,,,,04/05/2013 Total,,1,5,7713,8007
,,,,,,07/09/2013,$10K - $30K,1,5,6161,11414
,,,,,,07/09/2013 Total,,1,5,6161,11414
,,,,,,07/10/2013,$70K - $90K,1,6,2244,12247
,,,,,,07/10/2013 Total,,1,6,2244,12247
,,,,,,10/10/2013,$30K - $50K,1,4,5971,12341
,,,,,,10/10/2013 Total,,1,4,5971,12341
,,,,,,16/10/2013,$30K - $50K,1,3,6936,12487
,,,,,,16/10/2013 Total,,1,3,6936,12487
,,,,,USA Total,,,9,43,42070,64634
,,,,WA Total,,,,9,43,42070,64634
,,,Tacoma Total,,,,,9,43,42070,64634
,,,Vancouver,BC,Canada,12/04/2013,$10K - $30K,1,5,6259,7427
,,,,,,12/04/2013 Total,,1,5,6259,7427
,,,,,,27/05/2013,$30K - $50K,1,2,3879,8645
,,,,,,27/05/2013 Total,,1,2,3879,8645
,,,,,,03/06/2013,$30K - $50K,1,5,3090,8853
,,,,,,03/06/2013 Total,,1,5,3090,8853
,,,,,,12/09/2013,$50K - $70K,1,7,895,11552
,,,,,,12/09/2013 Total,,1,7,895,11552
,,,,,,16/12/2013,$10K - $30K,1,4,8627,13961
,,,,,,16/12/2013 Total,,1,4,8627,13961
,,,,,Canada Total,,,5,23,22750,50438
,,,,BC Total,,,,5,23,22750,50438
,,,Vancouver Total,,,,,5,23,22750,50438
,,,Victoria,BC,Canada,22/07/2013,$30K - $50K,1,2,3583,10217
,,,,,,22/07/2013 Total,,1,2,3583,10217
,,,,,Canada Total,,,1,2,3583,10217
,,,,BC Total,,,,1,2,3583,10217
,,,Victoria Total,,,,,1,2,3583,10217
,,,Yakima,WA,USA,14/06/2013,$10K - $30K,1,5,10226,9159
,,,,,,14/06/2013 Total,,1,5,10226,9159
,,,,,USA Total,,,1,5,10226,9159
,,,,WA Total,,,,1,5,10226,9159
,,,Yakima Total,,,,,1,5,10226,9159
,,S Total,,,,,,108,437,604540,773839
,F Total,,,,,,,220,890,1204511,1600143
,M,M,Acapulco,Guerrero,Mexico,09/02/2013,$10K - $30K,1,2,704,5753
,,,,,,09/02/2013 Total,,1,2,704,5753
,,,,,,05/08/2013,$30K - $50K,1,3,7745,10556
,,,,,,05/08/2013 Total,,1,3,7745,10556
,,,,,,13/09/2013,$10K - $30K,1,4,1745,11577
,,,,,,13/09/2013 Total,,1,4,1745,11577
,,,,,,12/11/2013,$50K - $70K,1,3,9942,13282
,,,,,,12/11/2013 Total,,1,3,9942,13282
,,,,,Mexico Total,,,4,12,20136,41168
,,,,Guerrero Total,,,,4,12,20136,41168
,,,Acapulco Total,,,,,4,12,20136,41168
,,,Bellingham,WA,USA,18/06/2012,$10K - $30K,1,3,6309,2123
,,,,,,18/06/2012 Total,,1,3,6309,2123
,,,,,USA Total,,,1,3,6309,2123
,,,,WA Total,,,,1,3,6309,2123
,,,Bellingham Total,,,,,1,3,6309,2123
,,,Beverly Hills,CA,USA,13/03/2013,$50K - $70K,1,5,9019,6642
,,,,,,13/03/2013 Total,,1,5,9019,6642
,,,,,USA Total,,,1,5,9019,6642
,,,,CA Total,,,,1,5,9019,6642
,,,Beverly Hills Total,,,,,1,5,9019,6642
,,,Bremerton,WA,USA,28/02/2012,$10K - $30K,1,4,9881,615
,,,,,,28/02/2012 Total,,1,4,9881,615
,,,,,,22/08/2012,$30K - $50K,1,4,1676,2926
,,,,,,22/08/2012 Total,,1,4,1676,2926
,,,,,,19/12/2012,$30K - $50K,1,4,5163,4486
,,,,,,19/12/2012 Total,,1,4,5163,4486
,,,,,,09/01/2013,$30K - $50K,1,4,7849,4941
,,,,,,09/01/2013 Total,,1,4,7849,4941
,,,,,,27/02/2013,$90K - $110K,1,5,9951,6278
,,,,,,27/02/2013 Total,,1,5,9951,6278
,,,,,USA Total,,,5,21,34520,19246
,,,,WA Total,,,,5,21,34520,19246
,,,Bremerton Total,,,,,5,21,34520,19246
,,,Hidalgo,Zacatecas,Mexico,26/04/2013,$130K - $150K,1,3,7055,7785
,,,,,,26/04/2013 Total,,1,3,7055,7785
,,,,,,09/06/2013,$130K - $150K,1,3,7152,9012
,,,,,,09/06/2013 Total,,1,3,7152,9012
,,,,,,20/11/2013,$30K - $50K,1,5,5700,13477
,,,,,,20/11/2013 Total,,1,5,5700,13477
,,,,,Mexico Total,,,3,11,19907,30274
,,,,Zacatecas Total,,,,3,11,19907,30274
,,,Hidalgo Total,,,,,3,11,19907,30274
,,,Los Angeles,CA,USA,21/08/2012,$10K - $30K,1,3,8937,2911
,,,,,,21/08/2012 Total,,1,3,8937,2911
,,,,,,15/01/2013,$30K - $50K,1,4,6621,5091
,,,,,,15/01/2013 Total,,1,4,6621,5091
,,,,,,26/02/2013,$130K - $150K,1,3,3289,6247
,,,,,,26/02/2013 Total,,1,3,3289,6247
,,,,,,28/02/2013,$30K - $50K,1,5,3070,6305
,,,,,,28/02/2013 Total,,1,5,3070,6305
,,,,,,18/03/2013,$10K - $30K,1,4,3587,6775
,,,,,,18/03/2013 Total,,1,4,3587,6775
,,,,,,15/06/2013,$30K - $50K,1,3,1167,9180
,,,,,,15/06/2013 Total,,1,3,1167,9180
,,,,,,02/11/2013,$50K - $70K,1,4,1539,13006
,,,,,,02/11/2013 Total,,1,4,1539,13006
,,,,,,17/11/2013,$10K - $30K,1,3,6130,13422
,,,,,,17/11/2013 Total,,1,3,6130,13422
,,,,,USA Total,,,8,29,34340,62937
,,,,CA Total,,,,8,29,34340,62937
,,,Los Angeles Total,,,,,8,29,34340,62937
,,,Merida,Yucatan,Mexico,26/05/2013,$30K - $50K,1,3,8670,8630
,,,,,,26/05/2013 Total,,1,3,8670,8630
,,,,,,31/05/2013,$30K - $50K,1,3,8710,8789
,,,,,,31/05/2013 Total,,1,3,8710,8789
,,,,,,13/06/2013,$30K - $50K,1,6,8670,9125
,,,,,,13/06/2013 Total,,1,6,8670,9125
,,,,,,18/08/2013,$30K - $50K,1,5,486,10913
,,,,,,18/08/2013 Total,,1,5,486,10913
,,,,,,17/10/2013,$130K - $150K,1,5,2998,12529
,,,,,,17/10/2013 Total,,1,5,2998,12529
,,,,,Mexico Total,,,5,22,29534,49986
,,,,Yucatan Total,,,,5,22,29534,49986
,,,Merida Total,,,,,5,22,29534,49986
,,,Mexico City,DF,Mexico,12/04/2013,$30K - $50K,1,3,3424,7428
,,,,,,12/04/2013 Total,,1,3,3424,7428
,,,,,,23/06/2013,$50K - $70K,1,4,6774,9388
,,,,,,23/06/2013 Total,,1,4,6774,9388
,,,,,,16/09/2013,$30K - $50K,1,5,3372,11672
,,,,,,16/09/2013 Total,,1,5,3372,11672
,,,,,Mexico Total,,,3,12,13570,28488
,,,,DF Total,,,,3,12,13570,28488
,,,Mexico City Total,,,,,3,12,13570,28488
,,,Orizaba,Veracruz,Mexico,16/12/2012,$30K - $50K,1,4,7176,4443
,,,,,,16/12/2012 Total,,1,4,7176,4443
,,,,,,05/10/2013,$10K - $30K,1,5,7700,12200
,,,,,,05/10/2013 Total,,1,5,7700,12200
,,,,,Mexico Total,,,2,9,14876,16643
,,,,Veracruz Total,,,,2,9,14876,16643
,,,Orizaba Total,,,,,2,9,14876,16643
,,,Portland,OR,USA,18/12/2012,$30K - $50K,1,4,1412,4472
,,,,,,18/12/2012 Total,,1,4,1412,4472
,,,,,,29/01/2013,$10K - $30K,1,3,7204,5426
,,,,,,29/01/2013 Total,,1,3,7204,5426
,,,,,,11/04/2013,$50K - $70K,1,4,1202,7411
,,,,,,11/04/2013 Total,,1,4,1202,7411
,,,,,USA Total,,,3,11,9818,17309
,,,,OR Total,,,,3,11,9818,17309
,,,Portland Total,,,,,3,11,9818,17309
,,,Salem,OR,USA,29/03/2012,$30K - $50K,1,5,3728,1068
,,,,,,29/03/2012 Total,,1,5,3728,1068
,,,,,,20/05/2012,$10K - $30K,1,3,2086,1795
,,,,,,20/05/2012 Total,,1,3,2086,1795
,,,,,,03/10/2012,$10K - $30K,1,4,4466,3416
,,,,,,03/10/2012 Total,,1,4,4466,3416
,,,,,,11/01/2013,$10K - $30K,1,3,4413,4974
,,,,,,11/01/2013 Total,,1,3,4413,4974
,,,,,,02/07/2013,$30K - $50K,1,4,7446,9614
,,,,,,02/07/2013 Total,,1,4,7446,9614
,,,,,,06/08/2013,$70K - $90K,1,4,9578,10581
,,,,,,06/08/2013 Total,,1,4,9578,10581
,,,,,,20/10/2013,$70K - $90K,1,2,6982,12624
,,,,,,20/10/2013 Total,,1,2,6982,12624
,,,,,,27/10/2013,$10K - $30K,1,3,2086,12802
,,,,,,27/10/2013 Total,,1,3,2086,12802
,,,,,,03/12/2013,$10K - $30K,1,5,3589,13802
,,,,,,03/12/2013 Total,,1,5,3589,13802
,,,,,,13/12/2013,$30K - $50K,1,4,3302,13942
,,,,,,13/12/2013 Total,,1,4,3302,13942
,,,,,USA Total,,,10,37,47676,84618
,,,,OR Total,,,,10,37,47676,84618
,,,Salem Total,,,,,10,37,47676,84618
,,,San Andres,DF,Mexico,14/01/2013,$10K - $30K,1,6,141,5058
,,,,,,14/01/2013 Total,,1,6,141,5058
,,,,,,09/03/2013,$110K - $130K,1,4,6750,6523
,,,,,,09/03/2013 Total,,1,4,6750,6523
,,,,,,20/06/2013,$30K - $50K,1,3,9945,9316
,,,,,,20/06/2013 Total,,1,3,9945,9316
,,,,,,11/09/2013,$10K - $30K,1,3,1975,11524
,,,,,,11/09/2013 Total,,1,3,1975,11524
,,,,,Mexico Total,,,4,16,18811,32421
,,,,DF Total,,,,4,16,18811,32421
,,,San Andres Total,,,,,4,16,18811,32421
,,,San Diego,CA,USA,28/01/2012,$50K - $70K,1,3,10233,249
,,,,,,28/01/2012 Total,,1,3,10233,249
,,,,,,29/01/2012,$50K - $70K,1,2,4179,260
,,,,,,29/01/2012 Total,,1,2,4179,260
,,,,,,21/11/2012,$70K - $90K,1,5,9233,4053
,,,,,,21/11/2012 Total,,1,5,9233,4053
,,,,,,07/01/2013,$10K - $30K,1,5,6977,4889
,,,,,,07/01/2013 Total,,1,5,6977,4889
,,,,,,17/01/2013,$50K - $70K,1,3,9656,5133
,,,,,,17/01/2013 Total,,1,3,9656,5133
,,,,,,17/02/2013,$10K - $30K,1,6,6977,5959
,,,,,,17/02/2013 Total,,1,6,6977,5959
,,,,,,04/03/2013,$50K - $70K,1,3,906,6389
,,,,,,04/03/2013 Total,,1,3,906,6389
,,,,,,30/07/2013,$50K - $70K,1,3,6824,10403
,,,,,,30/07/2013 Total,,1,3,6824,10403
,,,,,,26/09/2013,$10K - $30K,1,4,4628,11960
,,,,,,26/09/2013 Total,,1,4,4628,11960
,,,,,,19/10/2013,$30K - $50K,1,4,958,12589
,,,,,,19/10/2013 Total,,1,4,958,12589
,,,,,USA Total,,,10,38,60571,61884
,,,,CA Total,,,,10,38,60571,61884
,,,San Diego Total,,,,,10,38,60571,61884
,,,Seattle,WA,USA,15/01/2012,$30K - $50K,1,3,3313,118
,,,,,,15/01/2012 Total,,1,3,3313,118
,,,,,,25/05/2012,$90K - $110K,1,5,4739,1854
,,,,,,25/05/2012 Total,,1,5,4739,1854
,,,,,,14/07/2013,$10K - $30K,1,3,1973,9970
,,,,,,14/07/2013 Total,,1,3,1973,9970
,,,,,,02/11/2013,$30K - $50K,1,5,6729,12990
,,,,,,02/11/2013 Total,,1,5,6729,12990
,,,,,,10/12/2013,$50K - $70K,1,3,1684,13894
,,,,,,10/12/2013 Total,,1,3,1684,13894
,,,,,,15/12/2013,$10K - $30K,1,3,6395,13955
,,,,,,15/12/2013 Total,,1,3,6395,13955
,,,,,USA Total,,,6,22,24833,52781
,,,,WA Total,,,,6,22,24833,52781
,,,Seattle Total,,,,,6,22,24833,52781
,,,Spokane,WA,USA,30/04/2012,$130K - $150K,1,5,8452,1523
,,,,,,30/04/2012 Total,,1,5,8452,1523
,,,,,,13/06/2013,$30K - $50K,1,4,4021,9118
,,,,,,13/06/2013 Total,,1,4,4021,9118
,,,,,,20/07/2013,$30K - $50K,1,5,7862,10155
,,,,,,20/07/2013 Total,,1,5,7862,10155
,,,,,,27/08/2013,$50K - $70K,1,4,1567,11136
,,,,,,27/08/2013 Total,,1,4,1567,11136
,,,,,,27/10/2013,$70K - $90K,1,3,6835,12800
,,,,,,27/10/2013 Total,,1,3,6835,12800
,,,,,USA Total,,,5,21,28737,44732
,,,,WA Total,,,,5,21,28737,44732
,,,Spokane Total,,,,,5,21,28737,44732
,,,Tacoma,WA,USA,30/01/2012,$130K - $150K,1,6,8283,276
,,,,,,30/01/2012 Total,,1,6,8283,276
,,,,,,06/03/2012,$130K - $150K,1,5,9487,720
,,,,,,06/03/2012 Total,,1,5,9487,720
,,,,,,07/04/2012,$30K - $50K,1,4,1470,1196
,,,,,,07/04/2012 Total,,1,4,1470,1196
,,,,,,14/04/2012,$90K - $110K,1,4,6681,1295
,,,,,,14/04/2012 Total,,1,4,6681,1295
,,,,,,05/07/2012,$30K - $50K,1,4,10091,2339
,,,,,,05/07/2012 Total,,1,4,10091,2339
,,,,,,08/10/2012,$10K - $30K,1,4,4029,3503
,,,,,,08/10/2012 Total,,1,4,4029,3503
,,,,,,14/11/2012,$110K - $130K,1,3,5303,3945
,,,,,,14/11/2012 Total,,1,3,5303,3945
,,,,,,23/11/2012,$30K - $50K,1,6,587,4090
,,,,,,23/11/2012 Total,,1,6,587,4090
,,,,,,30/01/2013,$30K - $50K,1,3,6162,5461
,,,,,,30/01/2013 Total,,1,3,6162,5461
,,,,,,10/04/2013,$10K - $30K,1,4,1185,7358
,,,,,,10/04/2013 Total,,1,4,1185,7358
,,,,,,27/07/2013,$10K - $30K,1,5,10250,10321
,,,,,,27/07/2013 Total,,1,5,10250,10321
,,,,,,15/10/2013,$90K - $110K,1,6,6168,12464
,,,,,,15/10/2013 Total,,1,6,6168,12464
,,,,,,03/11/2013,$70K - $90K,1,5,863,13029
,,,,,,03/11/2013 Total,,1,5,863,13029
,,,,,USA Total,,,13,59,70559,65997
,,,,WA Total,,,,13,59,70559,65997
,,,Tacoma Total,,,,,13,59,70559,65997
,,,Vancouver,BC,Canada,29/01/2013,$10K - $30K,1,5,7839,5415
,,,,,,29/01/2013 Total,,1,5,7839,5415
,,,,,,24/05/2013,$30K - $50K,1,4,8857,8567
,,,,,,24/05/2013 Total,,1,4,8857,8567
,,,,,,25/05/2013,$30K - $50K,1,6,3023,8604
,,,,,,25/05/2013 Total,,1,6,3023,8604
,,,,,,31/05/2013,$50K - $70K,1,5,1350,8783
,,,,,,31/05/2013 Total,,1,5,1350,8783
,,,,,,02/08/2013,$10K - $30K,1,4,5558,10471
,,,,,,02/08/2013 Total,,1,4,5558,10471
,,,,,,12/08/2013,$30K - $50K,1,2,3023,10744
,,,,,,12/08/2013 Total,,1,2,3023,10744
,,,,,,09/09/2013,$10K - $30K,1,5,5558,11462
,,,,,,09/09/2013 Total,,1,5,5558,11462
,,,,,,11/10/2013,$10K - $30K,1,5,2463,12369
,,,,,,11/10/2013 Total,,1,5,2463,12369
,,,,,Canada Total,,,8,36,37671,76415
,,,,BC Total,,,,8,36,37671,76415
,,,Vancouver Total,,,,,8,36,37671,76415
,,,Victoria,BC,Canada,12/05/2013,$30K - $50K,1,2,1478,8251
,,,,,,12/05/2013 Total,,1,2,1478,8251
,,,,,Canada Total,,,1,2,1478,8251
,,,,BC Total,,,,1,2,1478,8251
,,,Victoria Total,,,,,1,2,1478,8251
,,,Yakima,WA,USA,20/12/2012,$50K - $70K,1,5,739,4495
,,,,,,20/12/2012 Total,,1,5,739,4495
,,,,,USA Total,,,1,5,739,4495
,,,,WA Total,,,,1,5,739,4495
,,,Yakima Total,,,,,1,5,739,4495
,,M Total,,,,,,93,371,483104,706410
,,S,Acapulco,Guerrero,Mexico,13/07/2013,$50K - $70K,1,3,3138,9948
,,,,,,13/07/2013 Total,,1,3,3138,9948
,,,,,Mexico Total,,,1,3,3138,9948
,,,,Guerrero Total,,,,1,3,3138,9948
,,,Acapulco Total,,,,,1,3,3138,9948
,,,Beverly Hills,CA,USA,11/03/2012,$30K - $50K,1,4,652,796
,,,,,,11/03/2012 Total,,1,4,652,796
,,,,,,15/03/2012,$50K - $70K,1,5,7379,852
,,,,,,15/03/2012 Total,,1,5,7379,852
,,,,,,09/02/2013,$50K - $70K,1,5,5566,5739
,,,,,,09/02/2013 Total,,1,5,5566,5739
,,,,,,26/02/2013,$30K - $50K,1,5,3911,6233
,,,,,,26/02/2013 Total,,1,5,3911,6233
,,,,,,23/03/2013,$70K - $90K,1,5,5144,6888
,,,,,,23/03/2013 Total,,1,5,5144,6888
,,,,,,07/08/2013,$130K - $150K,1,4,7481,10617
,,,,,,07/08/2013 Total,,1,4,7481,10617
,,,,,,22/09/2013,$30K - $50K,1,4,4337,11837
,,,,,,22/09/2013 Total,,1,4,4337,11837
,,,,,USA Total,,,7,32,34470,42962
,,,,CA Total,,,,7,32,34470,42962
,,,Beverly Hills Total,,,,,7,32,34470,42962
,,,Bremerton,WA,USA,20/12/2012,$10K - $30K,1,4,8742,4504
,,,,,,20/12/2012 Total,,1,4,8742,4504
,,,,,,12/02/2013,$30K - $50K,1,3,5944,5825
,,,,,,12/02/2013 Total,,1,3,5944,5825
,,,,,,22/02/2013,$10K - $30K,1,3,7153,6117
,,,,,,22/02/2013 Total,,1,3,7153,6117
,,,,,,06/06/2013,$30K - $50K,1,5,1430,8924
,,,,,,06/06/2013 Total,,1,5,1430,8924
,,,,,,30/08/2013,$10K - $30K,1,5,2850,11208
,,,,,,30/08/2013 Total,,1,5,2850,11208
,,,,,USA Total,,,5,20,26119,36578
,,,,WA Total,,,,5,20,26119,36578
,,,Bremerton Total,,,,,5,20,26119,36578
,,,Camacho,Zacatecas,Mexico,23/01/2013,$10K - $30K,1,3,9238,5275
,,,,,,23/01/2013 Total,,1,3,9238,5275
,,,,,,23/06/2013,$30K - $50K,1,4,6240,9399
,,,,,,23/06/2013 Total,,1,4,6240,9399
,,,,,Mexico Total,,,2,7,15478,14674
,,,,Zacatecas Total,,,,2,7,15478,14674
,,,Camacho Total,,,,,2,7,15478,14674
,,,Hidalgo,Zacatecas,Mexico,14/01/2013,$30K - $50K,1,4,5757,5057
,,,,,,14/01/2013 Total,,1,4,5757,5057
,,,,,,08/02/2013,$30K - $50K,1,5,7239,5711
,,,,,,08/02/2013 Total,,1,5,7239,5711
,,,,,,21/02/2013,$30K - $50K,1,5,7239,6079
,,,,,,21/02/2013 Total,,1,5,7239,6079
,,,,,,11/04/2013,$30K - $50K,1,5,7836,7396
,,,,,,11/04/2013 Total,,1,5,7836,7396
,,,,,,08/06/2013,$10K - $30K,1,6,4953,8990
,,,,,,08/06/2013 Total,,1,6,4953,8990
,,,,,,18/06/2013,$30K - $50K,1,4,597,9242
,,,,,,18/06/2013 Total,,1,4,597,9242
,,,,,,01/08/2013,$10K - $30K,1,4,9116,10448
,,,,,,01/08/2013 Total,,1,4,9116,10448
,,,,,,24/08/2013,$30K - $50K,1,3,4771,11071
,,,,,,24/08/2013 Total,,1,3,4771,11071
,,,,,,31/08/2013,$70K - $90K,1,6,6311,11230
,,,,,,31/08/2013 Total,,1,6,6311,11230
,,,,,Mexico Total,,,9,42,53819,75224
,,,,Zacatecas Total,,,,9,42,53819,75224
,,,Hidalgo Total,,,,,9,42,53819,75224
,,,Los Angeles,CA,USA,13/02/2012,$110K - $130K,1,5,2254,453
,,,,,,13/02/2012 Total,,1,5,2254,453
,,,,,,27/07/2012,$30K - $50K,1,5,4599,2609
,,,,,,27/07/2012 Total,,1,5,4599,2609
,,,,,,28/05/2013,$90K - $110K,1,4,9069,8683
,,,,,,28/05/2013 Total,,1,4,9069,8683
,,,,,,17/06/2013,$30K - $50K,1,3,4252,9233
,,,,,,17/06/2013 Total,,1,3,4252,9233
,,,,,,07/10/2013,$10K - $30K,1,5,1654,12240
,,,,,,07/10/2013 Total,,1,5,1654,12240
,,,,,,16/10/2013,$150K +,1,5,2957,12507
,,,,,,16/10/2013 Total,,1,5,2957,12507
,,,,,,11/11/2013,$50K - $70K,1,5,6715,13246
,,,,,,11/11/2013 Total,,1,5,6715,13246
,,,,,USA Total,,,7,32,31500,58971
,,,,CA Total,,,,7,32,31500,58971
,,,Los Angeles Total,,,,,7,32,31500,58971
,,,Merida,Yucatan,Mexico,05/03/2013,$10K - $30K,1,4,9443,6439
,,,,,,05/03/2013 Total,,1,4,9443,6439
,,,,,,23/03/2013,$10K - $30K,1,5,8204,6880
,,,,,,23/03/2013 Total,,1,5,8204,6880
,,,,,,23/04/2013,$50K - $70K,1,4,8239,7719
,,,,,,23/04/2013 Total,,1,4,8239,7719
,,,,,,30/05/2013,$50K - $70K,1,3,498,8744
,,,,,,30/05/2013 Total,,1,3,498,8744
,,,,,,14/06/2013,$30K - $50K,1,2,6034,9136
,,,,,,14/06/2013 Total,,1,2,6034,9136
,,,,,,11/10/2013,$30K - $50K,1,4,6034,12361
,,,,,,11/10/2013 Total,,1,4,6034,12361
,,,,,,24/10/2013,$10K - $30K,1,5,6464,12710
,,,,,,24/10/2013 Total,,1,5,6464,12710
,,,,,Mexico Total,,,7,27,44916,63989
,,,,Yucatan Total,,,,7,27,44916,63989
,,,Merida Total,,,,,7,27,44916,63989
,,,Portland,OR,USA,04/03/2012,$10K - $30K,1,3,8916,697
,,,,,,04/03/2012 Total,,1,3,8916,697
,,,,,,03/04/2012,$50K - $70K,1,2,1378,1130
,,,,,,03/04/2012 Total,,1,2,1378,1130
,,,,,,17/10/2012,$30K - $50K,1,4,2925,3611
,,,,,,17/10/2012 Total,,1,4,2925,3611
,,,,,,03/12/2012,$90K - $110K,1,6,1178,4237
,,,,,,03/12/2012 Total,,1,6,1178,4237
,,,,,,17/12/2012,$70K - $90K,1,3,9213,4449
,,,,,,17/12/2012 Total,,1,3,9213,4449
,,,,,,05/01/2013,$50K - $70K,1,3,4373,4818
,,,,,,05/01/2013 Total,,1,3,4373,4818
,,,,,,20/01/2013,$50K - $70K,1,5,1041,5211
,,,,,,20/01/2013 Total,,1,5,1041,5211
,,,,,,16/07/2013,$50K - $70K,1,4,1378,10026
,,,,,,16/07/2013 Total,,1,4,1378,10026
,,,,,USA Total,,,8,30,30402,34179
,,,,OR Total,,,,8,30,30402,34179
,,,Portland Total,,,,,8,30,30402,34179
,,,Salem,OR,USA,23/12/2011,$30K - $50K,1,4,9673,7
,,,,,,23/12/2011 Total,,1,4,9673,7
,,,,,,08/02/2012,$50K - $70K,1,4,1196,396
,,,,,,08/02/2012 Total,,1,4,1196,396
,,,,,,24/04/2012,$130K - $150K,1,5,2246,1449
,,,,,,24/04/2012 Total,,1,5,2246,1449
,,,,,,19/05/2012,$30K - $50K,1,5,7203,1768
,,,,,,19/05/2012 Total,,1,5,7203,1768
,,,,,,06/07/2012,$70K - $90K,1,5,3882,2352
,,,,,,06/07/2012 Total,,1,5,3882,2352
,,,,,,06/09/2013,$30K - $50K,1,4,4961,11385
,,,,,,06/09/2013 Total,,1,4,4961,11385
,,,,,,16/10/2013,$30K - $50K,1,4,9026,12494
,,,,,,16/10/2013 Total,,1,4,9026,12494
,,,,,,02/12/2013,$30K - $50K,1,4,178,13760
,,,,,,02/12/2013 Total,,1,4,178,13760
,,,,,USA Total,,,8,35,38365,43611
,,,,OR Total,,,,8,35,38365,43611
,,,Salem Total,,,,,8,35,38365,43611
,,,San Andres,DF,Mexico,21/02/2013,$10K - $30K,1,5,8338,6100
,,,,,,21/02/2013 Total,,1,5,8338,6100
,,,,,,06/05/2013,$10K - $30K,1,4,1792,8059
,,,,,,06/05/2013 Total,,1,4,1792,8059
,,,,,,08/05/2013,$30K - $50K,1,3,248,8130
,,,,,,08/05/2013 Total,,1,3,248,8130
,,,,,,03/07/2013,$50K - $70K,1,2,8486,9655
,,,,,,03/07/2013 Total,,1,2,8486,9655
,,,,,,09/11/2013,$50K - $70K,1,5,1393,13177
,,,,,,09/11/2013 Total,,1,5,1393,13177
,,,,,Mexico Total,,,5,19,20257,45121
,,,,DF Total,,,,5,19,20257,45121
,,,San Andres Total,,,,,5,19,20257,45121
,,,San Diego,CA,USA,28/02/2012,$70K - $90K,1,4,1938,630
,,,,,,28/02/2012 Total,,1,4,1938,630
,,,,,,18/03/2012,$10K - $30K,1,3,5037,890
,,,,,,18/03/2012 Total,,1,3,5037,890
,,,,,,23/11/2012,$130K - $150K,1,3,9393,4082
,,,,,,23/11/2012 Total,,1,3,9393,4082
,,,,,,04/05/2013,$30K - $50K,1,2,5314,8014
,,,,,,04/05/2013 Total,,1,2,5314,8014
,,,,,,08/06/2013,$30K - $50K,1,4,6829,8974
,,,,,,08/06/2013 Total,,1,4,6829,8974
,,,,,,02/07/2013,$30K - $50K,1,3,7596,9642
,,,,,,02/07/2013 Total,,1,3,7596,9642
,,,,,,26/10/2013,$30K - $50K,1,4,9909,12780
,,,,,,26/10/2013 Total,,1,4,9909,12780
,,,,,USA Total,,,7,23,46016,45012
,,,,CA Total,,,,7,23,46016,45012
,,,San Diego Total,,,,,7,23,46016,45012
,,,Seattle,WA,USA,29/05/2012,$30K - $50K,1,3,4515,1905
,,,,,,29/05/2012 Total,,1,3,4515,1905
,,,,,,26/06/2012,$10K - $30K,1,6,7257,2238
,,,,,,26/06/2012 Total,,1,6,7257,2238
,,,,,,17/07/2012,$50K - $70K,1,3,3473,2495
,,,,,,17/07/2012 Total,,1,3,3473,2495
,,,,,,02/08/2012,$10K - $30K,1,4,4259,2686
,,,,,,02/08/2012 Total,,1,4,4259,2686
,,,,,,02/05/2013,$30K - $50K,1,5,2054,7955
,,,,,,02/05/2013 Total,,1,5,2054,7955
,,,,,,14/08/2013,$30K - $50K,1,6,9417,10823
,,,,,,14/08/2013 Total,,1,6,9417,10823
,,,,,,26/08/2013,$10K - $30K,1,5,5952,11122
,,,,,,26/08/2013 Total,,1,5,5952,11122
,,,,,,09/09/2013,$10K - $30K,1,3,2471,11469
,,,,,,09/09/2013 Total,,1,3,2471,11469
,,,,,USA Total,,,8,35,39398,50693
,,,,WA Total,,,,8,35,39398,50693
,,,Seattle Total,,,,,8,35,39398,50693
,,,Spokane,WA,USA,12/01/2012,$30K - $50K,1,4,7702,96
,,,,,,12/01/2012 Total,,1,4,7702,96
,,,,,,28/01/2013,$10K - $30K,1,3,2371,5405
,,,,,,28/01/2013 Total,,1,3,2371,5405
,,,,,,01/02/2013,$50K - $70K,1,4,1415,5507
,,,,,,01/02/2013 Total,,1,4,1415,5507
,,,,,,07/02/2013,$10K - $30K,1,4,2769,5687
,,,,,,07/02/2013 Total,,1,4,2769,5687
,,,,,,22/02/2013,$90K - $110K,1,5,430,6108
,,,,,,22/02/2013 Total,,1,5,430,6108
,,,,,,30/03/2013,$10K - $30K,1,4,2371,7075
,,,,,,30/03/2013 Total,,1,4,2371,7075
,,,,,,28/06/2013,$70K - $90K,1,6,8351,9518
,,,,,,28/06/2013 Total,,1,6,8351,9518
,,,,,,01/11/2013,$90K - $110K,1,5,430,12936
,,,,,,01/11/2013 Total,,1,5,430,12936
,,,,,USA Total,,,8,35,25839,52332
,,,,WA Total,,,,8,35,25839,52332
,,,Spokane Total,,,,,8,35,25839,52332
,,,Tacoma,WA,USA,29/02/2012,$30K - $50K,1,4,4670,637
,,,,,,29/02/2012 Total,,1,4,4670,637
,,,,,,24/03/2012,$30K - $50K,1,4,4497,985
,,,,,,24/03/2012 Total,,1,4,4497,985
,,,,,,17/04/2012,$30K - $50K,1,3,3000,1342
,,,,,,17/04/2012 Total,,1,3,3000,1342
,,,,,,23/04/2012,$30K - $50K,1,4,5895,1429
,,,,,,23/04/2012 Total,,1,4,5895,1429
,,,,,,11/07/2012,$10K - $30K,1,4,4649,2398
,,,,,,11/07/2012 Total,,1,4,4649,2398
,,,,,,09/08/2012,$30K - $50K,1,5,3000,2776
,,,,,,09/08/2012 Total,,1,5,3000,2776
,,,,,,24/08/2012,$30K - $50K,1,3,4858,2954
,,,,,,24/08/2012 Total,,1,3,4858,2954
,,,,,,03/10/2012,$10K - $30K,1,3,6047,3430
,,,,,,03/10/2012 Total,,1,3,6047,3430
,,,,,,17/12/2012,$50K - $70K,1,4,3497,4458
,,,,,,17/12/2012 Total,,1,4,3497,4458
,,,,,,19/12/2012,$10K - $30K,1,5,2335,4483
,,,,,,19/12/2012 Total,,1,5,2335,4483
,,,,,,20/12/2012,$30K - $50K,1,4,4497,4505
,,,,,,20/12/2012 Total,,1,4,4497,4505
,,,,,,30/04/2013,$30K - $50K,1,4,9564,7906
,,,,,,30/04/2013 Total,,1,4,9564,7906
,,,,,USA Total,,,12,47,56509,37303
,,,,WA Total,,,,12,47,56509,37303
,,,Tacoma Total,,,,,12,47,56509,37303
,,,Vancouver,BC,Canada,11/05/2013,$30K - $50K,1,5,1374,8216
,,,,,,11/05/2013 Total,,1,5,1374,8216
,,,,,,14/05/2013,$130K - $150K,1,4,8101,8290
,,,,,,14/05/2013 Total,,1,4,8101,8290
,,,,,,16/05/2013,$30K - $50K,1,5,7097,8364
,,,,,,16/05/2013 Total,,1,5,7097,8364
,,,,,,04/08/2013,$130K - $150K,1,3,10071,10532
,,,,,,04/08/2013 Total,,1,3,10071,10532
,,,,,,16/08/2013,$130K - $150K,1,4,2324,10867
,,,,,,,$30K - $50K,1,4,8008,10846
,,,,,,16/08/2013 Total,,2,8,10332,21713
,,,,,Canada Total,,,6,25,36975,57115
,,,,BC Total,,,,6,25,36975,57115
,,,Vancouver Total,,,,,6,25,36975,57115
,,,Walla Walla,WA,USA,15/02/2013,$50K - $70K,1,3,8770,5918
,,,,,,15/02/2013 Total,,1,3,8770,5918
,,,,,USA Total,,,1,3,8770,5918
,,,,WA Total,,,,1,3,8770,5918
,,,Walla Walla Total,,,,,1,3,8770,5918
,,,Yakima,WA,USA,05/10/2012,$130K - $150K,1,5,5923,3463
,,,,,,05/10/2012 Total,,1,5,5923,3463
,,,,,,14/11/2012,$50K - $70K,1,3,3819,3956
,,,,,,14/11/2012 Total,,1,3,3819,3956
,,,,,,14/02/2013,$50K - $70K,1,3,1197,5870
,,,,,,14/02/2013 Total,,1,3,1197,5870
,,,,,USA Total,,,3,11,10939,13289
,,,,WA Total,,,,3,11,10939,13289
,,,Yakima Total,,,,,3,11,10939,13289
,,S Total,,,,,,104,426,522910,686919
,M Total,,,,,,,197,797,1006014,1393329
Breakfast Foods Total,,,,,,,,417,1687,2210525,2993472
Candles,F,M,Portland,OR,USA,26/06/2013,$30K - $50K,1,5,2613,9462
,,,,,,26/06/2013 Total,,1,5,2613,9462
,,,,,,08/07/2013,$150K +,1,4,2134,9807
,,,,,,08/07/2013 Total,,1,4,2134,9807
,,,,,USA Total,,,2,9,4747,19269
,,,,OR Total,,,,2,9,4747,19269
,,,Portland Total,,,,,2,9,4747,19269
,,,Salem,OR,USA,22/11/2012,$30K - $50K,1,3,8140,4070
,,,,,,22/11/2012 Total,,1,3,8140,4070
,,,,,USA Total,,,1,3,8140,4070
,,,,OR Total,,,,1,3,8140,4070
,,,Salem Total,,,,,1,3,8140,4070
,,,San Francisco,CA,USA,14/05/2013,$70K - $90K,1,4,8344,8301
,,,,,,14/05/2013 Total,,1,4,8344,8301
,,,,,USA Total,,,1,4,8344,8301
,,,,CA Total,,,,1,4,8344,8301
,,,San Francisco Total,,,,,1,4,8344,8301
,,,Spokane,WA,USA,26/11/2013,$50K - $70K,1,4,9797,13643
,,,,,,26/11/2013 Total,,1,4,9797,13643
,,,,,USA Total,,,1,4,9797,13643
,,,,WA Total,,,,1,4,9797,13643
,,,Spokane Total,,,,,1,4,9797,13643
,,,Tacoma,WA,USA,01/07/2012,$30K - $50K,1,4,1004,2295
,,,,,,01/07/2012 Total,,1,4,1004,2295
,,,,,,29/05/2013,$30K - $50K,1,6,1965,8733
,,,,,,29/05/2013 Total,,1,6,1965,8733
,,,,,USA Total,,,2,10,2969,11028
,,,,WA Total,,,,2,10,2969,11028
,,,Tacoma Total,,,,,2,10,2969,11028
,,,Victoria,BC,Canada,04/12/2013,$130K - $150K,1,5,480,13808
,,,,,,04/12/2013 Total,,1,5,480,13808
,,,,,Canada Total,,,1,5,480,13808
,,,,BC Total,,,,1,5,480,13808
,,,Victoria Total,,,,,1,5,480,13808
,,M Total,,,,,,8,35,34477,70119
,,S,Beverly Hills,CA,USA,01/02/2013,$30K - $50K,1,3,1455,5531
,,,,,,01/02/2013 Total,,1,3,1455,5531
,,,,,,26/03/2013,$30K - $50K,1,4,7223,6973
,,,,,,26/03/2013 Total,,1,4,7223,6973
,,,,,USA Total,,,2,7,8678,12504
,,,,CA Total,,,,2,7,8678,12504
,,,Beverly Hills Total,,,,,2,7,8678,12504
,,,Bremerton,WA,USA,02/08/2012,$30K - $50K,1,2,4257,2683
,,,,,,02/08/2012 Total,,1,2,4257,2683
,,,,,,12/07/2013,$130K - $150K,1,6,10240,9914
,,,,,,12/07/2013 Total,,1,6,10240,9914
,,,,,USA Total,,,2,8,14497,12597
,,,,WA Total,,,,2,8,14497,12597
,,,Bremerton Total,,,,,2,8,14497,12597
,,,Los Angeles,CA,USA,07/03/2012,$30K - $50K,1,5,5920,732
,,,,,,07/03/2012 Total,,1,5,5920,732
,,,,,,02/08/2013,$30K - $50K,1,6,227,10484
,,,,,,02/08/2013 Total,,1,6,227,10484
,,,,,USA Total,,,2,11,6147,11216
,,,,CA Total,,,,2,11,6147,11216
,,,Los Angeles Total,,,,,2,11,6147,11216
,,,San Andres,DF,Mexico,20/09/2013,$70K - $90K,1,5,8462,11780
,,,,,,20/09/2013 Total,,1,5,8462,11780
,,,,,Mexico Total,,,1,5,8462,11780
,,,,DF Total,,,,1,5,8462,11780
,,,San Andres Total,,,,,1,5,8462,11780
,,,San Diego,CA,USA,18/04/2013,$10K - $30K,1,6,5167,7564
,,,,,,18/04/2013 Total,,1,6,5167,7564
,,,,,,10/07/2013,$70K - $90K,1,5,8602,9847
,,,,,,10/07/2013 Total,,1,5,8602,9847
,,,,,USA Total,,,2,11,13769,17411
,,,,CA Total,,,,2,11,13769,17411
,,,San Diego Total,,,,,2,11,13769,17411
,,,San Francisco,CA,USA,27/07/2013,$110K - $130K,1,2,6495,10340
,,,,,,27/07/2013 Total,,1,2,6495,10340
,,,,,USA Total,,,1,2,6495,10340
,,,,CA Total,,,,1,2,6495,10340
,,,San Francisco Total,,,,,1,2,6495,10340
,,,Seattle,WA,USA,23/10/2012,$10K - $30K,1,5,9353,3669
,,,,,,23/10/2012 Total,,1,5,9353,3669
,,,,,,08/01/2013,$50K - $70K,1,5,9248,4899
,,,,,,08/01/2013 Total,,1,5,9248,4899
,,,,,USA Total,,,2,10,18601,8568
,,,,WA Total,,,,2,10,18601,8568
,,,Seattle Total,,,,,2,10,18601,8568
,,,Tacoma,WA,USA,06/12/2012,$70K - $90K,1,4,10273,4275
,,,,,,06/12/2012 Total,,1,4,10273,4275
,,,,,USA Total,,,1,4,10273,4275
,,,,WA Total,,,,1,4,10273,4275
,,,Tacoma Total,,,,,1,4,10273,4275
,,,Yakima,WA,USA,11/09/2013,$30K - $50K,1,4,10225,11530
,,,,,,11/09/2013 Total,,1,4,10225,11530
,,,,,USA Total,,,1,4,10225,11530
,,,,WA Total,,,,1,4,10225,11530
,,,Yakima Total,,,,,1,4,10225,11530
,,S Total,,,,,,14,62,97147,100221
,F Total,,,,,,,22,97,131624,170340
,M,M,Beverly Hills,CA,USA,18/02/2012,$10K - $30K,1,5,927,513
,,,,,,18/02/2012 Total,,1,5,927,513
,,,,,USA Total,,,1,5,927,513
,,,,CA Total,,,,1,5,927,513
,,,Beverly Hills Total,,,,,1,5,927,513
,,,Bremerton,WA,USA,12/02/2012,$30K - $50K,1,7,924,440
,,,,,,12/02/2012 Total,,1,7,924,440
,,,,,,22/03/2013,$30K - $50K,1,3,1533,6867
,,,,,,22/03/2013 Total,,1,3,1533,6867
,,,,,USA Total,,,2,10,2457,7307
,,,,WA Total,,,,2,10,2457,7307
,,,Bremerton Total,,,,,2,10,2457,7307
,,,Hidalgo,Zacatecas,Mexico,10/05/2013,$30K - $50K,1,3,7793,8202
,,,,,,10/05/2013 Total,,1,3,7793,8202
,,,,,Mexico Total,,,1,3,7793,8202
,,,,Zacatecas Total,,,,1,3,7793,8202
,,,Hidalgo Total,,,,,1,3,7793,8202
,,,Los Angeles,CA,USA,09/07/2012,$50K - $70K,1,5,8851,2376
,,,,,,09/07/2012 Total,,1,5,8851,2376
,,,,,,08/12/2012,$30K - $50K,1,2,2311,4313
,,,,,,08/12/2012 Total,,1,2,2311,4313
,,,,,USA Total,,,2,7,11162,6689
,,,,CA Total,,,,2,7,11162,6689
,,,Los Angeles Total,,,,,2,7,11162,6689
,,,Portland,OR,USA,02/03/2012,$10K - $30K,1,4,5733,665
,,,,,,02/03/2012 Total,,1,4,5733,665
,,,,,USA Total,,,1,4,5733,665
,,,,OR Total,,,,1,4,5733,665
,,,Portland Total,,,,,1,4,5733,665
,,,Salem,OR,USA,12/07/2013,$30K - $50K,1,5,2916,9911
,,,,,,12/07/2013 Total,,1,5,2916,9911
,,,,,USA Total,,,1,5,2916,9911
,,,,OR Total,,,,1,5,2916,9911
,,,Salem Total,,,,,1,5,2916,9911
,,,San Andres,DF,Mexico,13/02/2013,$50K - $70K,1,4,389,5843
,,,,,,13/02/2013 Total,,1,4,389,5843
,,,,,Mexico Total,,,1,4,389,5843
,,,,DF Total,,,,1,4,389,5843
,,,San Andres Total,,,,,1,4,389,5843
,,,San Diego,CA,USA,21/06/2013,$70K - $90K,1,5,1112,9334
,,,,,,21/06/2013 Total,,1,5,1112,9334
,,,,,USA Total,,,1,5,1112,9334
,,,,CA Total,,,,1,5,1112,9334
,,,San Diego Total,,,,,1,5,1112,9334
,,,Spokane,WA,USA,09/09/2012,$70K - $90K,1,4,6835,3134
,,,,,,09/09/2012 Total,,1,4,6835,3134
,,,,,,25/11/2013,$50K - $70K,1,3,2553,13614
,,,,,,25/11/2013 Total,,1,3,2553,13614
,,,,,USA Total,,,2,7,9388,16748
,,,,WA Total,,,,2,7,9388,16748
,,,Spokane Total,,,,,2,7,9388,16748
,,,Tacoma,WA,USA,16/07/2012,$30K - $50K,1,4,1003,2466
,,,,,,16/07/2012 Total,,1,4,1003,2466
,,,,,,30/03/2013,$10K - $30K,1,4,4029,7077
,,,,,,30/03/2013 Total,,1,4,4029,7077
,,,,,,10/07/2013,$10K - $30K,1,5,5256,9864
,,,,,,10/07/2013 Total,,1,5,5256,9864
,,,,,USA Total,,,3,13,10288,19407
,,,,WA Total,,,,3,13,10288,19407
,,,Tacoma Total,,,,,3,13,10288,19407
,,,Vancouver,BC,Canada,08/06/2013,$30K - $50K,1,3,10177,8987
,,,,,,08/06/2013 Total,,1,3,10177,8987
,,,,,,19/08/2013,$70K - $90K,1,6,8964,10936
,,,,,,19/08/2013 Total,,1,6,8964,10936
,,,,,Canada Total,,,2,9,19141,19923
,,,,BC Total,,,,2,9,19141,19923
,,,Vancouver Total,,,,,2,9,19141,19923
,,M Total,,,,,,17,72,71306,104542
,,S,Bellingham,WA,USA,09/08/2013,$30K - $50K,1,4,4048,10671
,,,,,,09/08/2013 Total,,1,4,4048,10671
,,,,,USA Total,,,1,4,4048,10671
,,,,WA Total,,,,1,4,4048,10671
,,,Bellingham Total,,,,,1,4,4048,10671
,,,Beverly Hills,CA,USA,24/11/2012,$30K - $50K,1,4,1090,4101
,,,,,,24/11/2012 Total,,1,4,1090,4101
,,,,,USA Total,,,1,4,1090,4101
,,,,CA Total,,,,1,4,1090,4101
,,,Beverly Hills Total,,,,,1,4,1090,4101
,,,Merida,Yucatan,Mexico,12/10/2013,$30K - $50K,1,2,9610,12387
,,,,,,12/10/2013 Total,,1,2,9610,12387
,,,,,Mexico Total,,,1,2,9610,12387
,,,,Yucatan Total,,,,1,2,9610,12387
,,,Merida Total,,,,,1,2,9610,12387
,,,Salem,OR,USA,13/03/2012,$50K - $70K,1,3,4678,822
,,,,,,13/03/2012 Total,,1,3,4678,822
,,,,,USA Total,,,1,3,4678,822
,,,,OR Total,,,,1,3,4678,822
,,,Salem Total,,,,,1,3,4678,822
,,,San Diego,CA,USA,23/09/2013,$50K - $70K,1,3,7140,11863
,,,,,,23/09/2013 Total,,1,3,7140,11863
,,,,,USA Total,,,1,3,7140,11863
,,,,CA Total,,,,1,3,7140,11863
,,,San Diego Total,,,,,1,3,7140,11863
,,,Spokane,WA,USA,17/06/2013,$30K - $50K,1,4,1297,9212
,,,,,,17/06/2013 Total,,1,4,1297,9212
,,,,,USA Total,,,1,4,1297,9212
,,,,WA Total,,,,1,4,1297,9212
,,,Spokane Total,,,,,1,4,1297,9212
,,S Total,,,,,,6,20,27863,49056
,M Total,,,,,,,23,92,99169,153598
Candles Total,,,,,,,,45,189,230793,323938
Candy,F,M,Acapulco,Guerrero,Mexico,26/03/2013,$150K +,1,5,340,6958
,,,,,,26/03/2013 Total,,1,5,340,6958
,,,,,,27/10/2013,$10K - $30K,1,3,9425,12801
,,,,,,27/10/2013 Total,,1,3,9425,12801
,,,,,Mexico Total,,,2,8,9765,19759
,,,,Guerrero Total,,,,2,8,9765,19759
,,,Acapulco Total,,,,,2,8,9765,19759
,,,Bellingham,WA,USA,10/12/2012,$90K - $110K,1,2,4027,4343
,,,,,,10/12/2012 Total,,1,2,4027,4343
,,,,,,13/11/2013,$30K - $50K,1,2,5916,13301
,,,,,,13/11/2013 Total,,1,2,5916,13301
,,,,,USA Total,,,2,4,9943,17644
,,,,WA Total,,,,2,4,9943,17644
,,,Bellingham Total,,,,,2,4,9943,17644
,,,Beverly Hills,CA,USA,02/02/2012,$50K - $70K,1,6,3503,310
,,,,,,02/02/2012 Total,,1,6,3503,310
,,,,,,29/10/2012,$30K - $50K,1,2,6421,3742
,,,,,,29/10/2012 Total,,1,2,6421,3742
,,,,,,11/01/2013,$30K - $50K,1,5,6893,4965
,,,,,,11/01/2013 Total,,1,5,6893,4965
,,,,,,04/02/2013,$30K - $50K,1,7,9179,5599
,,,,,,04/02/2013 Total,,1,7,9179,5599
,,,,,,25/02/2013,$30K - $50K,1,5,2618,6211
,,,,,,25/02/2013 Total,,1,5,2618,6211
,,,,,,25/03/2013,$30K - $50K,1,4,8638,6916
,,,,,,25/03/2013 Total,,1,4,8638,6916
,,,,,,07/05/2013,$50K - $70K,1,4,7033,8115
,,,,,,07/05/2013 Total,,1,4,7033,8115
,,,,,,07/12/2013,$30K - $50K,1,4,7104,13850
,,,,,,07/12/2013 Total,,1,4,7104,13850
,,,,,USA Total,,,8,37,51389,49708
,,,,CA Total,,,,8,37,51389,49708
,,,Beverly Hills Total,,,,,8,37,51389,49708
,,,Bremerton,WA,USA,03/04/2012,$30K - $50K,1,4,4606,1151
,,,,,,03/04/2012 Total,,1,4,4606,1151
,,,,,,12/02/2013,$110K - $130K,1,5,2437,5814
,,,,,,12/02/2013 Total,,1,5,2437,5814
,,,,,,18/03/2013,$130K - $150K,1,4,8907,6751
,,,,,,18/03/2013 Total,,1,4,8907,6751
,,,,,,11/08/2013,$70K - $90K,1,3,7909,10729
,,,,,,11/08/2013 Total,,1,3,7909,10729
,,,,,,28/09/2013,$150K +,1,3,3593,12014
,,,,,,28/09/2013 Total,,1,3,3593,12014
,,,,,USA Total,,,5,19,27452,36459
,,,,WA Total,,,,5,19,27452,36459
,,,Bremerton Total,,,,,5,19,27452,36459
,,,Camacho,Zacatecas,Mexico,15/05/2013,$30K - $50K,1,3,7128,8316
,,,,,,15/05/2013 Total,,1,3,7128,8316
,,,,,Mexico Total,,,1,3,7128,8316
,,,,Zacatecas Total,,,,1,3,7128,8316
,,,Camacho Total,,,,,1,3,7128,8316
,,,Hidalgo,Zacatecas,Mexico,09/01/2013,$90K - $110K,1,4,4026,4933
,,,,,,09/01/2013 Total,,1,4,4026,4933
,,,,,,01/03/2013,$10K - $30K,1,4,9644,6339
,,,,,,01/03/2013 Total,,1,4,9644,6339
,,,,,,08/03/2013,$10K - $30K,1,6,1259,6504
,,,,,,08/03/2013 Total,,1,6,1259,6504
,,,,,,01/06/2013,$30K - $50K,1,5,1871,8801
,,,,,,01/06/2013 Total,,1,5,1871,8801
,,,,,,10/06/2013,$10K - $30K,1,3,1259,9038
,,,,,,10/06/2013 Total,,1,3,1259,9038
,,,,,,24/07/2013,$30K - $50K,1,5,4620,10243
,,,,,,24/07/2013 Total,,1,5,4620,10243
,,,,,,09/09/2013,$90K - $110K,1,2,4026,11457
,,,,,,09/09/2013 Total,,1,2,4026,11457
,,,,,,04/10/2013,$90K - $110K,1,4,4026,12167
,,,,,,04/10/2013 Total,,1,4,4026,12167
,,,,,,09/10/2013,$10K - $30K,1,3,9644,12311
,,,,,,09/10/2013 Total,,1,3,9644,12311
,,,,,,02/11/2013,$30K - $50K,1,3,5114,12980
,,,,,,02/11/2013 Total,,1,3,5114,12980
,,,,,,10/11/2013,$30K - $50K,1,4,1871,13206
,,,,,,10/11/2013 Total,,1,4,1871,13206
,,,,,,18/11/2013,$10K - $30K,1,6,3495,13431
,,,,,,18/11/2013 Total,,1,6,3495,13431
,,,,,Mexico Total,,,12,49,50855,121410
,,,,Zacatecas Total,,,,12,49,50855,121410
,,,Hidalgo Total,,,,,12,49,50855,121410
,,,Los Angeles,CA,USA,04/07/2012,$50K - $70K,1,3,7469,2332
,,,,,,04/07/2012 Total,,1,3,7469,2332
,,,,,,25/07/2013,$50K - $70K,1,4,3817,10259
,,,,,,25/07/2013 Total,,1,4,3817,10259
,,,,,,10/08/2013,$30K - $50K,1,4,2618,10682
,,,,,,10/08/2013 Total,,1,4,2618,10682
,,,,,USA Total,,,3,11,13904,23273
,,,,CA Total,,,,3,11,13904,23273
,,,Los Angeles Total,,,,,3,11,13904,23273
,,,Merida,Yucatan,Mexico,12/01/2013,$10K - $30K,1,3,8087,5005
,,,,,,12/01/2013 Total,,1,3,8087,5005
,,,,,,23/02/2013,$10K - $30K,1,4,4761,6137
,,,,,,23/02/2013 Total,,1,4,4761,6137
,,,,,,10/04/2013,$70K - $90K,1,3,8592,7357
,,,,,,10/04/2013 Total,,1,3,8592,7357
,,,,,,07/06/2013,$50K - $70K,1,4,896,8950
,,,,,,07/06/2013 Total,,1,4,896,8950
,,,,,,28/07/2013,$30K - $50K,1,3,6603,10362
,,,,,,28/07/2013 Total,,1,3,6603,10362
,,,,,Mexico Total,,,5,17,28939,37811
,,,,Yucatan Total,,,,5,17,28939,37811
,,,Merida Total,,,,,5,17,28939,37811
,,,Mexico City,DF,Mexico,25/01/2013,$30K - $50K,1,2,4187,5337
,,,,,,25/01/2013 Total,,1,2,4187,5337
,,,,,Mexico Total,,,1,2,4187,5337
,,,,DF Total,,,,1,2,4187,5337
,,,Mexico City Total,,,,,1,2,4187,5337
,,,Orizaba,Veracruz,Mexico,13/01/2013,$50K - $70K,1,5,2862,5018
,,,,,,13/01/2013 Total,,1,5,2862,5018
,,,,,,09/05/2013,$110K - $130K,1,2,3608,8169
,,,,,,09/05/2013 Total,,1,2,3608,8169
,,,,,,04/06/2013,$30K - $50K,1,3,5071,8888
,,,,,,04/06/2013 Total,,1,3,5071,8888
,,,,,,04/10/2013,$10K - $30K,1,5,9037,12158
,,,,,,04/10/2013 Total,,1,5,9037,12158
,,,,,Mexico Total,,,4,15,20578,34233
,,,,Veracruz Total,,,,4,15,20578,34233
,,,Orizaba Total,,,,,4,15,20578,34233
,,,Portland,OR,USA,18/02/2012,$30K - $50K,1,4,8555,505
,,,,,,18/02/2012 Total,,1,4,8555,505
,,,,,,24/03/2012,$50K - $70K,1,5,1648,977
,,,,,,24/03/2012 Total,,1,5,1648,977
,,,,,,28/03/2012,$50K - $70K,1,3,6133,1050
,,,,,,28/03/2012 Total,,1,3,6133,1050
,,,,,,27/04/2012,$10K - $30K,1,6,1332,1481
,,,,,,27/04/2012 Total,,1,6,1332,1481
,,,,,,02/08/2012,$30K - $50K,1,5,7031,2677
,,,,,,02/08/2012 Total,,1,5,7031,2677
,,,,,,22/10/2012,$10K - $30K,1,3,2825,3657
,,,,,,22/10/2012 Total,,1,3,2825,3657
,,,,,,13/11/2012,$10K - $30K,1,5,1332,3939
,,,,,,13/11/2012 Total,,1,5,1332,3939
,,,,,,27/08/2013,$130K - $150K,1,5,9343,11127
,,,,,,27/08/2013 Total,,1,5,9343,11127
,,,,,,12/09/2013,$30K - $50K,1,5,8188,11551
,,,,,,12/09/2013 Total,,1,5,8188,11551
,,,,,USA Total,,,9,41,46387,36964
,,,,OR Total,,,,9,41,46387,36964
,,,Portland Total,,,,,9,41,46387,36964
,,,Salem,OR,USA,15/04/2012,$70K - $90K,1,5,1954,1310
,,,,,,15/04/2012 Total,,1,5,1954,1310
,,,,,,27/07/2012,$90K - $110K,1,4,3548,2612
,,,,,,27/07/2012 Total,,1,4,3548,2612
,,,,,,06/08/2012,$50K - $70K,1,4,169,2733
,,,,,,06/08/2012 Total,,1,4,169,2733
,,,,,,23/09/2012,$50K - $70K,1,6,7132,3307
,,,,,,23/09/2012 Total,,1,6,7132,3307
,,,,,,14/12/2012,$10K - $30K,1,3,5088,4398
,,,,,,14/12/2012 Total,,1,3,5088,4398
,,,,,,19/02/2013,$30K - $50K,1,5,2373,6012
,,,,,,19/02/2013 Total,,1,5,2373,6012
,,,,,,24/02/2013,$130K - $150K,1,2,6997,6175
,,,,,,24/02/2013 Total,,1,2,6997,6175
,,,,,,16/06/2013,$70K - $90K,1,3,6079,9202
,,,,,,16/06/2013 Total,,1,3,6079,9202
,,,,,,05/09/2013,$90K - $110K,1,3,4666,11372
,,,,,,05/09/2013 Total,,1,3,4666,11372
,,,,,,27/09/2013,$30K - $50K,1,7,8304,11998
,,,,,,27/09/2013 Total,,1,7,8304,11998
,,,,,USA Total,,,10,42,46310,59119
,,,,OR Total,,,,10,42,46310,59119
,,,Salem Total,,,,,10,42,46310,59119
,,,San Andres,DF,Mexico,23/01/2013,$10K - $30K,1,4,8867,5280
,,,,,,23/01/2013 Total,,1,4,8867,5280
,,,,,,05/05/2013,$30K - $50K,1,4,1017,8032
,,,,,,05/05/2013 Total,,1,4,1017,8032
,,,,,,02/07/2013,$130K - $150K,1,2,5691,9613
,,,,,,02/07/2013 Total,,1,2,5691,9613
,,,,,,10/07/2013,$150K +,1,3,6382,9850
,,,,,,10/07/2013 Total,,1,3,6382,9850
,,,,,,16/09/2013,$30K - $50K,1,4,4111,11657
,,,,,,16/09/2013 Total,,1,4,4111,11657
,,,,,Mexico Total,,,5,17,26068,44432
,,,,DF Total,,,,5,17,26068,44432
,,,San Andres Total,,,,,5,17,26068,44432
,,,San Diego,CA,USA,16/02/2012,$70K - $90K,1,7,2775,485
,,,,,,16/02/2012 Total,,1,7,2775,485
,,,,,,29/02/2012,$30K - $50K,1,2,3386,642
,,,,,,29/02/2012 Total,,1,2,3386,642
,,,,,,29/03/2012,$10K - $30K,1,4,6190,1073
,,,,,,29/03/2012 Total,,1,4,6190,1073
,,,,,,31/07/2012,$30K - $50K,1,4,4946,2658
,,,,,,31/07/2012 Total,,1,4,4946,2658
,,,,,,04/01/2013,$10K - $30K,1,5,4051,4812
,,,,,,04/01/2013 Total,,1,5,4051,4812
,,,,,,07/06/2013,$70K - $90K,1,6,7601,8969
,,,,,,07/06/2013 Total,,1,6,7601,8969
,,,,,,26/08/2013,$30K - $50K,1,3,5313,11119
,,,,,,26/08/2013 Total,,1,3,5313,11119
,,,,,USA Total,,,7,31,34262,29758
,,,,CA Total,,,,7,31,34262,29758
,,,San Diego Total,,,,,7,31,34262,29758
,,,Seattle,WA,USA,15/03/2012,$30K - $50K,1,4,8483,856
,,,,,,15/03/2012 Total,,1,4,8483,856
,,,,,,19/05/2012,$110K - $130K,1,4,4850,1778
,,,,,,19/05/2012 Total,,1,4,4850,1778
,,,,,,25/05/2012,$50K - $70K,1,2,5819,1851
,,,,,,25/05/2012 Total,,1,2,5819,1851
,,,,,,27/10/2012,$30K - $50K,1,2,7565,3711
,,,,,,27/10/2012 Total,,1,2,7565,3711
,,,,,,08/12/2012,$30K - $50K,1,5,221,4316
,,,,,,08/12/2012 Total,,1,5,221,4316
,,,,,,10/02/2013,$10K - $30K,1,3,2750,5769
,,,,,,10/02/2013 Total,,1,3,2750,5769
,,,,,,02/06/2013,$70K - $90K,1,2,8853,8819
,,,,,,02/06/2013 Total,,1,2,8853,8819
,,,,,,07/07/2013,$130K - $150K,1,4,6547,9763
,,,,,,07/07/2013 Total,,1,4,6547,9763
,,,,,,17/11/2013,$70K - $90K,1,6,6328,13405
,,,,,,17/11/2013 Total,,1,6,6328,13405
,,,,,,27/11/2013,$110K - $130K,1,5,6301,13648
,,,,,,27/11/2013 Total,,1,5,6301,13648
,,,,,USA Total,,,10,37,57717,63916
,,,,WA Total,,,,10,37,57717,63916
,,,Seattle Total,,,,,10,37,57717,63916
,,,Spokane,WA,USA,06/02/2012,$150K +,1,5,4727,370
,,,,,,06/02/2012 Total,,1,5,4727,370
,,,,,,22/07/2012,$30K - $50K,1,5,2201,2553
,,,,,,22/07/2012 Total,,1,5,2201,2553
,,,,,,25/07/2012,$30K - $50K,1,3,4676,2576
,,,,,,25/07/2012 Total,,1,3,4676,2576
,,,,,,01/12/2012,$30K - $50K,1,5,7051,4197
,,,,,,01/12/2012 Total,,1,5,7051,4197
,,,,,,04/02/2013,$30K - $50K,1,3,10173,5620
,,,,,,04/02/2013 Total,,1,3,10173,5620
,,,,,,12/02/2013,$10K - $30K,1,5,6912,5811
,,,,,,12/02/2013 Total,,1,5,6912,5811
,,,,,,26/06/2013,$130K - $150K,1,2,4868,9471
,,,,,,26/06/2013 Total,,1,2,4868,9471
,,,,,,29/06/2013,$30K - $50K,1,4,2201,9555
,,,,,,29/06/2013 Total,,1,4,2201,9555
,,,,,,04/07/2013,$30K - $50K,1,4,4676,9689
,,,,,,04/07/2013 Total,,1,4,4676,9689
,,,,,,19/08/2013,$130K - $150K,1,4,4175,10939
,,,,,,19/08/2013 Total,,1,4,4175,10939
,,,,,USA Total,,,10,40,51660,60781
,,,,WA Total,,,,10,40,51660,60781
,,,Spokane Total,,,,,10,40,51660,60781
,,,Tacoma,WA,USA,23/10/2012,$10K - $30K,1,4,6208,3667
,,,,,,23/10/2012 Total,,1,4,6208,3667
,,,,,,08/03/2013,$30K - $50K,1,3,6690,6512
,,,,,,08/03/2013 Total,,1,3,6690,6512
,,,,,,14/03/2013,$50K - $70K,1,3,9752,6673
,,,,,,14/03/2013 Total,,1,3,9752,6673
,,,,,,30/03/2013,$50K - $70K,1,6,9752,7078
,,,,,,30/03/2013 Total,,1,6,9752,7078
,,,,,,06/04/2013,$10K - $30K,1,5,7989,7261
,,,,,,06/04/2013 Total,,1,5,7989,7261
,,,,,,30/08/2013,$150K +,1,6,10280,11212
,,,,,,30/08/2013 Total,,1,6,10280,11212
,,,,,,09/10/2013,$10K - $30K,1,6,8551,12306
,,,,,,09/10/2013 Total,,1,6,8551,12306
,,,,,,14/10/2013,$30K - $50K,1,4,472,12448
,,,,,,14/10/2013 Total,,1,4,472,12448
,,,,,USA Total,,,8,37,59694,67157
,,,,WA Total,,,,8,37,59694,67157
,,,Tacoma Total,,,,,8,37,59694,67157
,,,Vancouver,BC,Canada,07/02/2013,$70K - $90K,1,4,2858,5699
,,,,,,07/02/2013 Total,,1,4,2858,5699
,,,,,,28/02/2013,$10K - $30K,1,3,8400,6301
,,,,,,28/02/2013 Total,,1,3,8400,6301
,,,,,,07/03/2013,$10K - $30K,1,4,3729,6488
,,,,,,07/03/2013 Total,,1,4,3729,6488
,,,,,,13/06/2013,$30K - $50K,1,5,10229,9121
,,,,,,13/06/2013 Total,,1,5,10229,9121
,,,,,,03/12/2013,$50K - $70K,1,3,8001,13787
,,,,,,03/12/2013 Total,,1,3,8001,13787
,,,,,Canada Total,,,5,19,33217,41396
,,,,BC Total,,,,5,19,33217,41396
,,,Vancouver Total,,,,,5,19,33217,41396
,,,Yakima,WA,USA,14/10/2012,$10K - $30K,1,3,9512,3578
,,,,,,14/10/2012 Total,,1,3,9512,3578
,,,,,,21/10/2013,$10K - $30K,1,5,4719,12636
,,,,,,21/10/2013 Total,,1,5,4719,12636
,,,,,USA Total,,,2,8,14231,16214
,,,,WA Total,,,,2,8,14231,16214
,,,Yakima Total,,,,,2,8,14231,16214
,,M Total,,,,,,109,437,593686,773687
,,S,Acapulco,Guerrero,Mexico,26/01/2013,$50K - $70K,1,5,6369,5360
,,,,,,26/01/2013 Total,,1,5,6369,5360
,,,,,Mexico Total,,,1,5,6369,5360
,,,,Guerrero Total,,,,1,5,6369,5360
,,,Acapulco Total,,,,,1,5,6369,5360
,,,Bellingham,WA,USA,07/06/2013,$30K - $50K,1,3,3739,8966
,,,,,,07/06/2013 Total,,1,3,3739,8966
,,,,,USA Total,,,1,3,3739,8966
,,,,WA Total,,,,1,3,3739,8966
,,,Bellingham Total,,,,,1,3,3739,8966
,,,Beverly Hills,CA,USA,26/02/2012,$50K - $70K,1,2,8912,603
,,,,,,26/02/2012 Total,,1,2,8912,603
,,,,,,21/07/2012,$30K - $50K,1,3,2385,2536
,,,,,,21/07/2012 Total,,1,3,2385,2536
,,,,,,11/10/2012,$30K - $50K,1,2,4798,3549
,,,,,,11/10/2012 Total,,1,2,4798,3549
,,,,,,16/02/2013,$30K - $50K,1,5,5778,5941
,,,,,,16/02/2013 Total,,1,5,5778,5941
,,,,,,22/04/2013,$130K - $150K,1,5,7206,7702
,,,,,,22/04/2013 Total,,1,5,7206,7702
,,,,,,24/10/2013,$10K - $30K,1,4,8734,12729
,,,,,,24/10/2013 Total,,1,4,8734,12729
,,,,,USA Total,,,6,21,37813,33060
,,,,CA Total,,,,6,21,37813,33060
,,,Beverly Hills Total,,,,,6,21,37813,33060
,,,Bremerton,WA,USA,02/04/2012,$30K - $50K,1,6,7822,1129
,,,,,,02/04/2012 Total,,1,6,7822,1129
,,,,,,26/08/2012,$10K - $30K,1,3,878,2985
,,,,,,26/08/2012 Total,,1,3,878,2985
,,,,,,06/03/2013,$150K +,1,5,760,6452
,,,,,,06/03/2013 Total,,1,5,760,6452
,,,,,USA Total,,,3,14,9460,10566
,,,,WA Total,,,,3,14,9460,10566
,,,Bremerton Total,,,,,3,14,9460,10566
,,,Camacho,Zacatecas,Mexico,04/05/2013,$50K - $70K,1,5,838,8010
,,,,,,04/05/2013 Total,,1,5,838,8010
,,,,,Mexico Total,,,1,5,838,8010
,,,,Zacatecas Total,,,,1,5,838,8010
,,,Camacho Total,,,,,1,5,838,8010
,,,Hidalgo,Zacatecas,Mexico,14/04/2013,$50K - $70K,1,4,7633,7471
,,,,,,14/04/2013 Total,,1,4,7633,7471
,,,,,,19/04/2013,$30K - $50K,1,5,1636,7589
,,,,,,19/04/2013 Total,,1,5,1636,7589
,,,,,,27/10/2013,$90K - $110K,1,2,1942,12828
,,,,,,27/10/2013 Total,,1,2,1942,12828
,,,,,,18/11/2013,$70K - $90K,1,4,8040,13443
,,,,,,18/11/2013 Total,,1,4,8040,13443
,,,,,Mexico Total,,,4,15,19251,41331
,,,,Zacatecas Total,,,,4,15,19251,41331
,,,Hidalgo Total,,,,,4,15,19251,41331
,,,Los Angeles,CA,USA,30/04/2012,$30K - $50K,1,3,9816,1526
,,,,,,30/04/2012 Total,,1,3,9816,1526
,,,,,,02/06/2012,$30K - $50K,1,5,4525,1958
,,,,,,02/06/2012 Total,,1,5,4525,1958
,,,,,,23/08/2012,$110K - $130K,1,5,10054,2949
,,,,,,23/08/2012 Total,,1,5,10054,2949
,,,,,,16/10/2013,$10K - $30K,1,3,6537,12485
,,,,,,16/10/2013 Total,,1,3,6537,12485
,,,,,,01/11/2013,$50K - $70K,1,3,3116,12967
,,,,,,01/11/2013 Total,,1,3,3116,12967
,,,,,USA Total,,,5,19,34048,31885
,,,,CA Total,,,,5,19,34048,31885
,,,Los Angeles Total,,,,,5,19,34048,31885
,,,Merida,Yucatan,Mexico,02/04/2013,$50K - $70K,1,6,7812,7167
,,,,,,02/04/2013 Total,,1,6,7812,7167
,,,,,,29/04/2013,$30K - $50K,1,6,2475,7874
,,,,,,29/04/2013 Total,,1,6,2475,7874
,,,,,,03/07/2013,$30K - $50K,1,3,5512,9649
,,,,,,03/07/2013 Total,,1,3,5512,9649
,,,,,,21/07/2013,$30K - $50K,1,3,1593,10196
,,,,,,21/07/2013 Total,,1,3,1593,10196
,,,,,,16/08/2013,$50K - $70K,1,5,5129,10856
,,,,,,16/08/2013 Total,,1,5,5129,10856
,,,,,Mexico Total,,,5,23,22521,45742
,,,,Yucatan Total,,,,5,23,22521,45742
,,,Merida Total,,,,,5,23,22521,45742
,,,Mexico City,DF,Mexico,28/02/2013,$10K - $30K,1,3,5594,6284
,,,,,,28/02/2013 Total,,1,3,5594,6284
,,,,,,02/04/2013,$30K - $50K,1,6,4823,7166
,,,,,,02/04/2013 Total,,1,6,4823,7166
,,,,,Mexico Total,,,2,9,10417,13450
,,,,DF Total,,,,2,9,10417,13450
,,,Mexico City Total,,,,,2,9,10417,13450
,,,Orizaba,Veracruz,Mexico,24/03/2013,$70K - $90K,1,3,4485,6900
,,,,,,24/03/2013 Total,,1,3,4485,6900
,,,,,,30/03/2013,$130K - $150K,1,3,1390,7063
,,,,,,30/03/2013 Total,,1,3,1390,7063
,,,,,,22/04/2013,$70K - $90K,1,3,7917,7687
,,,,,,22/04/2013 Total,,1,3,7917,7687
,,,,,Mexico Total,,,3,9,13792,21650
,,,,Veracruz Total,,,,3,9,13792,21650
,,,Orizaba Total,,,,,3,9,13792,21650
,,,Portland,OR,USA,03/03/2012,$130K - $150K,1,5,6761,675
,,,,,,03/03/2012 Total,,1,5,6761,675
,,,,,,17/08/2012,$130K - $150K,1,4,2215,2869
,,,,,,17/08/2012 Total,,1,4,2215,2869
,,,,,,25/12/2012,$10K - $30K,1,5,6388,4584
,,,,,,25/12/2012 Total,,1,5,6388,4584
,,,,,,15/02/2013,$10K - $30K,1,5,4135,5898
,,,,,,15/02/2013 Total,,1,5,4135,5898
,,,,,USA Total,,,4,19,19499,14026
,,,,OR Total,,,,4,19,19499,14026
,,,Portland Total,,,,,4,19,19499,14026
,,,Salem,OR,USA,17/02/2012,$50K - $70K,1,5,7189,495
,,,,,,17/02/2012 Total,,1,5,7189,495
,,,,,,02/03/2012,$30K - $50K,1,6,2422,669
,,,,,,02/03/2012 Total,,1,6,2422,669
,,,,,,27/03/2012,$90K - $110K,1,3,1366,1032
,,,,,,27/03/2012 Total,,1,3,1366,1032
,,,,,,27/04/2012,$10K - $30K,1,4,4589,1495
,,,,,,27/04/2012 Total,,1,4,4589,1495
,,,,,,03/05/2012,$10K - $30K,1,6,3243,1558
,,,,,,03/05/2012 Total,,1,6,3243,1558
,,,,,,24/09/2012,$130K - $150K,1,4,545,3315
,,,,,,24/09/2012 Total,,1,4,545,3315
,,,,,,29/09/2012,$10K - $30K,1,4,4589,3365
,,,,,,29/09/2012 Total,,1,4,4589,3365
,,,,,,08/03/2013,$30K - $50K,1,3,5070,6505
,,,,,,08/03/2013 Total,,1,3,5070,6505
,,,,,,31/03/2013,$10K - $30K,1,5,10026,7091
,,,,,,31/03/2013 Total,,1,5,10026,7091
,,,,,,27/07/2013,$10K - $30K,1,4,3243,10335
,,,,,,27/07/2013 Total,,1,4,3243,10335
,,,,,,13/11/2013,$10K - $30K,1,4,5533,13286
,,,,,,13/11/2013 Total,,1,4,5533,13286
,,,,,,26/11/2013,$130K - $150K,1,3,2468,13642
,,,,,,26/11/2013 Total,,1,3,2468,13642
,,,,,,07/12/2013,$30K - $50K,1,4,9760,13845
,,,,,,07/12/2013 Total,,1,4,9760,13845
,,,,,,20/12/2013,$30K - $50K,1,5,9504,14001
,,,,,,20/12/2013 Total,,1,5,9504,14001
,,,,,USA Total,,,14,60,69547,90634
,,,,OR Total,,,,14,60,69547,90634
,,,Salem Total,,,,,14,60,69547,90634
,,,San Andres,DF,Mexico,24/02/2013,$50K - $70K,1,5,6785,6186
,,,,,,24/02/2013 Total,,1,5,6785,6186
,,,,,,28/02/2013,$90K - $110K,1,4,7663,6294
,,,,,,28/02/2013 Total,,1,4,7663,6294
,,,,,,10/05/2013,$10K - $30K,1,4,10000,8201
,,,,,,10/05/2013 Total,,1,4,10000,8201
,,,,,,19/05/2013,$10K - $30K,1,4,4408,8430
,,,,,,19/05/2013 Total,,1,4,4408,8430
,,,,,,30/07/2013,$70K - $90K,1,3,7074,10399
,,,,,,30/07/2013 Total,,1,3,7074,10399
,,,,,,01/08/2013,$50K - $70K,1,5,567,10442
,,,,,,01/08/2013 Total,,1,5,567,10442
,,,,,,13/08/2013,$30K - $50K,1,4,24,10762
,,,,,,13/08/2013 Total,,1,4,24,10762
,,,,,,16/11/2013,$30K - $50K,1,5,9395,13381
,,,,,,16/11/2013 Total,,1,5,9395,13381
,,,,,Mexico Total,,,8,34,45916,74095
,,,,DF Total,,,,8,34,45916,74095
,,,San Andres Total,,,,,8,34,45916,74095
,,,San Diego,CA,USA,09/08/2012,$10K - $30K,1,3,7123,2773
,,,,,,09/08/2012 Total,,1,3,7123,2773
,,,,,,11/09/2012,$30K - $50K,1,4,4844,3165
,,,,,,11/09/2012 Total,,1,4,4844,3165
,,,,,,30/09/2012,$90K - $110K,1,5,6214,3375
,,,,,,30/09/2012 Total,,1,5,6214,3375
,,,,,,03/10/2012,$50K - $70K,1,3,6408,3428
,,,,,,03/10/2012 Total,,1,3,6408,3428
,,,,,,18/10/2012,$70K - $90K,1,5,8560,3619
,,,,,,18/10/2012 Total,,1,5,8560,3619
,,,,,,11/06/2013,$70K - $90K,1,7,5543,9061
,,,,,,11/06/2013 Total,,1,7,5543,9061
,,,,,USA Total,,,6,27,38692,25421
,,,,CA Total,,,,6,27,38692,25421
,,,San Diego Total,,,,,6,27,38692,25421
,,,Seattle,WA,USA,30/03/2012,$30K - $50K,1,3,3932,1082
,,,,,,30/03/2012 Total,,1,3,3932,1082
,,,,,,11/04/2012,$30K - $50K,1,5,2907,1254
,,,,,,11/04/2012 Total,,1,5,2907,1254
,,,,,,11/09/2012,$50K - $70K,1,4,3283,3162
,,,,,,11/09/2012 Total,,1,4,3283,3162
,,,,,,13/01/2013,$30K - $50K,1,5,502,5027
,,,,,,13/01/2013 Total,,1,5,502,5027
,,,,,,03/09/2013,$10K - $30K,1,3,2090,11316
,,,,,,03/09/2013 Total,,1,3,2090,11316
,,,,,,22/11/2013,$50K - $70K,1,4,5276,13516
,,,,,,22/11/2013 Total,,1,4,5276,13516
,,,,,USA Total,,,6,24,17990,35357
,,,,WA Total,,,,6,24,17990,35357
,,,Seattle Total,,,,,6,24,17990,35357
,,,Spokane,WA,USA,24/05/2012,$30K - $50K,1,6,769,1837
,,,,,,24/05/2012 Total,,1,6,769,1837
,,,,,,15/08/2012,$130K - $150K,1,4,6113,2843
,,,,,,15/08/2012 Total,,1,4,6113,2843
,,,,,,28/02/2013,$10K - $30K,1,4,5592,6293
,,,,,,28/02/2013 Total,,1,4,5592,6293
,,,,,,24/12/2013,$30K - $50K,1,4,9040,14025
,,,,,,24/12/2013 Total,,1,4,9040,14025
,,,,,USA Total,,,4,18,21514,24998
,,,,WA Total,,,,4,18,21514,24998
,,,Spokane Total,,,,,4,18,21514,24998
,,,Tacoma,WA,USA,14/07/2012,$10K - $30K,1,3,5616,2442
,,,,,,14/07/2012 Total,,1,3,5616,2442
,,,,,,19/09/2012,$10K - $30K,1,5,2918,3276
,,,,,,19/09/2012 Total,,1,5,2918,3276
,,,,,,28/09/2012,$30K - $50K,1,3,6936,3356
,,,,,,28/09/2012 Total,,1,3,6936,3356
,,,,,,20/10/2012,$130K - $150K,1,3,9956,3642
,,,,,,20/10/2012 Total,,1,3,9956,3642
,,,,,,23/01/2013,$110K - $130K,1,5,6423,5262
,,,,,,23/01/2013 Total,,1,5,6423,5262
,,,,,,13/11/2013,$30K - $50K,1,4,8840,13310
,,,,,,13/11/2013 Total,,1,4,8840,13310
,,,,,,14/11/2013,$30K - $50K,1,5,335,13330
,,,,,,14/11/2013 Total,,1,5,335,13330
,,,,,USA Total,,,7,28,41024,44618
,,,,WA Total,,,,7,28,41024,44618
,,,Tacoma Total,,,,,7,28,41024,44618
,,,Vancouver,BC,Canada,23/01/2013,$30K - $50K,1,4,6006,5267
,,,,,,23/01/2013 Total,,1,4,6006,5267
,,,,,,07/03/2013,$30K - $50K,1,5,6533,6478
,,,,,,07/03/2013 Total,,1,5,6533,6478
,,,,,Canada Total,,,2,9,12539,11745
,,,,BC Total,,,,2,9,12539,11745
,,,Vancouver Total,,,,,2,9,12539,11745
,,,Victoria,BC,Canada,16/02/2013,$30K - $50K,1,4,1164,5932
,,,,,,16/02/2013 Total,,1,4,1164,5932
,,,,,,12/03/2013,$30K - $50K,1,3,5787,6619
,,,,,,12/03/2013 Total,,1,3,5787,6619
,,,,,,02/04/2013,$10K - $30K,1,5,1662,7147
,,,,,,02/04/2013 Total,,1,5,1662,7147
,,,,,,23/04/2013,$30K - $50K,1,4,2532,7722
,,,,,,23/04/2013 Total,,1,4,2532,7722
,,,,,Canada Total,,,4,16,11145,27420
,,,,BC Total,,,,4,16,11145,27420
,,,Victoria Total,,,,,4,16,11145,27420
,,,Yakima,WA,USA,24/03/2012,$30K - $50K,1,3,3921,986
,,,,,,24/03/2012 Total,,1,3,3921,986
,,,,,USA Total,,,1,3,3921,986
,,,,WA Total,,,,1,3,3921,986
,,,Yakima Total,,,,,1,3,3921,986
,,S Total,,,,,,87,361,440035,569320
,F Total,,,,,,,196,798,1033721,1343007
,M,M,Acapulco,Guerrero,Mexico,16/01/2013,$10K - $30K,1,3,1745,5105
,,,,,,16/01/2013 Total,,1,3,1745,5105
,,,,,,08/12/2013,$30K - $50K,1,4,1232,13862
,,,,,,08/12/2013 Total,,1,4,1232,13862
,,,,,Mexico Total,,,2,7,2977,18967
,,,,Guerrero Total,,,,2,7,2977,18967
,,,Acapulco Total,,,,,2,7,2977,18967
,,,Bellingham,WA,USA,24/10/2012,$50K - $70K,1,4,7032,3677
,,,,,,24/10/2012 Total,,1,4,7032,3677
,,,,,,01/02/2013,$10K - $30K,1,1,4979,5520
,,,,,,01/02/2013 Total,,1,1,4979,5520
,,,,,USA Total,,,2,5,12011,9197
,,,,WA Total,,,,2,5,12011,9197
,,,Bellingham Total,,,,,2,5,12011,9197
,,,Beverly Hills,CA,USA,31/03/2012,$10K - $30K,1,4,7708,1104
,,,,,,31/03/2012 Total,,1,4,7708,1104
,,,,,,29/11/2012,$30K - $50K,1,3,133,4160
,,,,,,29/11/2012 Total,,1,3,133,4160
,,,,,,31/12/2012,$70K - $90K,1,3,7821,4716
,,,,,,31/12/2012 Total,,1,3,7821,4716
,,,,,,15/02/2013,$50K - $70K,1,3,9985,5901
,,,,,,15/02/2013 Total,,1,3,9985,5901
,,,,,,19/05/2013,$30K - $50K,1,5,5113,8413
,,,,,,19/05/2013 Total,,1,5,5113,8413
,,,,,,29/07/2013,$70K - $90K,1,3,8758,10384
,,,,,,29/07/2013 Total,,1,3,8758,10384
,,,,,,06/10/2013,$70K - $90K,1,4,8745,12218
,,,,,,06/10/2013 Total,,1,4,8745,12218
,,,,,USA Total,,,7,25,48263,46896
,,,,CA Total,,,,7,25,48263,46896
,,,Beverly Hills Total,,,,,7,25,48263,46896
,,,Bremerton,WA,USA,16/01/2012,$90K - $110K,1,5,5973,132
,,,,,,16/01/2012 Total,,1,5,5973,132
,,,,,,25/10/2012,$30K - $50K,1,3,647,3697
,,,,,,25/10/2012 Total,,1,3,647,3697
,,,,,,24/05/2013,$10K - $30K,1,3,7486,8574
,,,,,,24/05/2013 Total,,1,3,7486,8574
,,,,,,01/11/2013,$30K - $50K,1,5,7377,12971
,,,,,,01/11/2013 Total,,1,5,7377,12971
,,,,,USA Total,,,4,16,21483,25374
,,,,WA Total,,,,4,16,21483,25374
,,,Bremerton Total,,,,,4,16,21483,25374
,,,Hidalgo,Zacatecas,Mexico,19/02/2013,$30K - $50K,1,4,1693,6021
,,,,,,19/02/2013 Total,,1,4,1693,6021
,,,,,,21/02/2013,$90K - $110K,1,4,850,6088
,,,,,,21/02/2013 Total,,1,4,850,6088
,,,,,,01/04/2013,$30K - $50K,1,5,1693,7130
,,,,,,01/04/2013 Total,,1,5,1693,7130
,,,,,,28/07/2013,$110K - $130K,1,4,10002,10353
,,,,,,28/07/2013 Total,,1,4,10002,10353
,,,,,,15/11/2013,$30K - $50K,1,6,1693,13360
,,,,,,15/11/2013 Total,,1,6,1693,13360
,,,,,Mexico Total,,,5,23,15931,42952
,,,,Zacatecas Total,,,,5,23,15931,42952
,,,Hidalgo Total,,,,,5,23,15931,42952
,,,Los Angeles,CA,USA,21/07/2012,$30K - $50K,1,5,2377,2535
,,,,,,21/07/2012 Total,,1,5,2377,2535
,,,,,,19/03/2013,$70K - $90K,1,4,125,6799
,,,,,,19/03/2013 Total,,1,4,125,6799
,,,,,,18/06/2013,$30K - $50K,1,4,3146,9263
,,,,,,18/06/2013 Total,,1,4,3146,9263
,,,,,,17/08/2013,$30K - $50K,1,5,995,10896
,,,,,,17/08/2013 Total,,1,5,995,10896
,,,,,USA Total,,,4,18,6643,29493
,,,,CA Total,,,,4,18,6643,29493
,,,Los Angeles Total,,,,,4,18,6643,29493
,,,Merida,Yucatan,Mexico,02/06/2013,$30K - $50K,1,4,8710,8836
,,,,,,02/06/2013 Total,,1,4,8710,8836
,,,,,Mexico Total,,,1,4,8710,8836
,,,,Yucatan Total,,,,1,4,8710,8836
,,,Merida Total,,,,,1,4,8710,8836
,,,Mexico City,DF,Mexico,16/09/2013,$50K - $70K,1,4,9717,11673
,,,,,,16/09/2013 Total,,1,4,9717,11673
,,,,,Mexico Total,,,1,4,9717,11673
,,,,DF Total,,,,1,4,9717,11673
,,,Mexico City Total,,,,,1,4,9717,11673
,,,Portland,OR,USA,21/12/2011,$30K - $50K,1,4,9619,4
,,,,,,21/12/2011 Total,,1,4,9619,4
,,,,,,19/01/2012,$70K - $90K,1,2,5388,169
,,,,,,19/01/2012 Total,,1,2,5388,169
,,,,,,21/02/2012,$70K - $90K,1,3,8403,545
,,,,,,21/02/2012 Total,,1,3,8403,545
,,,,,,16/04/2012,$50K - $70K,1,5,3401,1335
,,,,,,16/04/2012 Total,,1,5,3401,1335
,,,,,,12/08/2012,$50K - $70K,1,4,5664,2809
,,,,,,12/08/2012 Total,,1,4,5664,2809
,,,,,,29/01/2013,$70K - $90K,1,5,3596,5425
,,,,,,29/01/2013 Total,,1,5,3596,5425
,,,,,,29/10/2013,$50K - $70K,1,6,7348,12877
,,,,,,29/10/2013 Total,,1,6,7348,12877
,,,,,USA Total,,,7,29,43419,23164
,,,,OR Total,,,,7,29,43419,23164
,,,Portland Total,,,,,7,29,43419,23164
,,,Salem,OR,USA,27/02/2012,$10K - $30K,1,4,4783,613
,,,,,,27/02/2012 Total,,1,4,4783,613
,,,,,,10/05/2012,$30K - $50K,1,5,6792,1664
,,,,,,10/05/2012 Total,,1,5,6792,1664
,,,,,,19/07/2012,$70K - $90K,1,4,7570,2523
,,,,,,19/07/2012 Total,,1,4,7570,2523
,,,,,,26/02/2013,$10K - $30K,1,2,9491,6223
,,,,,,26/02/2013 Total,,1,2,9491,6223
,,,,,,25/07/2013,$30K - $50K,1,6,346,10261
,,,,,,25/07/2013 Total,,1,6,346,10261
,,,,,,22/09/2013,$10K - $30K,1,5,177,11827
,,,,,,22/09/2013 Total,,1,5,177,11827
,,,,,,14/12/2013,$130K - $150K,1,3,1626,13952
,,,,,,14/12/2013 Total,,1,3,1626,13952
,,,,,USA Total,,,7,29,30785,47063
,,,,OR Total,,,,7,29,30785,47063
,,,Salem Total,,,,,7,29,30785,47063
,,,San Andres,DF,Mexico,14/02/2013,$110K - $130K,1,5,135,5892
,,,,,,14/02/2013 Total,,1,5,135,5892
,,,,,,12/07/2013,$50K - $70K,1,5,3085,9907
,,,,,,12/07/2013 Total,,1,5,3085,9907
,,,,,,24/12/2013,$30K - $50K,1,4,7816,14024
,,,,,,24/12/2013 Total,,1,4,7816,14024
,,,,,Mexico Total,,,3,14,11036,29823
,,,,DF Total,,,,3,14,11036,29823
,,,San Andres Total,,,,,3,14,11036,29823
,,,San Diego,CA,USA,01/02/2012,$150K +,1,4,6083,294
,,,,,,01/02/2012 Total,,1,4,6083,294
,,,,,,27/10/2012,$30K - $50K,1,5,3965,3720
,,,,,,27/10/2012 Total,,1,5,3965,3720
,,,,,,30/12/2012,$10K - $30K,1,4,4634,4683
,,,,,,30/12/2012 Total,,1,4,4634,4683
,,,,,,20/01/2013,$30K - $50K,1,7,7242,5213
,,,,,,20/01/2013 Total,,1,7,7242,5213
,,,,,,11/08/2013,$30K - $50K,1,3,7014,10717
,,,,,,11/08/2013 Total,,1,3,7014,10717
,,,,,USA Total,,,5,23,28938,24627
,,,,CA Total,,,,5,23,28938,24627
,,,San Diego Total,,,,,5,23,28938,24627
,,,San Francisco,CA,USA,05/06/2013,$30K - $50K,1,3,1300,8903
,,,,,,05/06/2013 Total,,1,3,1300,8903
,,,,,USA Total,,,1,3,1300,8903
,,,,CA Total,,,,1,3,1300,8903
,,,San Francisco Total,,,,,1,3,1300,8903
,,,Seattle,WA,USA,10/01/2012,$30K - $50K,1,6,3849,86
,,,,,,10/01/2012 Total,,1,6,3849,86
,,,,,,18/07/2012,$30K - $50K,1,5,4877,2509
,,,,,,18/07/2012 Total,,1,5,4877,2509
,,,,,,22/09/2012,$30K - $50K,1,5,2259,3303
,,,,,,22/09/2012 Total,,1,5,2259,3303
,,,,,,03/05/2013,$10K - $30K,1,5,7006,7997
,,,,,,03/05/2013 Total,,1,5,7006,7997
,,,,,,09/08/2013,$70K - $90K,1,6,426,10680
,,,,,,09/08/2013 Total,,1,6,426,10680
,,,,,,17/10/2013,$10K - $30K,1,4,3966,12530
,,,,,,17/10/2013 Total,,1,4,3966,12530
,,,,,,05/11/2013,$30K - $50K,1,4,2771,13075
,,,,,,05/11/2013 Total,,1,4,2771,13075
,,,,,USA Total,,,7,35,25154,50180
,,,,WA Total,,,,7,35,25154,50180
,,,Seattle Total,,,,,7,35,25154,50180
,,,Spokane,WA,USA,12/03/2012,$50K - $70K,1,3,2553,812
,,,,,,12/03/2012 Total,,1,3,2553,812
,,,,,,22/06/2012,$10K - $30K,1,4,6348,2181
,,,,,,22/06/2012 Total,,1,4,6348,2181
,,,,,,26/06/2012,$110K - $130K,1,3,9318,2236
,,,,,,26/06/2012 Total,,1,3,9318,2236
,,,,,,13/07/2012,$10K - $30K,1,3,6348,2428
,,,,,,13/07/2012 Total,,1,3,6348,2428
,,,,,,06/01/2013,$50K - $70K,1,3,2553,4843
,,,,,,06/01/2013 Total,,1,3,2553,4843
,,,,,,26/02/2013,$30K - $50K,1,6,7862,6245
,,,,,,26/02/2013 Total,,1,6,7862,6245
,,,,,USA Total,,,6,22,34982,18745
,,,,WA Total,,,,6,22,34982,18745
,,,Spokane Total,,,,,6,22,34982,18745
,,,Tacoma,WA,USA,13/04/2012,$30K - $50K,1,5,10091,1279
,,,,,,13/04/2012 Total,,1,5,10091,1279
,,,,,,26/04/2012,$50K - $70K,1,6,7241,1472
,,,,,,26/04/2012 Total,,1,6,7241,1472
,,,,,,17/08/2012,$50K - $70K,1,5,9271,2868
,,,,,,17/08/2012 Total,,1,5,9271,2868
,,,,,,11/10/2012,$70K - $90K,1,3,4099,3540
,,,,,,11/10/2012 Total,,1,3,4099,3540
,,,,,,03/04/2013,$110K - $130K,1,2,5303,7171
,,,,,,03/04/2013 Total,,1,2,5303,7171
,,,,,,31/10/2013,$10K - $30K,1,3,341,12910
,,,,,,31/10/2013 Total,,1,3,341,12910
,,,,,USA Total,,,6,24,36346,29240
,,,,WA Total,,,,6,24,36346,29240
,,,Tacoma Total,,,,,6,24,36346,29240
,,,Vancouver,BC,Canada,20/06/2013,$30K - $50K,1,5,7471,9304
,,,,,,20/06/2013 Total,,1,5,7471,9304
,,,,,,02/08/2013,$50K - $70K,1,6,6821,10465
,,,,,,02/08/2013 Total,,1,6,6821,10465
,,,,,,05/10/2013,$90K - $110K,1,5,8182,12187
,,,,,,05/10/2013 Total,,1,5,8182,12187
,,,,,,16/10/2013,$50K - $70K,1,5,2029,12484
,,,,,,16/10/2013 Total,,1,5,2029,12484
,,,,,,19/10/2013,$10K - $30K,1,3,5994,12584
,,,,,,19/10/2013 Total,,1,3,5994,12584
,,,,,Canada Total,,,5,24,30497,57024
,,,,BC Total,,,,5,24,30497,57024
,,,Vancouver Total,,,,,5,24,30497,57024
,,,Walla Walla,WA,USA,01/02/2012,$90K - $110K,1,4,6675,305
,,,,,,01/02/2012 Total,,1,4,6675,305
,,,,,USA Total,,,1,4,6675,305
,,,,WA Total,,,,1,4,6675,305
,,,Walla Walla Total,,,,,1,4,6675,305
,,,Yakima,WA,USA,03/11/2012,$30K - $50K,1,5,1825,3818
,,,,,,03/11/2012 Total,,1,5,1825,3818
,,,,,,13/12/2012,$10K - $30K,1,3,2588,4387
,,,,,,13/12/2012 Total,,1,3,2588,4387
,,,,,,03/01/2013,$30K - $50K,1,6,588,4786
,,,,,,03/01/2013 Total,,1,6,588,4786
,,,,,,09/08/2013,$30K - $50K,1,6,5568,10672
,,,,,,09/08/2013 Total,,1,6,5568,10672
,,,,,,15/10/2013,$50K - $70K,1,5,739,12467
,,,,,,15/10/2013 Total,,1,5,739,12467
,,,,,USA Total,,,5,25,11308,36130
,,,,WA Total,,,,5,25,11308,36130
,,,Yakima Total,,,,,5,25,11308,36130
,,M Total,,,,,,79,334,386175,518592
,,S,Acapulco,Guerrero,Mexico,22/01/2013,$10K - $30K,1,3,843,5259
,,,,,,22/01/2013 Total,,1,3,843,5259
,,,,,Mexico Total,,,1,3,843,5259
,,,,Guerrero Total,,,,1,3,843,5259
,,,Acapulco Total,,,,,1,3,843,5259
,,,Bellingham,WA,USA,25/04/2013,$30K - $50K,1,4,8020,7767
,,,,,,25/04/2013 Total,,1,4,8020,7767
,,,,,USA Total,,,1,4,8020,7767
,,,,WA Total,,,,1,4,8020,7767
,,,Bellingham Total,,,,,1,4,8020,7767
,,,Beverly Hills,CA,USA,17/07/2012,$50K - $70K,1,5,9252,2490
,,,,,,17/07/2012 Total,,1,5,9252,2490
,,,,,,08/12/2012,$50K - $70K,1,4,6469,4305
,,,,,,08/12/2012 Total,,1,4,6469,4305
,,,,,,03/03/2013,$10K - $30K,1,4,9300,6367
,,,,,,03/03/2013 Total,,1,4,9300,6367
,,,,,,10/03/2013,$30K - $50K,1,5,3970,6569
,,,,,,10/03/2013 Total,,1,5,3970,6569
,,,,,,27/04/2013,$50K - $70K,1,3,3580,7821
,,,,,,27/04/2013 Total,,1,3,3580,7821
,,,,,,14/11/2013,$30K - $50K,1,3,9540,13328
,,,,,,14/11/2013 Total,,1,3,9540,13328
,,,,,,23/11/2013,$110K - $130K,1,4,2128,13554
,,,,,,23/11/2013 Total,,1,4,2128,13554
,,,,,USA Total,,,7,28,44239,54434
,,,,CA Total,,,,7,28,44239,54434
,,,Beverly Hills Total,,,,,7,28,44239,54434
,,,Bremerton,WA,USA,27/08/2012,$130K - $150K,1,6,7384,2995
,,,,,,27/08/2012 Total,,1,6,7384,2995
,,,,,,11/09/2012,$10K - $30K,1,4,9029,3163
,,,,,,11/09/2012 Total,,1,4,9029,3163
,,,,,,12/10/2012,$50K - $70K,1,3,8947,3555
,,,,,,12/10/2012 Total,,1,3,8947,3555
,,,,,,28/03/2013,$50K - $70K,1,4,8947,7024
,,,,,,28/03/2013 Total,,1,4,8947,7024
,,,,,,19/04/2013,$50K - $70K,1,3,4998,7593
,,,,,,19/04/2013 Total,,1,3,4998,7593
,,,,,,23/05/2013,$70K - $90K,1,5,6559,8557
,,,,,,23/05/2013 Total,,1,5,6559,8557
,,,,,,05/08/2013,$50K - $70K,1,5,5376,10547
,,,,,,05/08/2013 Total,,1,5,5376,10547
,,,,,,14/09/2013,$50K - $70K,1,4,4998,11602
,,,,,,14/09/2013 Total,,1,4,4998,11602
,,,,,,06/11/2013,$10K - $30K,1,5,1798,13086
,,,,,,06/11/2013 Total,,1,5,1798,13086
,,,,,USA Total,,,9,39,58036,68122
,,,,WA Total,,,,9,39,58036,68122
,,,Bremerton Total,,,,,9,39,58036,68122
,,,Camacho,Zacatecas,Mexico,27/01/2013,$50K - $70K,1,5,2986,5371
,,,,,,27/01/2013 Total,,1,5,2986,5371
,,,,,,19/05/2013,$50K - $70K,1,4,6111,8434
,,,,,,19/05/2013 Total,,1,4,6111,8434
,,,,,,22/05/2013,$10K - $30K,1,6,9525,8525
,,,,,,22/05/2013 Total,,1,6,9525,8525
,,,,,,05/10/2013,$10K - $30K,1,3,4742,12184
,,,,,,05/10/2013 Total,,1,3,4742,12184
,,,,,,18/10/2013,$30K - $50K,1,4,3584,12541
,,,,,,18/10/2013 Total,,1,4,3584,12541
,,,,,Mexico Total,,,5,22,26948,47055
,,,,Zacatecas Total,,,,5,22,26948,47055
,,,Camacho Total,,,,,5,22,26948,47055
,,,Hidalgo,Zacatecas,Mexico,09/02/2013,$10K - $30K,1,3,4953,5752
,,,,,,09/02/2013 Total,,1,3,4953,5752
,,,,,,23/02/2013,$30K - $50K,1,4,7261,6171
,,,,,,23/02/2013 Total,,1,4,7261,6171
,,,,,,18/03/2013,$30K - $50K,1,5,7836,6771
,,,,,,18/03/2013 Total,,1,5,7836,6771
,,,,,,29/03/2013,$30K - $50K,1,5,7261,7032
,,,,,,29/03/2013 Total,,1,5,7261,7032
,,,,,,16/06/2013,$30K - $50K,1,6,7836,9201
,,,,,,16/06/2013 Total,,1,6,7836,9201
,,,,,,15/07/2013,$110K - $130K,1,5,4225,10015
,,,,,,15/07/2013 Total,,1,5,4225,10015
,,,,,,09/09/2013,$30K - $50K,1,5,7261,11472
,,,,,,09/09/2013 Total,,1,5,7261,11472
,,,,,Mexico Total,,,7,33,46633,56414
,,,,Zacatecas Total,,,,7,33,46633,56414
,,,Hidalgo Total,,,,,7,33,46633,56414
,,,Los Angeles,CA,USA,23/03/2012,$110K - $130K,1,5,2977,973
,,,,,,23/03/2012 Total,,1,5,2977,973
,,,,,,26/08/2012,$90K - $110K,1,4,4344,2980
,,,,,,26/08/2012 Total,,1,4,4344,2980
,,,,,,17/11/2012,$50K - $70K,1,3,8718,3992
,,,,,,17/11/2012 Total,,1,3,8718,3992
,,,,,,16/12/2012,$10K - $30K,1,3,6417,4444
,,,,,,16/12/2012 Total,,1,3,6417,4444
,,,,,,07/03/2013,$10K - $30K,1,6,2429,6483
,,,,,,07/03/2013 Total,,1,6,2429,6483
,,,,,,28/10/2013,$50K - $70K,1,6,9552,12848
,,,,,,28/10/2013 Total,,1,6,9552,12848
,,,,,USA Total,,,6,27,34437,31720
,,,,CA Total,,,,6,27,34437,31720
,,,Los Angeles Total,,,,,6,27,34437,31720
,,,Merida,Yucatan,Mexico,08/03/2013,$90K - $110K,1,4,4913,6499
,,,,,,08/03/2013 Total,,1,4,4913,6499
,,,,,,16/05/2013,$70K - $90K,1,4,1419,8348
,,,,,,16/05/2013 Total,,1,4,1419,8348
,,,,,,21/09/2013,$50K - $70K,1,4,8239,11810
,,,,,,21/09/2013 Total,,1,4,8239,11810
,,,,,Mexico Total,,,3,12,14571,26657
,,,,Yucatan Total,,,,3,12,14571,26657
,,,Merida Total,,,,,3,12,14571,26657
,,,Mexico City,DF,Mexico,25/06/2013,$10K - $30K,1,4,1026,9430
,,,,,,25/06/2013 Total,,1,4,1026,9430
,,,,,,10/11/2013,$30K - $50K,1,6,2911,13213
,,,,,,10/11/2013 Total,,1,6,2911,13213
,,,,,Mexico Total,,,2,10,3937,22643
,,,,DF Total,,,,2,10,3937,22643
,,,Mexico City Total,,,,,2,10,3937,22643
,,,Portland,OR,USA,29/12/2011,$70K - $90K,1,5,9795,23
,,,,,,29/12/2011 Total,,1,5,9795,23
,,,,,,23/03/2012,$10K - $30K,1,4,591,972
,,,,,,23/03/2012 Total,,1,4,591,972
,,,,,,16/04/2012,$50K - $70K,1,2,7657,1336
,,,,,,16/04/2012 Total,,1,2,7657,1336
,,,,,,28/08/2012,$30K - $50K,1,3,7887,2999
,,,,,,28/08/2012 Total,,1,3,7887,2999
,,,,,USA Total,,,4,14,25930,5330
,,,,OR Total,,,,4,14,25930,5330
,,,Portland Total,,,,,4,14,25930,5330
,,,Salem,OR,USA,05/08/2012,$110K - $130K,1,3,1791,2719
,,,,,,05/08/2012 Total,,1,3,1791,2719
,,,,,,10/12/2012,$10K - $30K,1,5,6169,4341
,,,,,,10/12/2012 Total,,1,5,6169,4341
,,,,,,17/12/2012,$30K - $50K,1,5,4961,4452
,,,,,,17/12/2012 Total,,1,5,4961,4452
,,,,,,06/03/2013,$30K - $50K,1,3,7496,6457
,,,,,,06/03/2013 Total,,1,3,7496,6457
,,,,,,25/05/2013,$30K - $50K,1,2,9026,8602
,,,,,,25/05/2013 Total,,1,2,9026,8602
,,,,,USA Total,,,5,18,29443,26571
,,,,OR Total,,,,5,18,29443,26571
,,,Salem Total,,,,,5,18,29443,26571
,,,San Andres,DF,Mexico,24/01/2013,$30K - $50K,1,5,7934,5295
,,,,,,24/01/2013 Total,,1,5,7934,5295
,,,,,,08/03/2013,$30K - $50K,1,5,248,6507
,,,,,,08/03/2013 Total,,1,5,248,6507
,,,,,,18/05/2013,$90K - $110K,1,3,9806,8388
,,,,,,18/05/2013 Total,,1,3,9806,8388
,,,,,,04/08/2013,$50K - $70K,1,4,8486,10531
,,,,,,04/08/2013 Total,,1,4,8486,10531
,,,,,,19/08/2013,$10K - $30K,1,5,959,10942
,,,,,,19/08/2013 Total,,1,5,959,10942
,,,,,,28/08/2013,$110K - $130K,1,5,3002,11163
,,,,,,28/08/2013 Total,,1,5,3002,11163
,,,,,Mexico Total,,,6,27,30435,52826
,,,,DF Total,,,,6,27,30435,52826
,,,San Andres Total,,,,,6,27,30435,52826
,,,San Diego,CA,USA,08/04/2012,$30K - $50K,1,4,6692,1212
,,,,,,08/04/2012 Total,,1,4,6692,1212
,,,,,,20/05/2012,$30K - $50K,1,4,7873,1790
,,,,,,20/05/2012 Total,,1,4,7873,1790
,,,,,,22/10/2013,$10K - $30K,1,4,9099,12665
,,,,,,22/10/2013 Total,,1,4,9099,12665
,,,,,USA Total,,,3,12,23664,15667
,,,,CA Total,,,,3,12,23664,15667
,,,San Diego Total,,,,,3,12,23664,15667
,,,San Francisco,CA,USA,30/04/2012,$50K - $70K,1,1,8492,1520
,,,,,,30/04/2012 Total,,1,1,8492,1520
,,,,,,03/10/2013,$30K - $50K,1,3,2801,12139
,,,,,,03/10/2013 Total,,1,3,2801,12139
,,,,,,18/10/2013,$30K - $50K,1,1,8480,12546
,,,,,,18/10/2013 Total,,1,1,8480,12546
,,,,,USA Total,,,3,5,19773,26205
,,,,CA Total,,,,3,5,19773,26205
,,,San Francisco Total,,,,,3,5,19773,26205
,,,Seattle,WA,USA,11/02/2012,$50K - $70K,1,4,7781,424
,,,,,,11/02/2012 Total,,1,4,7781,424
,,,,,,06/04/2012,$50K - $70K,1,4,8665,1181
,,,,,,06/04/2012 Total,,1,4,8665,1181
,,,,,,11/11/2013,$30K - $50K,1,3,5643,13251
,,,,,,11/11/2013 Total,,1,3,5643,13251
,,,,,,13/11/2013,$50K - $70K,1,3,4724,13294
,,,,,,13/11/2013 Total,,1,3,4724,13294
,,,,,USA Total,,,4,14,26813,28150
,,,,WA Total,,,,4,14,26813,28150
,,,Seattle Total,,,,,4,14,26813,28150
,,,Spokane,WA,USA,02/06/2012,$130K - $150K,1,5,4767,1951
,,,,,,02/06/2012 Total,,1,5,4767,1951
,,,,,,27/10/2012,$30K - $50K,1,4,1297,3721
,,,,,,27/10/2012 Total,,1,4,1297,3721
,,,,,,19/11/2012,$130K - $150K,1,6,4767,4028
,,,,,,19/11/2012 Total,,1,6,4767,4028
,,,,,,29/05/2013,$30K - $50K,1,3,4397,8719
,,,,,,29/05/2013 Total,,1,3,4397,8719
,,,,,USA Total,,,4,18,15228,18419
,,,,WA Total,,,,4,18,15228,18419
,,,Spokane Total,,,,,4,18,15228,18419
,,,Tacoma,WA,USA,13/10/2012,$10K - $30K,1,4,5038,3566
,,,,,,13/10/2012 Total,,1,4,5038,3566
,,,,,,18/06/2013,$30K - $50K,1,4,6647,9241
,,,,,,18/06/2013 Total,,1,4,6647,9241
,,,,,USA Total,,,2,8,11685,12807
,,,,WA Total,,,,2,8,11685,12807
,,,Tacoma Total,,,,,2,8,11685,12807
,,,Vancouver,BC,Canada,27/08/2013,$30K - $50K,1,5,8429,11147
,,,,,,27/08/2013 Total,,1,5,8429,11147
,,,,,,05/11/2013,$10K - $30K,1,4,1480,13063
,,,,,,05/11/2013 Total,,1,4,1480,13063
,,,,,Canada Total,,,2,9,9909,24210
,,,,BC Total,,,,2,9,9909,24210
,,,Vancouver Total,,,,,2,9,9909,24210
,,,Walla Walla,WA,USA,08/03/2013,$110K - $130K,1,2,9870,6500
,,,,,,08/03/2013 Total,,1,2,9870,6500
,,,,,USA Total,,,1,2,9870,6500
,,,,WA Total,,,,1,2,9870,6500
,,,Walla Walla Total,,,,,1,2,9870,6500
,,,Yakima,WA,USA,15/02/2013,$70K - $90K,1,5,921,5911
,,,,,,15/02/2013 Total,,1,5,921,5911
,,,,,,24/08/2013,$150K +,1,6,7370,11051
,,,,,,24/08/2013 Total,,1,6,7370,11051
,,,,,USA Total,,,2,11,8291,16962
,,,,WA Total,,,,2,11,8291,16962
,,,Yakima Total,,,,,2,11,8291,16962
,,S Total,,,,,,77,316,448705,553718
,M Total,,,,,,,156,650,834880,1072310
Candy Total,,,,,,,,352,1448,1868601,2415317
Canned Anchovies,F,M,Acapulco,Guerrero,Mexico,26/12/2013,$70K - $90K,1,2,7758,14042
,,,,,,26/12/2013 Total,,1,2,7758,14042
,,,,,Mexico Total,,,1,2,7758,14042
,,,,Guerrero Total,,,,1,2,7758,14042
,,,Acapulco Total,,,,,1,2,7758,14042
,,,Hidalgo,Zacatecas,Mexico,09/11/2013,$70K - $90K,1,6,8363,13185
,,,,,,09/11/2013 Total,,1,6,8363,13185
,,,,,Mexico Total,,,1,6,8363,13185
,,,,Zacatecas Total,,,,1,6,8363,13185
,,,Hidalgo Total,,,,,1,6,8363,13185
,,,Merida,Yucatan,Mexico,07/07/2013,$110K - $130K,1,5,9790,9775
,,,,,,07/07/2013 Total,,1,5,9790,9775
,,,,,Mexico Total,,,1,5,9790,9775
,,,,Yucatan Total,,,,1,5,9790,9775
,,,Merida Total,,,,,1,5,9790,9775
,,,Orizaba,Veracruz,Mexico,07/05/2013,$50K - $70K,1,2,1265,8112
,,,,,,07/05/2013 Total,,1,2,1265,8112
,,,,,Mexico Total,,,1,2,1265,8112
,,,,Veracruz Total,,,,1,2,1265,8112
,,,Orizaba Total,,,,,1,2,1265,8112
,,,Portland,OR,USA,12/06/2012,$70K - $90K,1,4,5405,2069
,,,,,,12/06/2012 Total,,1,4,5405,2069
,,,,,USA Total,,,1,4,5405,2069
,,,,OR Total,,,,1,4,5405,2069
,,,Portland Total,,,,,1,4,5405,2069
,,,Salem,OR,USA,11/04/2012,$110K - $130K,1,4,190,1256
,,,,,,11/04/2012 Total,,1,4,190,1256
,,,,,USA Total,,,1,4,190,1256
,,,,OR Total,,,,1,4,190,1256
,,,Salem Total,,,,,1,4,190,1256
,,,San Diego,CA,USA,26/08/2013,$50K - $70K,1,4,9488,11112
,,,,,,26/08/2013 Total,,1,4,9488,11112
,,,,,USA Total,,,1,4,9488,11112
,,,,CA Total,,,,1,4,9488,11112
,,,San Diego Total,,,,,1,4,9488,11112
,,,Tacoma,WA,USA,30/01/2013,$70K - $90K,1,6,3334,5453
,,,,,,30/01/2013 Total,,1,6,3334,5453
,,,,,USA Total,,,1,6,3334,5453
,,,,WA Total,,,,1,6,3334,5453
,,,Tacoma Total,,,,,1,6,3334,5453
,,,Vancouver,BC,Canada,17/11/2013,$30K - $50K,1,4,162,13425
,,,,,,17/11/2013 Total,,1,4,162,13425
,,,,,Canada Total,,,1,4,162,13425
,,,,BC Total,,,,1,4,162,13425
,,,Vancouver Total,,,,,1,4,162,13425
,,M Total,,,,,,9,37,45755,78429
,,S,Acapulco,Guerrero,Mexico,21/04/2013,$10K - $30K,1,3,8397,7668
,,,,,,21/04/2013 Total,,1,3,8397,7668
,,,,,Mexico Total,,,1,3,8397,7668
,,,,Guerrero Total,,,,1,3,8397,7668
,,,Acapulco Total,,,,,1,3,8397,7668
,,,Bellingham,WA,USA,18/01/2013,$130K - $150K,1,3,6157,5144
,,,,,,18/01/2013 Total,,1,3,6157,5144
,,,,,USA Total,,,1,3,6157,5144
,,,,WA Total,,,,1,3,6157,5144
,,,Bellingham Total,,,,,1,3,6157,5144
,,,Beverly Hills,CA,USA,25/12/2012,$10K - $30K,1,4,1666,4583
,,,,,,25/12/2012 Total,,1,4,1666,4583
,,,,,USA Total,,,1,4,1666,4583
,,,,CA Total,,,,1,4,1666,4583
,,,Beverly Hills Total,,,,,1,4,1666,4583
,,,Bremerton,WA,USA,06/07/2013,$30K - $50K,1,4,1312,9739
,,,,,,06/07/2013 Total,,1,4,1312,9739
,,,,,,21/10/2013,$50K - $70K,1,4,2896,12647
,,,,,,21/10/2013 Total,,1,4,2896,12647
,,,,,USA Total,,,2,8,4208,22386
,,,,WA Total,,,,2,8,4208,22386
,,,Bremerton Total,,,,,2,8,4208,22386
,,,Hidalgo,Zacatecas,Mexico,11/01/2013,$10K - $30K,1,5,4731,4969
,,,,,,11/01/2013 Total,,1,5,4731,4969
,,,,,Mexico Total,,,1,5,4731,4969
,,,,Zacatecas Total,,,,1,5,4731,4969
,,,Hidalgo Total,,,,,1,5,4731,4969
,,,Los Angeles,CA,USA,26/08/2012,$30K - $50K,1,5,8782,2983
,,,,,,26/08/2012 Total,,1,5,8782,2983
,,,,,,24/08/2013,$10K - $30K,1,4,3898,11061
,,,,,,24/08/2013 Total,,1,4,3898,11061
,,,,,,08/09/2013,$10K - $30K,1,5,9227,11441
,,,,,,08/09/2013 Total,,1,5,9227,11441
,,,,,USA Total,,,3,14,21907,25485
,,,,CA Total,,,,3,14,21907,25485
,,,Los Angeles Total,,,,,3,14,21907,25485
,,,San Andres,DF,Mexico,04/02/2013,$50K - $70K,1,4,6785,5606
,,,,,,04/02/2013 Total,,1,4,6785,5606
,,,,,Mexico Total,,,1,4,6785,5606
,,,,DF Total,,,,1,4,6785,5606
,,,San Andres Total,,,,,1,4,6785,5606
,,,San Diego,CA,USA,18/02/2013,$30K - $50K,1,6,1279,5989
,,,,,,18/02/2013 Total,,1,6,1279,5989
,,,,,USA Total,,,1,6,1279,5989
,,,,CA Total,,,,1,6,1279,5989
,,,San Diego Total,,,,,1,6,1279,5989
,,,Vancouver,BC,Canada,17/03/2013,$50K - $70K,1,4,2464,6739
,,,,,,17/03/2013 Total,,1,4,2464,6739
,,,,,,13/05/2013,$30K - $50K,1,4,824,8281
,,,,,,13/05/2013 Total,,1,4,824,8281
,,,,,Canada Total,,,2,8,3288,15020
,,,,BC Total,,,,2,8,3288,15020
,,,Vancouver Total,,,,,2,8,3288,15020
,,S Total,,,,,,13,55,58418,96850
,F Total,,,,,,,22,92,104173,175279
,M,M,Salem,OR,USA,27/05/2012,$70K - $90K,1,4,10176,1877
,,,,,,27/05/2012 Total,,1,4,10176,1877
,,,,,USA Total,,,1,4,10176,1877
,,,,OR Total,,,,1,4,10176,1877
,,,Salem Total,,,,,1,4,10176,1877
,,,San Andres,DF,Mexico,03/06/2013,$10K - $30K,1,4,7693,8856
,,,,,,03/06/2013 Total,,1,4,7693,8856
,,,,,Mexico Total,,,1,4,7693,8856
,,,,DF Total,,,,1,4,7693,8856
,,,San Andres Total,,,,,1,4,7693,8856
,,,San Diego,CA,USA,13/11/2013,$90K - $110K,1,3,1434,13288
,,,,,,13/11/2013 Total,,1,3,1434,13288
,,,,,USA Total,,,1,3,1434,13288
,,,,CA Total,,,,1,3,1434,13288
,,,San Diego Total,,,,,1,3,1434,13288
,,,Seattle,WA,USA,20/05/2013,$50K - $70K,1,4,4484,8450
,,,,,,20/05/2013 Total,,1,4,4484,8450
,,,,,,10/12/2013,$10K - $30K,1,4,2177,13898
,,,,,,10/12/2013 Total,,1,4,2177,13898
,,,,,USA Total,,,2,8,6661,22348
,,,,WA Total,,,,2,8,6661,22348
,,,Seattle Total,,,,,2,8,6661,22348
,,,Spokane,WA,USA,20/08/2013,$10K - $30K,1,4,5432,10963
,,,,,,20/08/2013 Total,,1,4,5432,10963
,,,,,USA Total,,,1,4,5432,10963
,,,,WA Total,,,,1,4,5432,10963
,,,Spokane Total,,,,,1,4,5432,10963
,,,Vancouver,BC,Canada,03/02/2013,$30K - $50K,1,4,10178,5590
,,,,,,03/02/2013 Total,,1,4,10178,5590
,,,,,,17/08/2013,$30K - $50K,1,3,7471,10883
,,,,,,17/08/2013 Total,,1,3,7471,10883
,,,,,,27/08/2013,$30K - $50K,1,3,6587,11145
,,,,,,27/08/2013 Total,,1,3,6587,11145
,,,,,Canada Total,,,3,10,24236,27618
,,,,BC Total,,,,3,10,24236,27618
,,,Vancouver Total,,,,,3,10,24236,27618
,,M Total,,,,,,9,33,55632,84950
,,S,Beverly Hills,CA,USA,27/03/2012,$30K - $50K,1,4,9744,1031
,,,,,,27/03/2012 Total,,1,4,9744,1031
,,,,,USA Total,,,1,4,9744,1031
,,,,CA Total,,,,1,4,9744,1031
,,,Beverly Hills Total,,,,,1,4,9744,1031
,,,Camacho,Zacatecas,Mexico,01/07/2013,$30K - $50K,1,2,497,9587
,,,,,,01/07/2013 Total,,1,2,497,9587
,,,,,Mexico Total,,,1,2,497,9587
,,,,Zacatecas Total,,,,1,2,497,9587
,,,Camacho Total,,,,,1,2,497,9587
,,,Los Angeles,CA,USA,03/02/2012,$30K - $50K,1,4,7775,331
,,,,,,03/02/2012 Total,,1,4,7775,331
,,,,,,12/08/2013,$50K - $70K,1,5,2271,10738
,,,,,,12/08/2013 Total,,1,5,2271,10738
,,,,,USA Total,,,2,9,10046,11069
,,,,CA Total,,,,2,9,10046,11069
,,,Los Angeles Total,,,,,2,9,10046,11069
,,,Merida,Yucatan,Mexico,02/11/2013,$150K +,1,4,6679,12984
,,,,,,02/11/2013 Total,,1,4,6679,12984
,,,,,Mexico Total,,,1,4,6679,12984
,,,,Yucatan Total,,,,1,4,6679,12984
,,,Merida Total,,,,,1,4,6679,12984
,,,Portland,OR,USA,19/02/2012,$50K - $70K,1,4,7109,529
,,,,,,19/02/2012 Total,,1,4,7109,529
,,,,,,01/08/2013,$10K - $30K,1,4,6228,10459
,,,,,,01/08/2013 Total,,1,4,6228,10459
,,,,,USA Total,,,2,8,13337,10988
,,,,OR Total,,,,2,8,13337,10988
,,,Portland Total,,,,,2,8,13337,10988
,,,Salem,OR,USA,19/02/2012,$30K - $50K,1,4,1074,525
,,,,,,19/02/2012 Total,,1,4,1074,525
,,,,,USA Total,,,1,4,1074,525
,,,,OR Total,,,,1,4,1074,525
,,,Salem Total,,,,,1,4,1074,525
,,,San Andres,DF,Mexico,25/08/2013,$30K - $50K,1,4,7939,11079
,,,,,,25/08/2013 Total,,1,4,7939,11079
,,,,,Mexico Total,,,1,4,7939,11079
,,,,DF Total,,,,1,4,7939,11079
,,,San Andres Total,,,,,1,4,7939,11079
,,,San Diego,CA,USA,10/09/2013,$10K - $30K,1,5,6948,11506
,,,,,,10/09/2013 Total,,1,5,6948,11506
,,,,,USA Total,,,1,5,6948,11506
,,,,CA Total,,,,1,5,6948,11506
,,,San Diego Total,,,,,1,5,6948,11506
,,,Seattle,WA,USA,13/11/2012,$30K - $50K,1,3,8290,3933
,,,,,,13/11/2012 Total,,1,3,8290,3933
,,,,,USA Total,,,1,3,8290,3933
,,,,WA Total,,,,1,3,8290,3933
,,,Seattle Total,,,,,1,3,8290,3933
,,,Victoria,BC,Canada,08/05/2013,$90K - $110K,1,6,869,8156
,,,,,,08/05/2013 Total,,1,6,869,8156
,,,,,Canada Total,,,1,6,869,8156
,,,,BC Total,,,,1,6,869,8156
,,,Victoria Total,,,,,1,6,869,8156
,,,Yakima,WA,USA,14/05/2013,$70K - $90K,1,2,9498,8295
,,,,,,14/05/2013 Total,,1,2,9498,8295
,,,,,USA Total,,,1,2,9498,8295
,,,,WA Total,,,,1,2,9498,8295
,,,Yakima Total,,,,,1,2,9498,8295
,,S Total,,,,,,13,51,74921,89153
,M Total,,,,,,,22,84,130553,174103
Canned Anchovies Total,,,,,,,,44,176,234726,349382
Canned Clams,F,M,Beverly Hills,CA,USA,04/06/2012,$70K - $90K,1,4,5233,1977
,,,,,,04/06/2012 Total,,1,4,5233,1977
,,,,,USA Total,,,1,4,5233,1977
,,,,CA Total,,,,1,4,5233,1977
,,,Beverly Hills Total,,,,,1,4,5233,1977
,,,Los Angeles,CA,USA,08/12/2012,$30K - $50K,1,5,8682,4308
,,,,,,08/12/2012 Total,,1,5,8682,4308
,,,,,USA Total,,,1,5,8682,4308
,,,,CA Total,,,,1,5,8682,4308
,,,Los Angeles Total,,,,,1,5,8682,4308
,,,Merida,Yucatan,Mexico,29/07/2013,$70K - $90K,1,4,9844,10371
,,,,,,29/07/2013 Total,,1,4,9844,10371
,,,,,,04/11/2013,$30K - $50K,1,5,9249,13046
,,,,,,04/11/2013 Total,,1,5,9249,13046
,,,,,Mexico Total,,,2,9,19093,23417
,,,,Yucatan Total,,,,2,9,19093,23417
,,,Merida Total,,,,,2,9,19093,23417
,,,Orizaba,Veracruz,Mexico,31/03/2013,$30K - $50K,1,3,4284,7111
,,,,,,31/03/2013 Total,,1,3,4284,7111
,,,,,Mexico Total,,,1,3,4284,7111
,,,,Veracruz Total,,,,1,3,4284,7111
,,,Orizaba Total,,,,,1,3,4284,7111
,,,Portland,OR,USA,07/08/2013,$10K - $30K,1,4,3068,10607
,,,,,,07/08/2013 Total,,1,4,3068,10607
,,,,,USA Total,,,1,4,3068,10607
,,,,OR Total,,,,1,4,3068,10607
,,,Portland Total,,,,,1,4,3068,10607
,,,Salem,OR,USA,09/09/2012,$70K - $90K,1,5,9297,3144
,,,,,,09/09/2012 Total,,1,5,9297,3144
,,,,,,08/12/2012,$130K - $150K,1,4,3499,4303
,,,,,,08/12/2012 Total,,1,4,3499,4303
,,,,,,28/07/2013,$10K - $30K,1,6,3271,10344
,,,,,,28/07/2013 Total,,1,6,3271,10344
,,,,,USA Total,,,3,15,16067,17791
,,,,OR Total,,,,3,15,16067,17791
,,,Salem Total,,,,,3,15,16067,17791
,,,San Andres,DF,Mexico,28/03/2013,$10K - $30K,1,5,759,7016
,,,,,,28/03/2013 Total,,1,5,759,7016
,,,,,Mexico Total,,,1,5,759,7016
,,,,DF Total,,,,1,5,759,7016
,,,San Andres Total,,,,,1,5,759,7016
,,,Seattle,WA,USA,17/07/2013,$50K - $70K,1,5,828,10075
,,,,,,17/07/2013 Total,,1,5,828,10075
,,,,,USA Total,,,1,5,828,10075
,,,,WA Total,,,,1,5,828,10075
,,,Seattle Total,,,,,1,5,828,10075
,,,Spokane,WA,USA,03/08/2012,$10K - $30K,1,5,6307,2696
,,,,,,03/08/2012 Total,,1,5,6307,2696
,,,,,,14/10/2013,$150K +,1,4,4727,12452
,,,,,,14/10/2013 Total,,1,4,4727,12452
,,,,,USA Total,,,2,9,11034,15148
,,,,WA Total,,,,2,9,11034,15148
,,,Spokane Total,,,,,2,9,11034,15148
,,,Vancouver,BC,Canada,03/10/2013,$130K - $150K,1,7,8376,12143
,,,,,,03/10/2013 Total,,1,7,8376,12143
,,,,,Canada Total,,,1,7,8376,12143
,,,,BC Total,,,,1,7,8376,12143
,,,Vancouver Total,,,,,1,7,8376,12143
,,M Total,,,,,,14,66,77424,109593
,,S,Bremerton,WA,USA,03/09/2013,$50K - $70K,1,3,9781,11311
,,,,,,03/09/2013 Total,,1,3,9781,11311
,,,,,,10/11/2013,$30K - $50K,1,4,3288,13226
,,,,,,10/11/2013 Total,,1,4,3288,13226
,,,,,USA Total,,,2,7,13069,24537
,,,,WA Total,,,,2,7,13069,24537
,,,Bremerton Total,,,,,2,7,13069,24537
,,,Hidalgo,Zacatecas,Mexico,06/01/2013,$30K - $50K,1,5,5148,4860
,,,,,,06/01/2013 Total,,1,5,5148,4860
,,,,,,24/09/2013,$90K - $110K,1,3,1942,11895
,,,,,,24/09/2013 Total,,1,3,1942,11895
,,,,,Mexico Total,,,2,8,7090,16755
,,,,Zacatecas Total,,,,2,8,7090,16755
,,,Hidalgo Total,,,,,2,8,7090,16755
,,,Los Angeles,CA,USA,18/07/2013,$30K - $50K,1,5,3903,10096
,,,,,,18/07/2013 Total,,1,5,3903,10096
,,,,,,29/07/2013,$50K - $70K,1,4,4686,10373
,,,,,,29/07/2013 Total,,1,4,4686,10373
,,,,,USA Total,,,2,9,8589,20469
,,,,CA Total,,,,2,9,8589,20469
,,,Los Angeles Total,,,,,2,9,8589,20469
,,,Merida,Yucatan,Mexico,10/05/2013,$30K - $50K,1,5,1593,8191
,,,,,,10/05/2013 Total,,1,5,1593,8191
,,,,,Mexico Total,,,1,5,1593,8191
,,,,Yucatan Total,,,,1,5,1593,8191
,,,Merida Total,,,,,1,5,1593,8191
,,,Portland,OR,USA,27/03/2012,$30K - $50K,1,5,8837,1035
,,,,,,27/03/2012 Total,,1,5,8837,1035
,,,,,USA Total,,,1,5,8837,1035
,,,,OR Total,,,,1,5,8837,1035
,,,Portland Total,,,,,1,5,8837,1035
,,,Salem,OR,USA,05/03/2012,$30K - $50K,1,6,9584,703
,,,,,,05/03/2012 Total,,1,6,9584,703
,,,,,USA Total,,,1,6,9584,703
,,,,OR Total,,,,1,6,9584,703
,,,Salem Total,,,,,1,6,9584,703
,,,Seattle,WA,USA,30/08/2013,$10K - $30K,1,5,8599,11217
,,,,,,30/08/2013 Total,,1,5,8599,11217
,,,,,USA Total,,,1,5,8599,11217
,,,,WA Total,,,,1,5,8599,11217
,,,Seattle Total,,,,,1,5,8599,11217
,,,Spokane,WA,USA,29/10/2013,$10K - $30K,1,3,5592,12864
,,,,,,29/10/2013 Total,,1,3,5592,12864
,,,,,USA Total,,,1,3,5592,12864
,,,,WA Total,,,,1,3,5592,12864
,,,Spokane Total,,,,,1,3,5592,12864
,,,Tacoma,WA,USA,03/12/2012,$50K - $70K,1,2,4445,4239
,,,,,,03/12/2012 Total,,1,2,4445,4239
,,,,,,05/07/2013,$70K - $90K,1,3,8454,9713
,,,,,,05/07/2013 Total,,1,3,8454,9713
,,,,,,13/07/2013,$70K - $90K,1,5,8089,9960
,,,,,,13/07/2013 Total,,1,5,8089,9960
,,,,,USA Total,,,3,10,20988,23912
,,,,WA Total,,,,3,10,20988,23912
,,,Tacoma Total,,,,,3,10,20988,23912
,,,Vancouver,BC,Canada,01/10/2013,$30K - $50K,1,4,6030,12089
,,,,,,01/10/2013 Total,,1,4,6030,12089
,,,,,Canada Total,,,1,4,6030,12089
,,,,BC Total,,,,1,4,6030,12089
,,,Vancouver Total,,,,,1,4,6030,12089
,,S Total,,,,,,15,62,89971,131772
,F Total,,,,,,,29,128,167395,241365
,M,M,Hidalgo,Zacatecas,Mexico,11/03/2013,$30K - $50K,1,4,7793,6601
,,,,,,11/03/2013 Total,,1,4,7793,6601
,,,,,Mexico Total,,,1,4,7793,6601
,,,,Zacatecas Total,,,,1,4,7793,6601
,,,Hidalgo Total,,,,,1,4,7793,6601
,,,Orizaba,Veracruz,Mexico,15/05/2013,$10K - $30K,1,3,7700,8327
,,,,,,15/05/2013 Total,,1,3,7700,8327
,,,,,Mexico Total,,,1,3,7700,8327
,,,,Veracruz Total,,,,1,3,7700,8327
,,,Orizaba Total,,,,,1,3,7700,8327
,,,San Diego,CA,USA,09/04/2013,$50K - $70K,1,4,3797,7339
,,,,,,09/04/2013 Total,,1,4,3797,7339
,,,,,USA Total,,,1,4,3797,7339
,,,,CA Total,,,,1,4,3797,7339
,,,San Diego Total,,,,,1,4,3797,7339
,,,Spokane,WA,USA,29/02/2012,$10K - $30K,1,3,9728,634
,,,,,,29/02/2012 Total,,1,3,9728,634
,,,,,,13/11/2012,$70K - $90K,1,5,3567,3936
,,,,,,13/11/2012 Total,,1,5,3567,3936
,,,,,,03/12/2012,$30K - $50K,1,5,7862,4225
,,,,,,03/12/2012 Total,,1,5,7862,4225
,,,,,USA Total,,,3,13,21157,8795
,,,,WA Total,,,,3,13,21157,8795
,,,Spokane Total,,,,,3,13,21157,8795
,,,Vancouver,BC,Canada,06/10/2013,$10K - $30K,1,2,7559,12212
,,,,,,06/10/2013 Total,,1,2,7559,12212
,,,,,Canada Total,,,1,2,7559,12212
,,,,BC Total,,,,1,2,7559,12212
,,,Vancouver Total,,,,,1,2,7559,12212
,,,Walla Walla,WA,USA,02/05/2013,$90K - $110K,1,2,4709,7950
,,,,,,02/05/2013 Total,,1,2,4709,7950
,,,,,USA Total,,,1,2,4709,7950
,,,,WA Total,,,,1,2,4709,7950
,,,Walla Walla Total,,,,,1,2,4709,7950
,,M Total,,,,,,8,28,52715,51224
,,S,Beverly Hills,CA,USA,15/02/2013,$50K - $70K,1,6,8247,5916
,,,,,,15/02/2013 Total,,1,6,8247,5916
,,,,,,17/04/2013,$110K - $130K,1,6,9350,7531
,,,,,,17/04/2013 Total,,1,6,9350,7531
,,,,,USA Total,,,2,12,17597,13447
,,,,CA Total,,,,2,12,17597,13447
,,,Beverly Hills Total,,,,,2,12,17597,13447
,,,Los Angeles,CA,USA,22/12/2012,$70K - $90K,1,4,2106,4550
,,,,,,22/12/2012 Total,,1,4,2106,4550
,,,,,USA Total,,,1,4,2106,4550
,,,,CA Total,,,,1,4,2106,4550
,,,Los Angeles Total,,,,,1,4,2106,4550
,,,Mexico City,DF,Mexico,03/12/2013,$130K - $150K,1,5,344,13799
,,,,,,03/12/2013 Total,,1,5,344,13799
,,,,,Mexico Total,,,1,5,344,13799
,,,,DF Total,,,,1,5,344,13799
,,,Mexico City Total,,,,,1,5,344,13799
,,,Portland,OR,USA,04/03/2012,$10K - $30K,1,5,64,696
,,,,,,04/03/2012 Total,,1,5,64,696
,,,,,,27/01/2013,$30K - $50K,1,4,5305,5378
,,,,,,27/01/2013 Total,,1,4,5305,5378
,,,,,,08/06/2013,$30K - $50K,1,2,783,8983
,,,,,,08/06/2013 Total,,1,2,783,8983
,,,,,USA Total,,,3,11,6152,15057
,,,,OR Total,,,,3,11,6152,15057
,,,Portland Total,,,,,3,11,6152,15057
,,,Salem,OR,USA,05/04/2013,$30K - $50K,1,6,1718,7223
,,,,,,05/04/2013 Total,,1,6,1718,7223
,,,,,,19/04/2013,$10K - $30K,1,2,7457,7612
,,,,,,19/04/2013 Total,,1,2,7457,7612
,,,,,USA Total,,,2,8,9175,14835
,,,,OR Total,,,,2,8,9175,14835
,,,Salem Total,,,,,2,8,9175,14835
,,,San Andres,DF,Mexico,03/08/2013,$30K - $50K,1,3,749,10497
,,,,,,03/08/2013 Total,,1,3,749,10497
,,,,,Mexico Total,,,1,3,749,10497
,,,,DF Total,,,,1,3,749,10497
,,,San Andres Total,,,,,1,3,749,10497
,,,San Francisco,CA,USA,21/05/2012,$30K - $50K,1,4,1207,1810
,,,,,,21/05/2012 Total,,1,4,1207,1810
,,,,,USA Total,,,1,4,1207,1810
,,,,CA Total,,,,1,4,1207,1810
,,,San Francisco Total,,,,,1,4,1207,1810
,,,Seattle,WA,USA,07/04/2012,$30K - $50K,1,5,6516,1192
,,,,,,07/04/2012 Total,,1,5,6516,1192
,,,,,,05/11/2013,$30K - $50K,1,3,3821,13076
,,,,,,05/11/2013 Total,,1,3,3821,13076
,,,,,USA Total,,,2,8,10337,14268
,,,,WA Total,,,,2,8,10337,14268
,,,Seattle Total,,,,,2,8,10337,14268
,,,Spokane,WA,USA,05/10/2013,$10K - $30K,1,5,2769,12195
,,,,,,05/10/2013 Total,,1,5,2769,12195
,,,,,USA Total,,,1,5,2769,12195
,,,,WA Total,,,,1,5,2769,12195
,,,Spokane Total,,,,,1,5,2769,12195
,,,Victoria,BC,Canada,22/02/2013,$90K - $110K,1,5,972,6123
,,,,,,22/02/2013 Total,,1,5,972,6123
,,,,,Canada Total,,,1,5,972,6123
,,,,BC Total,,,,1,5,972,6123
,,,Victoria Total,,,,,1,5,972,6123
,,,Yakima,WA,USA,10/11/2013,$30K - $50K,1,4,2171,13225
,,,,,,10/11/2013 Total,,1,4,2171,13225
,,,,,USA Total,,,1,4,2171,13225
,,,,WA Total,,,,1,4,2171,13225
,,,Yakima Total,,,,,1,4,2171,13225
,,S Total,,,,,,16,69,53579,119806
,M Total,,,,,,,24,97,106294,171030
Canned Clams Total,,,,,,,,53,225,273689,412395
Canned Oysters,F,M,Camacho,Zacatecas,Mexico,03/11/2013,$70K - $90K,1,5,2551,13022
,,,,,,03/11/2013 Total,,1,5,2551,13022
,,,,,Mexico Total,,,1,5,2551,13022
,,,,Zacatecas Total,,,,1,5,2551,13022
,,,Camacho Total,,,,,1,5,2551,13022
,,,Merida,Yucatan,Mexico,04/02/2013,$30K - $50K,1,6,5851,5596
,,,,,,04/02/2013 Total,,1,6,5851,5596
,,,,,,01/07/2013,$30K - $50K,1,6,3501,9603
,,,,,,01/07/2013 Total,,1,6,3501,9603
,,,,,Mexico Total,,,2,12,9352,15199
,,,,Yucatan Total,,,,2,12,9352,15199
,,,Merida Total,,,,,2,12,9352,15199
,,,Salem,OR,USA,29/01/2012,$70K - $90K,1,2,3153,259
,,,,,,29/01/2012 Total,,1,2,3153,259
,,,,,USA Total,,,1,2,3153,259
,,,,OR Total,,,,1,2,3153,259
,,,Salem Total,,,,,1,2,3153,259
,,,San Diego,CA,USA,31/01/2012,$30K - $50K,1,3,6635,291
,,,,,,31/01/2012 Total,,1,3,6635,291
,,,,,USA Total,,,1,3,6635,291
,,,,CA Total,,,,1,3,6635,291
,,,San Diego Total,,,,,1,3,6635,291
,,,San Francisco,CA,USA,10/10/2012,$90K - $110K,1,1,1728,3533
,,,,,,10/10/2012 Total,,1,1,1728,3533
,,,,,USA Total,,,1,1,1728,3533
,,,,CA Total,,,,1,1,1728,3533
,,,San Francisco Total,,,,,1,1,1728,3533
,,,Seattle,WA,USA,30/04/2013,$10K - $30K,1,5,1370,7905
,,,,,,30/04/2013 Total,,1,5,1370,7905
,,,,,USA Total,,,1,5,1370,7905
,,,,WA Total,,,,1,5,1370,7905
,,,Seattle Total,,,,,1,5,1370,7905
,,,Tacoma,WA,USA,13/03/2012,$90K - $110K,1,3,6001,824
,,,,,,13/03/2012 Total,,1,3,6001,824
,,,,,USA Total,,,1,3,6001,824
,,,,WA Total,,,,1,3,6001,824
,,,Tacoma Total,,,,,1,3,6001,824
,,,Vancouver,BC,Canada,03/09/2013,$10K - $30K,1,6,6582,11323
,,,,,,03/09/2013 Total,,1,6,6582,11323
,,,,,Canada Total,,,1,6,6582,11323
,,,,BC Total,,,,1,6,6582,11323
,,,Vancouver Total,,,,,1,6,6582,11323
,,M Total,,,,,,9,37,37372,52356
,,S,Bremerton,WA,USA,23/07/2012,$130K - $150K,1,5,997,2563
,,,,,,23/07/2012 Total,,1,5,997,2563
,,,,,,21/01/2013,$150K +,1,5,760,5224
,,,,,,21/01/2013 Total,,1,5,760,5224
,,,,,USA Total,,,2,10,1757,7787
,,,,WA Total,,,,2,10,1757,7787
,,,Bremerton Total,,,,,2,10,1757,7787
,,,Salem,OR,USA,15/04/2012,$70K - $90K,1,5,6592,1313
,,,,,,15/04/2012 Total,,1,5,6592,1313
,,,,,,23/05/2013,$110K - $130K,1,5,3937,8552
,,,,,,23/05/2013 Total,,1,5,3937,8552
,,,,,USA Total,,,2,10,10529,9865
,,,,OR Total,,,,2,10,10529,9865
,,,Salem Total,,,,,2,10,10529,9865
,,,San Diego,CA,USA,17/06/2013,$10K - $30K,1,5,2605,9232
,,,,,,17/06/2013 Total,,1,5,2605,9232
,,,,,USA Total,,,1,5,2605,9232
,,,,CA Total,,,,1,5,2605,9232
,,,San Diego Total,,,,,1,5,2605,9232
,,,Yakima,WA,USA,21/04/2013,$30K - $50K,1,4,8746,7652
,,,,,,21/04/2013 Total,,1,4,8746,7652
,,,,,USA Total,,,1,4,8746,7652
,,,,WA Total,,,,1,4,8746,7652
,,,Yakima Total,,,,,1,4,8746,7652
,,S Total,,,,,,6,29,23637,34536
,F Total,,,,,,,15,66,61009,86892
,M,M,Acapulco,Guerrero,Mexico,04/10/2013,$30K - $50K,1,6,7976,12162
,,,,,,04/10/2013 Total,,1,6,7976,12162
,,,,,Mexico Total,,,1,6,7976,12162
,,,,Guerrero Total,,,,1,6,7976,12162
,,,Acapulco Total,,,,,1,6,7976,12162
,,,Camacho,Zacatecas,Mexico,23/01/2013,$110K - $130K,1,3,5672,5283
,,,,,,23/01/2013 Total,,1,3,5672,5283
,,,,,,28/05/2013,$110K - $130K,1,4,5672,8694
,,,,,,28/05/2013 Total,,1,4,5672,8694
,,,,,Mexico Total,,,2,7,11344,13977
,,,,Zacatecas Total,,,,2,7,11344,13977
,,,Camacho Total,,,,,2,7,11344,13977
,,,Merida,Yucatan,Mexico,31/03/2013,$110K - $130K,1,5,4592,7094
,,,,,,31/03/2013 Total,,1,5,4592,7094
,,,,,Mexico Total,,,1,5,4592,7094
,,,,Yucatan Total,,,,1,5,4592,7094
,,,Merida Total,,,,,1,5,4592,7094
,,,Salem,OR,USA,02/03/2013,$30K - $50K,1,2,8814,6349
,,,,,,02/03/2013 Total,,1,2,8814,6349
,,,,,USA Total,,,1,2,8814,6349
,,,,OR Total,,,,1,2,8814,6349
,,,Salem Total,,,,,1,2,8814,6349
,,,San Andres,DF,Mexico,29/03/2013,$50K - $70K,1,2,9235,7047
,,,,,,29/03/2013 Total,,1,2,9235,7047
,,,,,Mexico Total,,,1,2,9235,7047
,,,,DF Total,,,,1,2,9235,7047
,,,San Andres Total,,,,,1,2,9235,7047
,,,San Diego,CA,USA,11/12/2012,$50K - $70K,1,3,10064,4355
,,,,,,11/12/2012 Total,,1,3,10064,4355
,,,,,,29/08/2013,$10K - $30K,1,4,7541,11175
,,,,,,29/08/2013 Total,,1,4,7541,11175
,,,,,USA Total,,,2,7,17605,15530
,,,,CA Total,,,,2,7,17605,15530
,,,San Diego Total,,,,,2,7,17605,15530
,,,Seattle,WA,USA,25/07/2013,$130K - $150K,1,4,2711,10260
,,,,,,25/07/2013 Total,,1,4,2711,10260
,,,,,USA Total,,,1,4,2711,10260
,,,,WA Total,,,,1,4,2711,10260
,,,Seattle Total,,,,,1,4,2711,10260
,,M Total,,,,,,9,33,62277,72419
,,S,Bellingham,WA,USA,04/03/2012,$30K - $50K,1,2,5397,700
,,,,,,04/03/2012 Total,,1,2,5397,700
,,,,,USA Total,,,1,2,5397,700
,,,,WA Total,,,,1,2,5397,700
,,,Bellingham Total,,,,,1,2,5397,700
,,,Bremerton,WA,USA,31/03/2013,$30K - $50K,1,4,1430,7092
,,,,,,31/03/2013 Total,,1,4,1430,7092
,,,,,USA Total,,,1,4,1430,7092
,,,,WA Total,,,,1,4,1430,7092
,,,Bremerton Total,,,,,1,4,1430,7092
,,,Hidalgo,Zacatecas,Mexico,11/11/2013,$30K - $50K,1,3,3210,13236
,,,,,,11/11/2013 Total,,1,3,3210,13236
,,,,,,16/11/2013,$30K - $50K,1,5,4419,13397
,,,,,,16/11/2013 Total,,1,5,4419,13397
,,,,,Mexico Total,,,2,8,7629,26633
,,,,Zacatecas Total,,,,2,8,7629,26633
,,,Hidalgo Total,,,,,2,8,7629,26633
,,,Los Angeles,CA,USA,16/02/2013,$50K - $70K,1,6,8323,5948
,,,,,,16/02/2013 Total,,1,6,8323,5948
,,,,,,09/08/2013,$130K - $150K,1,3,7193,10679
,,,,,,09/08/2013 Total,,1,3,7193,10679
,,,,,USA Total,,,2,9,15516,16627
,,,,CA Total,,,,2,9,15516,16627
,,,Los Angeles Total,,,,,2,9,15516,16627
,,,San Andres,DF,Mexico,29/07/2013,$70K - $90K,1,5,5333,10372
,,,,,,29/07/2013 Total,,1,5,5333,10372
,,,,,Mexico Total,,,1,5,5333,10372
,,,,DF Total,,,,1,5,5333,10372
,,,San Andres Total,,,,,1,5,5333,10372
,,,San Diego,CA,USA,05/08/2012,$50K - $70K,1,4,547,2723
,,,,,,05/08/2012 Total,,1,4,547,2723
,,,,,USA Total,,,1,4,547,2723
,,,,CA Total,,,,1,4,547,2723
,,,San Diego Total,,,,,1,4,547,2723
,,,Seattle,WA,USA,25/04/2013,$50K - $70K,1,4,8217,7770
,,,,,,25/04/2013 Total,,1,4,8217,7770
,,,,,USA Total,,,1,4,8217,7770
,,,,WA Total,,,,1,4,8217,7770
,,,Seattle Total,,,,,1,4,8217,7770
,,,Spokane,WA,USA,16/05/2013,$70K - $90K,1,5,8351,8365
,,,,,,16/05/2013 Total,,1,5,8351,8365
,,,,,USA Total,,,1,5,8351,8365
,,,,WA Total,,,,1,5,8351,8365
,,,Spokane Total,,,,,1,5,8351,8365
,,,Tacoma,WA,USA,12/04/2012,$10K - $30K,1,3,8289,1269
,,,,,,12/04/2012 Total,,1,3,8289,1269
,,,,,USA Total,,,1,3,8289,1269
,,,,WA Total,,,,1,3,8289,1269
,,,Tacoma Total,,,,,1,3,8289,1269
,,S Total,,,,,,11,44,60709,81551
,M Total,,,,,,,20,77,122986,153970
Canned Oysters Total,,,,,,,,35,143,183995,240862
Canned Sardines,F,M,Beverly Hills,CA,USA,03/07/2012,$10K - $30K,1,2,9269,2322
,,,,,,03/07/2012 Total,,1,2,9269,2322
,,,,,,23/04/2013,$30K - $50K,1,4,2421,7733
,,,,,,23/04/2013 Total,,1,4,2421,7733
,,,,,USA Total,,,2,6,11690,10055
,,,,CA Total,,,,2,6,11690,10055
,,,Beverly Hills Total,,,,,2,6,11690,10055
,,,Portland,OR,USA,01/04/2013,$30K - $50K,1,5,3436,7144
,,,,,,01/04/2013 Total,,1,5,3436,7144
,,,,,USA Total,,,1,5,3436,7144
,,,,OR Total,,,,1,5,3436,7144
,,,Portland Total,,,,,1,5,3436,7144
,,,San Diego,CA,USA,23/01/2012,$10K - $30K,1,4,2313,197
,,,,,,23/01/2012 Total,,1,4,2313,197
,,,,,USA Total,,,1,4,2313,197
,,,,CA Total,,,,1,4,2313,197
,,,San Diego Total,,,,,1,4,2313,197
,,,Seattle,WA,USA,24/01/2012,$110K - $130K,1,4,8606,211
,,,,,,24/01/2012 Total,,1,4,8606,211
,,,,,USA Total,,,1,4,8606,211
,,,,WA Total,,,,1,4,8606,211
,,,Seattle Total,,,,,1,4,8606,211
,,,Tacoma,WA,USA,08/01/2012,$30K - $50K,1,4,711,73
,,,,,,08/01/2012 Total,,1,4,711,73
,,,,,,17/02/2012,$50K - $70K,1,6,8717,501
,,,,,,17/02/2012 Total,,1,6,8717,501
,,,,,USA Total,,,2,10,9428,574
,,,,WA Total,,,,2,10,9428,574
,,,Tacoma Total,,,,,2,10,9428,574
,,,Vancouver,BC,Canada,12/07/2013,$50K - $70K,1,5,5242,9919
,,,,,,12/07/2013 Total,,1,5,5242,9919
,,,,,Canada Total,,,1,5,5242,9919
,,,,BC Total,,,,1,5,5242,9919
,,,Vancouver Total,,,,,1,5,5242,9919
,,M Total,,,,,,8,34,40715,28100
,,S,Beverly Hills,CA,USA,26/02/2012,$30K - $50K,1,2,3258,599
,,,,,,26/02/2012 Total,,1,2,3258,599
,,,,,USA Total,,,1,2,3258,599
,,,,CA Total,,,,1,2,3258,599
,,,Beverly Hills Total,,,,,1,2,3258,599
,,,Bremerton,WA,USA,03/01/2013,$70K - $90K,1,4,1785,4794
,,,,,,03/01/2013 Total,,1,4,1785,4794
,,,,,,27/01/2013,$150K +,1,6,2298,5365
,,,,,,27/01/2013 Total,,1,6,2298,5365
,,,,,,23/03/2013,$70K - $90K,1,4,1785,6890
,,,,,,23/03/2013 Total,,1,4,1785,6890
,,,,,,26/03/2013,$30K - $50K,1,3,99,6971
,,,,,,26/03/2013 Total,,1,3,99,6971
,,,,,USA Total,,,4,17,5967,24020
,,,,WA Total,,,,4,17,5967,24020
,,,Bremerton Total,,,,,4,17,5967,24020
,,,Los Angeles,CA,USA,27/03/2013,$30K - $50K,1,6,9087,6987
,,,,,,27/03/2013 Total,,1,6,9087,6987
,,,,,USA Total,,,1,6,9087,6987
,,,,CA Total,,,,1,6,9087,6987
,,,Los Angeles Total,,,,,1,6,9087,6987
,,,Portland,OR,USA,18/09/2013,$130K - $150K,1,3,6761,11724
,,,,,,18/09/2013 Total,,1,3,6761,11724
,,,,,USA Total,,,1,3,6761,11724
,,,,OR Total,,,,1,3,6761,11724
,,,Portland Total,,,,,1,3,6761,11724
,,,Salem,OR,USA,01/03/2012,$30K - $50K,1,3,2052,653
,,,,,,01/03/2012 Total,,1,3,2052,653
,,,,,,08/10/2013,$30K - $50K,1,2,9584,12286
,,,,,,08/10/2013 Total,,1,2,9584,12286
,,,,,USA Total,,,2,5,11636,12939
,,,,OR Total,,,,2,5,11636,12939
,,,Salem Total,,,,,2,5,11636,12939
,,,San Diego,CA,USA,11/07/2012,$30K - $50K,1,3,6630,2402
,,,,,,11/07/2012 Total,,1,3,6630,2402
,,,,,USA Total,,,1,3,6630,2402
,,,,CA Total,,,,1,3,6630,2402
,,,San Diego Total,,,,,1,3,6630,2402
,,,Spokane,WA,USA,19/08/2012,$30K - $50K,1,4,6957,2885
,,,,,,19/08/2012 Total,,1,4,6957,2885
,,,,,USA Total,,,1,4,6957,2885
,,,,WA Total,,,,1,4,6957,2885
,,,Spokane Total,,,,,1,4,6957,2885
,,S Total,,,,,,11,40,50296,61556
,F Total,,,,,,,19,74,91011,89656
,M,M,Bremerton,WA,USA,22/07/2013,$30K - $50K,1,4,1844,10204
,,,,,,22/07/2013 Total,,1,4,1844,10204
,,,,,USA Total,,,1,4,1844,10204
,,,,WA Total,,,,1,4,1844,10204
,,,Bremerton Total,,,,,1,4,1844,10204
,,,Los Angeles,CA,USA,30/10/2012,$70K - $90K,1,6,5978,3763
,,,,,,30/10/2012 Total,,1,6,5978,3763
,,,,,USA Total,,,1,6,5978,3763
,,,,CA Total,,,,1,6,5978,3763
,,,Los Angeles Total,,,,,1,6,5978,3763
,,,Merida,Yucatan,Mexico,04/08/2013,$30K - $50K,1,2,8670,10524
,,,,,,04/08/2013 Total,,1,2,8670,10524
,,,,,Mexico Total,,,1,2,8670,10524
,,,,Yucatan Total,,,,1,2,8670,10524
,,,Merida Total,,,,,1,2,8670,10524
,,,Orizaba,Veracruz,Mexico,19/05/2013,$10K - $30K,1,4,1343,8428
,,,,,,19/05/2013 Total,,1,4,1343,8428
,,,,,,23/11/2013,$50K - $70K,1,5,3795,13557
,,,,,,23/11/2013 Total,,1,5,3795,13557
,,,,,Mexico Total,,,2,9,5138,21985
,,,,Veracruz Total,,,,2,9,5138,21985
,,,Orizaba Total,,,,,2,9,5138,21985
,,,Portland,OR,USA,11/12/2012,$90K - $110K,1,4,1594,4356
,,,,,,11/12/2012 Total,,1,4,1594,4356
,,,,,USA Total,,,1,4,1594,4356
,,,,OR Total,,,,1,4,1594,4356
,,,Portland Total,,,,,1,4,1594,4356
,,,San Andres,DF,Mexico,12/10/2013,$10K - $30K,1,2,866,12399
,,,,,,12/10/2013 Total,,1,2,866,12399
,,,,,Mexico Total,,,1,2,866,12399
,,,,DF Total,,,,1,2,866,12399
,,,San Andres Total,,,,,1,2,866,12399
,,M Total,,,,,,7,27,24090,63231
,,S,Beverly Hills,CA,USA,07/01/2012,$10K - $30K,1,6,8248,63
,,,,,,07/01/2012 Total,,1,6,8248,63
,,,,,,01/11/2012,$90K - $110K,1,4,8159,3788
,,,,,,01/11/2012 Total,,1,4,8159,3788
,,,,,,08/09/2013,$10K - $30K,1,5,9180,11448
,,,,,,08/09/2013 Total,,1,5,9180,11448
,,,,,USA Total,,,3,15,25587,15299
,,,,CA Total,,,,3,15,25587,15299
,,,Beverly Hills Total,,,,,3,15,25587,15299
,,,Camacho,Zacatecas,Mexico,23/04/2013,$10K - $30K,1,5,4742,7734
,,,,,,23/04/2013 Total,,1,5,4742,7734
,,,,,Mexico Total,,,1,5,4742,7734
,,,,Zacatecas Total,,,,1,5,4742,7734
,,,Camacho Total,,,,,1,5,4742,7734
,,,Hidalgo,Zacatecas,Mexico,28/07/2013,$30K - $50K,1,4,4771,10364
,,,,,,28/07/2013 Total,,1,4,4771,10364
,,,,,Mexico Total,,,1,4,4771,10364
,,,,Zacatecas Total,,,,1,4,4771,10364
,,,Hidalgo Total,,,,,1,4,4771,10364
,,,Orizaba,Veracruz,Mexico,14/09/2013,$110K - $130K,1,4,8952,11625
,,,,,,14/09/2013 Total,,1,4,8952,11625
,,,,,Mexico Total,,,1,4,8952,11625
,,,,Veracruz Total,,,,1,4,8952,11625
,,,Orizaba Total,,,,,1,4,8952,11625
,,,Portland,OR,USA,18/04/2013,$30K - $50K,1,3,1624,7557
,,,,,,18/04/2013 Total,,1,3,1624,7557
,,,,,,12/12/2013,$30K - $50K,1,3,6557,13928
,,,,,,12/12/2013 Total,,1,3,6557,13928
,,,,,USA Total,,,2,6,8181,21485
,,,,OR Total,,,,2,6,8181,21485
,,,Portland Total,,,,,2,6,8181,21485
,,,San Andres,DF,Mexico,15/08/2013,$30K - $50K,1,6,8890,10836
,,,,,,15/08/2013 Total,,1,6,8890,10836
,,,,,Mexico Total,,,1,6,8890,10836
,,,,DF Total,,,,1,6,8890,10836
,,,San Andres Total,,,,,1,6,8890,10836
,,,San Diego,CA,USA,20/04/2012,$50K - $70K,1,5,827,1390
,,,,,,20/04/2012 Total,,1,5,827,1390
,,,,,USA Total,,,1,5,827,1390
,,,,CA Total,,,,1,5,827,1390
,,,San Diego Total,,,,,1,5,827,1390
,,,Seattle,WA,USA,04/05/2013,$10K - $30K,1,3,5865,8023
,,,,,,04/05/2013 Total,,1,3,5865,8023
,,,,,,03/09/2013,$30K - $50K,1,3,6524,11309
,,,,,,03/09/2013 Total,,1,3,6524,11309
,,,,,USA Total,,,2,6,12389,19332
,,,,WA Total,,,,2,6,12389,19332
,,,Seattle Total,,,,,2,6,12389,19332
,,,Tacoma,WA,USA,12/06/2013,$30K - $50K,1,4,4221,9087
,,,,,,12/06/2013 Total,,1,4,4221,9087
,,,,,,12/09/2013,$50K - $70K,1,5,1352,11572
,,,,,,12/09/2013 Total,,1,5,1352,11572
,,,,,USA Total,,,2,9,5573,20659
,,,,WA Total,,,,2,9,5573,20659
,,,Tacoma Total,,,,,2,9,5573,20659
,,S Total,,,,,,14,60,79912,118724
,M Total,,,,,,,21,87,104002,181955
Canned Sardines Total,,,,,,,,40,161,195013,271611
Canned Shrimp,F,M,Beverly Hills,CA,USA,26/05/2012,$130K - $150K,1,3,8594,1863
,,,,,,26/05/2012 Total,,1,3,8594,1863
,,,,,USA Total,,,1,3,8594,1863
,,,,CA Total,,,,1,3,8594,1863
,,,Beverly Hills Total,,,,,1,3,8594,1863
,,,Bremerton,WA,USA,20/02/2013,$30K - $50K,1,4,3533,6063
,,,,,,20/02/2013 Total,,1,4,3533,6063
,,,,,USA Total,,,1,4,3533,6063
,,,,WA Total,,,,1,4,3533,6063
,,,Bremerton Total,,,,,1,4,3533,6063
,,,Los Angeles,CA,USA,19/01/2013,$70K - $90K,1,5,6793,5168
,,,,,,19/01/2013 Total,,1,5,6793,5168
,,,,,,04/07/2013,$10K - $30K,1,3,1102,9674
,,,,,,04/07/2013 Total,,1,3,1102,9674
,,,,,USA Total,,,2,8,7895,14842
,,,,CA Total,,,,2,8,7895,14842
,,,Los Angeles Total,,,,,2,8,7895,14842
,,,Merida,Yucatan,Mexico,14/06/2013,$50K - $70K,1,6,9143,9160
,,,,,,14/06/2013 Total,,1,6,9143,9160
,,,,,Mexico Total,,,1,6,9143,9160
,,,,Yucatan Total,,,,1,6,9143,9160
,,,Merida Total,,,,,1,6,9143,9160
,,,Orizaba,Veracruz,Mexico,16/01/2013,$50K - $70K,1,4,3762,5100
,,,,,,16/01/2013 Total,,1,4,3762,5100
,,,,,,01/08/2013,$10K - $30K,1,3,1013,10454
,,,,,,01/08/2013 Total,,1,3,1013,10454
,,,,,Mexico Total,,,2,7,4775,15554
,,,,Veracruz Total,,,,2,7,4775,15554
,,,Orizaba Total,,,,,2,7,4775,15554
,,,Seattle,WA,USA,15/07/2012,$10K - $30K,1,4,4282,2455
,,,,,,15/07/2012 Total,,1,4,4282,2455
,,,,,USA Total,,,1,4,4282,2455
,,,,WA Total,,,,1,4,4282,2455
,,,Seattle Total,,,,,1,4,4282,2455
,,,Tacoma,WA,USA,09/01/2013,$50K - $70K,1,4,1024,4924
,,,,,,09/01/2013 Total,,1,4,1024,4924
,,,,,USA Total,,,1,4,1024,4924
,,,,WA Total,,,,1,4,1024,4924
,,,Tacoma Total,,,,,1,4,1024,4924
,,,Vancouver,BC,Canada,30/03/2013,$10K - $30K,1,5,8293,7058
,,,,,,30/03/2013 Total,,1,5,8293,7058
,,,,,,01/11/2013,$30K - $50K,1,6,4646,12941
,,,,,,01/11/2013 Total,,1,6,4646,12941
,,,,,Canada Total,,,2,11,12939,19999
,,,,BC Total,,,,2,11,12939,19999
,,,Vancouver Total,,,,,2,11,12939,19999
,,M Total,,,,,,11,47,52185,74860
,,S,Beverly Hills,CA,USA,26/07/2012,$10K - $30K,1,4,4819,2599
,,,,,,26/07/2012 Total,,1,4,4819,2599
,,,,,USA Total,,,1,4,4819,2599
,,,,CA Total,,,,1,4,4819,2599
,,,Beverly Hills Total,,,,,1,4,4819,2599
,,,Bremerton,WA,USA,25/06/2012,$50K - $70K,1,5,6367,2224
,,,,,,25/06/2012 Total,,1,5,6367,2224
,,,,,USA Total,,,1,5,6367,2224
,,,,WA Total,,,,1,5,6367,2224
,,,Bremerton Total,,,,,1,5,6367,2224
,,,Camacho,Zacatecas,Mexico,01/11/2013,$50K - $70K,1,3,4174,12974
,,,,,,01/11/2013 Total,,1,3,4174,12974
,,,,,Mexico Total,,,1,3,4174,12974
,,,,Zacatecas Total,,,,1,3,4174,12974
,,,Camacho Total,,,,,1,3,4174,12974
,,,Hidalgo,Zacatecas,Mexico,31/10/2013,$30K - $50K,1,2,7782,12929
,,,,,,31/10/2013 Total,,1,2,7782,12929
,,,,,Mexico Total,,,1,2,7782,12929
,,,,Zacatecas Total,,,,1,2,7782,12929
,,,Hidalgo Total,,,,,1,2,7782,12929
,,,Orizaba,Veracruz,Mexico,08/07/2013,$30K - $50K,1,4,1550,9811
,,,,,,08/07/2013 Total,,1,4,1550,9811
,,,,,Mexico Total,,,1,4,1550,9811
,,,,Veracruz Total,,,,1,4,1550,9811
,,,Orizaba Total,,,,,1,4,1550,9811
,,,Portland,OR,USA,08/08/2013,$10K - $30K,1,2,1438,10621
,,,,,,08/08/2013 Total,,1,2,1438,10621
,,,,,USA Total,,,1,2,1438,10621
,,,,OR Total,,,,1,2,1438,10621
,,,Portland Total,,,,,1,2,1438,10621
,,,Salem,OR,USA,19/04/2012,$90K - $110K,1,6,9825,1375
,,,,,,19/04/2012 Total,,1,6,9825,1375
,,,,,USA Total,,,1,6,9825,1375
,,,,OR Total,,,,1,6,9825,1375
,,,Salem Total,,,,,1,6,9825,1375
,,,Tacoma,WA,USA,15/07/2012,$10K - $30K,1,4,8442,2462
,,,,,,15/07/2012 Total,,1,4,8442,2462
,,,,,USA Total,,,1,4,8442,2462
,,,,WA Total,,,,1,4,8442,2462
,,,Tacoma Total,,,,,1,4,8442,2462
,,,Vancouver,BC,Canada,30/05/2013,$30K - $50K,1,4,3974,8738
,,,,,,30/05/2013 Total,,1,4,3974,8738
,,,,,Canada Total,,,1,4,3974,8738
,,,,BC Total,,,,1,4,3974,8738
,,,Vancouver Total,,,,,1,4,3974,8738
,,S Total,,,,,,9,34,48371,63733
,F Total,,,,,,,20,81,100556,138593
,M,M,Beverly Hills,CA,USA,22/09/2012,$10K - $30K,1,2,2472,3304
,,,,,,22/09/2012 Total,,1,2,2472,3304
,,,,,USA Total,,,1,2,2472,3304
,,,,CA Total,,,,1,2,2472,3304
,,,Beverly Hills Total,,,,,1,2,2472,3304
,,,Bremerton,WA,USA,27/01/2013,$30K - $50K,1,5,647,5389
,,,,,,27/01/2013 Total,,1,5,647,5389
,,,,,,17/02/2013,$30K - $50K,1,6,924,5988
,,,,,,17/02/2013 Total,,1,6,924,5988
,,,,,USA Total,,,2,11,1571,11377
,,,,WA Total,,,,2,11,1571,11377
,,,Bremerton Total,,,,,2,11,1571,11377
,,,Hidalgo,Zacatecas,Mexico,26/08/2013,$50K - $70K,1,5,6669,11113
,,,,,,26/08/2013 Total,,1,5,6669,11113
,,,,,Mexico Total,,,1,5,6669,11113
,,,,Zacatecas Total,,,,1,5,6669,11113
,,,Hidalgo Total,,,,,1,5,6669,11113
,,,San Andres,DF,Mexico,07/07/2013,$130K - $150K,1,5,7308,9757
,,,,,,07/07/2013 Total,,1,5,7308,9757
,,,,,Mexico Total,,,1,5,7308,9757
,,,,DF Total,,,,1,5,7308,9757
,,,San Andres Total,,,,,1,5,7308,9757
,,,San Diego,CA,USA,18/07/2013,$30K - $50K,1,5,139,10097
,,,,,,18/07/2013 Total,,1,5,139,10097
,,,,,USA Total,,,1,5,139,10097
,,,,CA Total,,,,1,5,139,10097
,,,San Diego Total,,,,,1,5,139,10097
,,,Spokane,WA,USA,04/11/2012,$30K - $50K,1,5,9631,3839
,,,,,,04/11/2012 Total,,1,5,9631,3839
,,,,,USA Total,,,1,5,9631,3839
,,,,WA Total,,,,1,5,9631,3839
,,,Spokane Total,,,,,1,5,9631,3839
,,,Tacoma,WA,USA,18/09/2012,$90K - $110K,1,3,8994,3251
,,,,,,18/09/2012 Total,,1,3,8994,3251
,,,,,USA Total,,,1,3,8994,3251
,,,,WA Total,,,,1,3,8994,3251
,,,Tacoma Total,,,,,1,3,8994,3251
,,M Total,,,,,,8,36,36784,52738
,,S,Beverly Hills,CA,USA,08/09/2013,$70K - $90K,1,5,2141,11451
,,,,,,08/09/2013 Total,,1,5,2141,11451
,,,,,USA Total,,,1,5,2141,11451
,,,,CA Total,,,,1,5,2141,11451
,,,Beverly Hills Total,,,,,1,5,2141,11451
,,,Camacho,Zacatecas,Mexico,17/06/2013,$50K - $70K,1,2,5124,9236
,,,,,,17/06/2013 Total,,1,2,5124,9236
,,,,,Mexico Total,,,1,2,5124,9236
,,,,Zacatecas Total,,,,1,2,5124,9236
,,,Camacho Total,,,,,1,2,5124,9236
,,,Hidalgo,Zacatecas,Mexico,04/04/2013,$30K - $50K,1,4,1770,7219
,,,,,,04/04/2013 Total,,1,4,1770,7219
,,,,,Mexico Total,,,1,4,1770,7219
,,,,Zacatecas Total,,,,1,4,1770,7219
,,,Hidalgo Total,,,,,1,4,1770,7219
,,,Portland,OR,USA,12/01/2013,$30K - $50K,1,6,1235,4999
,,,,,,12/01/2013 Total,,1,6,1235,4999
,,,,,USA Total,,,1,6,1235,4999
,,,,OR Total,,,,1,6,1235,4999
,,,Portland Total,,,,,1,6,1235,4999
,,,Salem,OR,USA,20/01/2013,$30K - $50K,1,4,8843,5194
,,,,,,20/01/2013 Total,,1,4,8843,5194
,,,,,,21/02/2013,$10K - $30K,1,5,7355,6089
,,,,,,21/02/2013 Total,,1,5,7355,6089
,,,,,USA Total,,,2,9,16198,11283
,,,,OR Total,,,,2,9,16198,11283
,,,Salem Total,,,,,2,9,16198,11283
,,,San Andres,DF,Mexico,18/05/2013,$30K - $50K,1,2,7703,8408
,,,,,,18/05/2013 Total,,1,2,7703,8408
,,,,,Mexico Total,,,1,2,7703,8408
,,,,DF Total,,,,1,2,7703,8408
,,,San Andres Total,,,,,1,2,7703,8408
,,,San Diego,CA,USA,25/02/2012,$30K - $50K,1,3,3755,588
,,,,,,25/02/2012 Total,,1,3,3755,588
,,,,,,28/08/2012,$30K - $50K,1,5,2460,3000
,,,,,,28/08/2012 Total,,1,5,2460,3000
,,,,,USA Total,,,2,8,6215,3588
,,,,CA Total,,,,2,8,6215,3588
,,,San Diego Total,,,,,2,8,6215,3588
,,,Tacoma,WA,USA,03/10/2013,$30K - $50K,1,4,8500,12149
,,,,,,03/10/2013 Total,,1,4,8500,12149
,,,,,USA Total,,,1,4,8500,12149
,,,,WA Total,,,,1,4,8500,12149
,,,Tacoma Total,,,,,1,4,8500,12149
,,S Total,,,,,,10,40,48886,68333
,M Total,,,,,,,18,76,85670,121071
Canned Shrimp Total,,,,,,,,38,157,186226,259664
Canned Soup,F,M,Acapulco,Guerrero,Mexico,20/01/2013,$150K +,1,3,4040,5203
,,,,,,20/01/2013 Total,,1,3,4040,5203
,,,,,,12/10/2013,$30K - $50K,1,5,826,12377
,,,,,,12/10/2013 Total,,1,5,826,12377
,,,,,Mexico Total,,,2,8,4866,17580
,,,,Guerrero Total,,,,2,8,4866,17580
,,,Acapulco Total,,,,,2,8,4866,17580
,,,Beverly Hills,CA,USA,15/10/2012,$30K - $50K,1,2,1368,3593
,,,,,,15/10/2012 Total,,1,2,1368,3593
,,,,,,11/03/2013,$50K - $70K,1,5,2494,6595
,,,,,,11/03/2013 Total,,1,5,2494,6595
,,,,,,15/03/2013,$30K - $50K,1,3,8638,6680
,,,,,,15/03/2013 Total,,1,3,8638,6680
,,,,,,07/07/2013,$90K - $110K,1,6,1234,9756
,,,,,,07/07/2013 Total,,1,6,1234,9756
,,,,,,29/11/2013,$70K - $90K,1,5,4558,13691
,,,,,,29/11/2013 Total,,1,5,4558,13691
,,,,,USA Total,,,5,21,18292,40315
,,,,CA Total,,,,5,21,18292,40315
,,,Beverly Hills Total,,,,,5,21,18292,40315
,,,Bremerton,WA,USA,27/01/2012,$30K - $50K,1,4,2878,231
,,,,,,27/01/2012 Total,,1,4,2878,231
,,,,,,18/08/2012,$150K +,1,3,5358,2879
,,,,,,18/08/2012 Total,,1,3,5358,2879
,,,,,,28/05/2013,$70K - $90K,1,5,7909,8678
,,,,,,28/05/2013 Total,,1,5,7909,8678
,,,,,,30/06/2013,$50K - $70K,1,4,8374,9572
,,,,,,30/06/2013 Total,,1,4,8374,9572
,,,,,USA Total,,,4,16,24519,21360
,,,,WA Total,,,,4,16,24519,21360
,,,Bremerton Total,,,,,4,16,24519,21360
,,,Camacho,Zacatecas,Mexico,04/05/2013,$50K - $70K,1,5,5099,8024
,,,,,,04/05/2013 Total,,1,5,5099,8024
,,,,,,04/06/2013,$10K - $30K,1,4,8564,8875
,,,,,,04/06/2013 Total,,1,4,8564,8875
,,,,,,08/06/2013,$70K - $90K,1,6,3186,8991
,,,,,,08/06/2013 Total,,1,6,3186,8991
,,,,,,13/06/2013,$30K - $50K,1,4,8364,9110
,,,,,,13/06/2013 Total,,1,4,8364,9110
,,,,,,21/08/2013,$30K - $50K,1,5,1038,10976
,,,,,,21/08/2013 Total,,1,5,1038,10976
,,,,,,10/09/2013,$50K - $70K,1,5,1125,11503
,,,,,,10/09/2013 Total,,1,5,1125,11503
,,,,,,22/09/2013,$10K - $30K,1,3,1056,11822
,,,,,,22/09/2013 Total,,1,3,1056,11822
,,,,,,17/10/2013,$30K - $50K,1,4,8364,12519
,,,,,,17/10/2013 Total,,1,4,8364,12519
,,,,,Mexico Total,,,8,36,36796,81820
,,,,Zacatecas Total,,,,8,36,36796,81820
,,,Camacho Total,,,,,8,36,36796,81820
,,,Hidalgo,Zacatecas,Mexico,06/02/2013,$10K - $30K,1,5,9644,5662
,,,,,,06/02/2013 Total,,1,5,9644,5662
,,,,,,05/04/2013,$10K - $30K,1,5,10253,7236
,,,,,,05/04/2013 Total,,1,5,10253,7236
,,,,,,18/04/2013,$10K - $30K,1,3,1444,7555
,,,,,,18/04/2013 Total,,1,3,1444,7555
,,,,,,11/06/2013,$70K - $90K,1,6,6652,9062
,,,,,,11/06/2013 Total,,1,6,6652,9062
,,,,,,27/06/2013,$50K - $70K,1,3,4780,9495
,,,,,,27/06/2013 Total,,1,3,4780,9495
,,,,,,26/08/2013,$70K - $90K,1,6,4226,11102
,,,,,,26/08/2013 Total,,1,6,4226,11102
,,,,,,06/09/2013,$30K - $50K,1,3,4620,11390
,,,,,,06/09/2013 Total,,1,3,4620,11390
,,,,,,24/10/2013,$50K - $70K,1,4,3317,12742
,,,,,,24/10/2013 Total,,1,4,3317,12742
,,,,,,19/11/2013,$10K - $30K,1,6,3495,13462
,,,,,,19/11/2013 Total,,1,6,3495,13462
,,,,,Mexico Total,,,9,41,48431,87706
,,,,Zacatecas Total,,,,9,41,48431,87706
,,,Hidalgo Total,,,,,9,41,48431,87706
,,,Los Angeles,CA,USA,22/07/2012,$10K - $30K,1,2,1584,2557
,,,,,,22/07/2012 Total,,1,2,1584,2557
,,,,,,28/07/2012,$130K - $150K,1,3,9315,2624
,,,,,,28/07/2012 Total,,1,3,9315,2624
,,,,,,08/08/2012,$70K - $90K,1,5,4016,2755
,,,,,,08/08/2012 Total,,1,5,4016,2755
,,,,,,03/01/2013,$10K - $30K,1,3,7672,4781
,,,,,,03/01/2013 Total,,1,3,7672,4781
,,,,,,03/07/2013,$30K - $50K,1,4,2068,9662
,,,,,,03/07/2013 Total,,1,4,2068,9662
,,,,,,14/11/2013,$30K - $50K,1,4,5095,13331
,,,,,,14/11/2013 Total,,1,4,5095,13331
,,,,,USA Total,,,6,21,29750,35710
,,,,CA Total,,,,6,21,29750,35710
,,,Los Angeles Total,,,,,6,21,29750,35710
,,,Merida,Yucatan,Mexico,20/01/2013,$30K - $50K,1,4,5481,5200
,,,,,,20/01/2013 Total,,1,4,5481,5200
,,,,,,19/03/2013,$50K - $70K,1,5,9143,6788
,,,,,,19/03/2013 Total,,1,5,9143,6788
,,,,,,04/04/2013,$30K - $50K,1,5,3501,7197
,,,,,,04/04/2013 Total,,1,5,3501,7197
,,,,,,07/05/2013,$10K - $30K,1,4,7356,8118
,,,,,,07/05/2013 Total,,1,4,7356,8118
,,,,,,04/09/2013,$10K - $30K,1,4,8087,11350
,,,,,,04/09/2013 Total,,1,4,8087,11350
,,,,,,20/09/2013,$30K - $50K,1,3,10001,11778
,,,,,,20/09/2013 Total,,1,3,10001,11778
,,,,,,19/10/2013,$30K - $50K,1,3,6603,12576
,,,,,,19/10/2013 Total,,1,3,6603,12576
,,,,,Mexico Total,,,7,28,50172,63007
,,,,Yucatan Total,,,,7,28,50172,63007
,,,Merida Total,,,,,7,28,50172,63007
,,,Mexico City,DF,Mexico,17/09/2013,$30K - $50K,1,2,5221,11692
,,,,,,17/09/2013 Total,,1,2,5221,11692
,,,,,Mexico Total,,,1,2,5221,11692
,,,,DF Total,,,,1,2,5221,11692
,,,Mexico City Total,,,,,1,2,5221,11692
,,,Orizaba,Veracruz,Mexico,18/01/2013,$10K - $30K,1,3,1013,5153
,,,,,,18/01/2013 Total,,1,3,1013,5153
,,,,,,23/01/2013,$10K - $30K,1,5,3234,5270
,,,,,,23/01/2013 Total,,1,5,3234,5270
,,,,,,02/03/2013,$30K - $50K,1,3,1836,6351
,,,,,,02/03/2013 Total,,1,3,1836,6351
,,,,,,29/05/2013,$10K - $30K,1,4,3234,8717
,,,,,,29/05/2013 Total,,1,4,3234,8717
,,,,,,16/10/2013,$10K - $30K,1,3,1013,12489
,,,,,,16/10/2013 Total,,1,3,1013,12489
,,,,,,02/12/2013,$30K - $50K,1,4,1836,13776
,,,,,,02/12/2013 Total,,1,4,1836,13776
,,,,,,27/12/2013,$30K - $50K,1,3,5071,14049
,,,,,,27/12/2013 Total,,1,3,5071,14049
,,,,,Mexico Total,,,7,25,17237,65805
,,,,Veracruz Total,,,,7,25,17237,65805
,,,Orizaba Total,,,,,7,25,17237,65805
,,,Portland,OR,USA,05/03/2012,$30K - $50K,1,4,7930,712
,,,,,,05/03/2012 Total,,1,4,7930,712
,,,,,,05/06/2012,$30K - $50K,1,5,7818,1999
,,,,,,05/06/2012 Total,,1,5,7818,1999
,,,,,,13/08/2012,$30K - $50K,1,5,4562,2823
,,,,,,13/08/2012 Total,,1,5,4562,2823
,,,,,,11/02/2013,$30K - $50K,1,4,3293,5802
,,,,,,11/02/2013 Total,,1,4,3293,5802
,,,,,,12/04/2013,$70K - $90K,1,4,3311,7419
,,,,,,12/04/2013 Total,,1,4,3311,7419
,,,,,,19/05/2013,$30K - $50K,1,4,8188,8416
,,,,,,19/05/2013 Total,,1,4,8188,8416
,,,,,,08/10/2013,$10K - $30K,1,4,7617,12290
,,,,,,08/10/2013 Total,,1,4,7617,12290
,,,,,USA Total,,,7,30,42719,39461
,,,,OR Total,,,,7,30,42719,39461
,,,Portland Total,,,,,7,30,42719,39461
,,,Salem,OR,USA,02/02/2012,$30K - $50K,1,4,3020,312
,,,,,,02/02/2012 Total,,1,4,3020,312
,,,,,,09/03/2012,$70K - $90K,1,3,893,764
,,,,,,09/03/2012 Total,,1,3,893,764
,,,,,,26/03/2012,$50K - $70K,1,5,7132,1017
,,,,,,26/03/2012 Total,,1,5,7132,1017
,,,,,,02/08/2012,$30K - $50K,1,3,1529,2680
,,,,,,02/08/2012 Total,,1,3,1529,2680
,,,,,,04/09/2012,$70K - $90K,1,3,893,3086
,,,,,,04/09/2012 Total,,1,3,893,3086
,,,,,,05/10/2012,$50K - $70K,1,5,4507,3460
,,,,,,05/10/2012 Total,,1,5,4507,3460
,,,,,,14/03/2013,$70K - $90K,1,7,4804,6651
,,,,,,14/03/2013 Total,,1,7,4804,6651
,,,,,,18/07/2013,$30K - $50K,1,4,2373,10079
,,,,,,18/07/2013 Total,,1,4,2373,10079
,,,,,,23/08/2013,$110K - $130K,1,3,9448,11039
,,,,,,23/08/2013 Total,,1,3,9448,11039
,,,,,,16/10/2013,$30K - $50K,1,5,3001,12492
,,,,,,16/10/2013 Total,,1,5,3001,12492
,,,,,USA Total,,,10,42,37600,51580
,,,,OR Total,,,,10,42,37600,51580
,,,Salem Total,,,,,10,42,37600,51580
,,,San Andres,DF,Mexico,23/02/2013,$110K - $130K,1,4,7155,6136
,,,,,,23/02/2013 Total,,1,4,7155,6136
,,,,,,03/03/2013,$30K - $50K,1,3,4317,6369
,,,,,,03/03/2013 Total,,1,3,4317,6369
,,,,,,11/09/2013,$10K - $30K,1,4,8326,11546
,,,,,,11/09/2013 Total,,1,4,8326,11546
,,,,,,18/10/2013,$30K - $50K,1,3,2802,12548
,,,,,,18/10/2013 Total,,1,3,2802,12548
,,,,,,25/10/2013,$50K - $70K,1,3,6931,12763
,,,,,,25/10/2013 Total,,1,3,6931,12763
,,,,,,13/11/2013,$70K - $90K,1,4,9359,13318
,,,,,,13/11/2013 Total,,1,4,9359,13318
,,,,,Mexico Total,,,6,21,38890,62680
,,,,DF Total,,,,6,21,38890,62680
,,,San Andres Total,,,,,6,21,38890,62680
,,,San Diego,CA,USA,31/01/2012,$70K - $90K,1,4,7178,292
,,,,,,31/01/2012 Total,,1,4,7178,292
,,,,,,20/08/2012,$70K - $90K,1,4,2893,2903
,,,,,,20/08/2012 Total,,1,4,2893,2903
,,,,,,16/05/2013,$10K - $30K,1,2,2512,8341
,,,,,,16/05/2013 Total,,1,2,2512,8341
,,,,,,23/05/2013,$130K - $150K,1,4,2705,8539
,,,,,,23/05/2013 Total,,1,4,2705,8539
,,,,,,24/10/2013,$10K - $30K,1,5,2153,12718
,,,,,,24/10/2013 Total,,1,5,2153,12718
,,,,,,05/11/2013,$10K - $30K,1,2,2153,13064
,,,,,,05/11/2013 Total,,1,2,2153,13064
,,,,,,17/11/2013,$10K - $30K,1,3,985,13407
,,,,,,17/11/2013 Total,,1,3,985,13407
,,,,,,29/11/2013,$10K - $30K,1,5,197,13688
,,,,,,29/11/2013 Total,,1,5,197,13688
,,,,,USA Total,,,8,29,20776,72952
,,,,CA Total,,,,8,29,20776,72952
,,,San Diego Total,,,,,8,29,20776,72952
,,,San Francisco,CA,USA,29/07/2013,$50K - $70K,1,4,6434,10395
,,,,,,29/07/2013 Total,,1,4,6434,10395
,,,,,USA Total,,,1,4,6434,10395
,,,,CA Total,,,,1,4,6434,10395
,,,San Francisco Total,,,,,1,4,6434,10395
,,,Seattle,WA,USA,08/06/2012,$50K - $70K,1,3,7701,2029
,,,,,,08/06/2012 Total,,1,3,7701,2029
,,,,,,25/06/2012,$30K - $50K,1,5,9898,2221
,,,,,,25/06/2012 Total,,1,5,9898,2221
,,,,,,01/08/2012,$30K - $50K,1,5,6253,2672
,,,,,,01/08/2012 Total,,1,5,6253,2672
,,,,,,24/08/2012,$30K - $50K,1,4,9159,2959
,,,,,,24/08/2012 Total,,1,4,9159,2959
,,,,,,30/08/2012,$50K - $70K,1,4,5905,3022
,,,,,,30/08/2012 Total,,1,4,5905,3022
,,,,,,02/11/2012,$50K - $70K,1,3,9323,3796
,,,,,,02/11/2012 Total,,1,3,9323,3796
,,,,,,19/12/2012,$10K - $30K,1,5,5826,4478
,,,,,,19/12/2012 Total,,1,5,5826,4478
,,,,,,26/04/2013,$10K - $30K,1,2,3917,7808
,,,,,,26/04/2013 Total,,1,2,3917,7808
,,,,,,22/07/2013,$70K - $90K,1,6,2420,10215
,,,,,,22/07/2013 Total,,1,6,2420,10215
,,,,,,19/08/2013,$10K - $30K,1,4,8259,10917
,,,,,,19/08/2013 Total,,1,4,8259,10917
,,,,,,04/12/2013,$30K - $50K,1,3,9924,13817
,,,,,,04/12/2013 Total,,1,3,9924,13817
,,,,,USA Total,,,11,44,78585,63934
,,,,WA Total,,,,11,44,78585,63934
,,,Seattle Total,,,,,11,44,78585,63934
,,,Spokane,WA,USA,07/11/2012,$70K - $90K,1,5,8511,3875
,,,,,,07/11/2012 Total,,1,5,8511,3875
,,,,,,15/03/2013,$150K +,1,5,4727,6704
,,,,,,15/03/2013 Total,,1,5,4727,6704
,,,,,,15/05/2013,$70K - $90K,1,3,3491,8332
,,,,,,15/05/2013 Total,,1,3,3491,8332
,,,,,,22/05/2013,$70K - $90K,1,4,2587,8519
,,,,,,22/05/2013 Total,,1,4,2587,8519
,,,,,,06/07/2013,$30K - $50K,1,4,7051,9743
,,,,,,06/07/2013 Total,,1,4,7051,9743
,,,,,,27/12/2013,$130K - $150K,1,3,4868,14046
,,,,,,27/12/2013 Total,,1,3,4868,14046
,,,,,USA Total,,,6,24,31235,51219
,,,,WA Total,,,,6,24,31235,51219
,,,Spokane Total,,,,,6,24,31235,51219
,,,Tacoma,WA,USA,24/03/2012,$50K - $70K,1,4,8717,978
,,,,,,24/03/2012 Total,,1,4,8717,978
,,,,,,30/05/2012,$10K - $30K,1,3,7989,1911
,,,,,,30/05/2012 Total,,1,3,7989,1911
,,,,,,23/12/2012,$30K - $50K,1,2,9734,4562
,,,,,,23/12/2012 Total,,1,2,9734,4562
,,,,,,12/03/2013,$50K - $70K,1,3,8717,6603
,,,,,,12/03/2013 Total,,1,3,8717,6603
,,,,,,15/06/2013,$10K - $30K,1,3,8241,9172
,,,,,,15/06/2013 Total,,1,3,8241,9172
,,,,,,08/10/2013,$30K - $50K,1,6,6690,12275
,,,,,,08/10/2013 Total,,1,6,6690,12275
,,,,,USA Total,,,6,21,50088,35501
,,,,WA Total,,,,6,21,50088,35501
,,,Tacoma Total,,,,,6,21,50088,35501
,,,Vancouver,BC,Canada,25/09/2013,$30K - $50K,1,2,4789,11941
,,,,,,25/09/2013 Total,,1,2,4789,11941
,,,,,Canada Total,,,1,2,4789,11941
,,,,BC Total,,,,1,2,4789,11941
,,,Vancouver Total,,,,,1,2,4789,11941
,,,Walla Walla,WA,USA,13/04/2012,$10K - $30K,1,3,168,1276
,,,,,,13/04/2012 Total,,1,3,168,1276
,,,,,,30/05/2012,$130K - $150K,1,2,7865,1924
,,,,,,30/05/2012 Total,,1,2,7865,1924
,,,,,,18/10/2013,$50K - $70K,1,4,3504,12552
,,,,,,18/10/2013 Total,,1,4,3504,12552
,,,,,USA Total,,,3,9,11537,15752
,,,,WA Total,,,,3,9,11537,15752
,,,Walla Walla Total,,,,,3,9,11537,15752
,,,Yakima,WA,USA,25/12/2011,$150K +,1,6,354,8
,,,,,,25/12/2011 Total,,1,6,354,8
,,,,,,04/11/2012,$50K - $70K,1,5,1802,3836
,,,,,,04/11/2012 Total,,1,5,1802,3836
,,,,,,28/05/2013,$90K - $110K,1,4,8577,8687
,,,,,,28/05/2013 Total,,1,4,8577,8687
,,,,,USA Total,,,3,15,10733,12531
,,,,WA Total,,,,3,15,10733,12531
,,,Yakima Total,,,,,3,15,10733,12531
,,M Total,,,,,,111,439,568670,852941
,,S,Acapulco,Guerrero,Mexico,28/06/2013,$10K - $30K,1,5,6358,9506
,,,,,,28/06/2013 Total,,1,5,6358,9506
,,,,,,24/10/2013,$10K - $30K,1,3,7213,12711
,,,,,,24/10/2013 Total,,1,3,7213,12711
,,,,,Mexico Total,,,2,8,13571,22217
,,,,Guerrero Total,,,,2,8,13571,22217
,,,Acapulco Total,,,,,2,8,13571,22217
,,,Beverly Hills,CA,USA,02/06/2013,$30K - $50K,1,4,3903,8820
,,,,,,02/06/2013 Total,,1,4,3903,8820
,,,,,,18/10/2013,$70K - $90K,1,3,2452,12549
,,,,,,18/10/2013 Total,,1,3,2452,12549
,,,,,,01/11/2013,$110K - $130K,1,6,4486,12939
,,,,,,01/11/2013 Total,,1,6,4486,12939
,,,,,USA Total,,,3,13,10841,34308
,,,,CA Total,,,,3,13,10841,34308
,,,Beverly Hills Total,,,,,3,13,10841,34308
,,,Bremerton,WA,USA,11/02/2012,$10K - $30K,1,3,7413,431
,,,,,,11/02/2012 Total,,1,3,7413,431
,,,,,,25/08/2012,$50K - $70K,1,4,8966,2971
,,,,,,25/08/2012 Total,,1,4,8966,2971
,,,,,,13/11/2012,$30K - $50K,1,6,1610,3931
,,,,,,13/11/2012 Total,,1,6,1610,3931
,,,,,,14/11/2012,$50K - $70K,1,5,9781,3951
,,,,,,14/11/2012 Total,,1,5,9781,3951
,,,,,,04/12/2012,$10K - $30K,1,6,2368,4241
,,,,,,04/12/2012 Total,,1,6,2368,4241
,,,,,USA Total,,,5,24,30138,15525
,,,,WA Total,,,,5,24,30138,15525
,,,Bremerton Total,,,,,5,24,30138,15525
,,,Camacho,Zacatecas,Mexico,26/02/2013,$70K - $90K,1,4,7121,6244
,,,,,,26/02/2013 Total,,1,4,7121,6244
,,,,,,28/04/2013,$10K - $30K,1,3,5294,7852
,,,,,,28/04/2013 Total,,1,3,5294,7852
,,,,,,25/06/2013,$10K - $30K,1,4,8498,9429
,,,,,,25/06/2013 Total,,1,4,8498,9429
,,,,,,24/07/2013,$50K - $70K,1,5,4932,10240
,,,,,,24/07/2013 Total,,1,5,4932,10240
,,,,,Mexico Total,,,4,16,25845,33765
,,,,Zacatecas Total,,,,4,16,25845,33765
,,,Camacho Total,,,,,4,16,25845,33765
,,,Hidalgo,Zacatecas,Mexico,26/02/2013,$10K - $30K,1,5,4731,6251
,,,,,,26/02/2013 Total,,1,5,4731,6251
,,,,,,13/03/2013,$30K - $50K,1,2,5148,6625
,,,,,,13/03/2013 Total,,1,2,5148,6625
,,,,,,25/05/2013,$30K - $50K,1,6,272,8603
,,,,,,25/05/2013 Total,,1,6,272,8603
,,,,,,12/06/2013,$10K - $30K,1,5,3858,9103
,,,,,,12/06/2013 Total,,1,5,3858,9103
,,,,,,19/07/2013,$70K - $90K,1,6,4325,10143
,,,,,,19/07/2013 Total,,1,6,4325,10143
,,,,,,15/09/2013,$90K - $110K,1,3,1571,11648
,,,,,,15/09/2013 Total,,1,3,1571,11648
,,,,,,24/11/2013,$70K - $90K,1,3,4325,13583
,,,,,,24/11/2013 Total,,1,3,4325,13583
,,,,,Mexico Total,,,7,30,24230,65956
,,,,Zacatecas Total,,,,7,30,24230,65956
,,,Hidalgo Total,,,,,7,30,24230,65956
,,,Los Angeles,CA,USA,02/02/2012,$30K - $50K,1,3,5389,308
,,,,,,02/02/2012 Total,,1,3,5389,308
,,,,,,29/03/2012,$70K - $90K,1,6,6254,1064
,,,,,,29/03/2012 Total,,1,6,6254,1064
,,,,,,19/04/2012,$30K - $50K,1,2,3163,1369
,,,,,,19/04/2012 Total,,1,2,3163,1369
,,,,,,31/01/2013,$70K - $90K,1,5,1849,5464
,,,,,,31/01/2013 Total,,1,5,1849,5464
,,,,,,01/03/2013,$30K - $50K,1,5,4357,6319
,,,,,,01/03/2013 Total,,1,5,4357,6319
,,,,,,30/06/2013,$90K - $110K,1,4,2799,9585
,,,,,,30/06/2013 Total,,1,4,2799,9585
,,,,,,05/07/2013,$70K - $90K,1,4,5655,9705
,,,,,,05/07/2013 Total,,1,4,5655,9705
,,,,,,26/10/2013,$30K - $50K,1,2,273,12798
,,,,,,26/10/2013 Total,,1,2,273,12798
,,,,,USA Total,,,8,31,29739,46612
,,,,CA Total,,,,8,31,29739,46612
,,,Los Angeles Total,,,,,8,31,29739,46612
,,,Merida,Yucatan,Mexico,26/03/2013,$30K - $50K,1,3,1593,6948
,,,,,,26/03/2013 Total,,1,3,1593,6948
,,,,,,05/05/2013,$90K - $110K,1,3,1050,8035
,,,,,,05/05/2013 Total,,1,3,1050,8035
,,,,,,23/05/2013,$90K - $110K,1,4,9450,8535
,,,,,,23/05/2013 Total,,1,4,9450,8535
,,,,,,14/06/2013,$10K - $30K,1,4,2118,9152
,,,,,,14/06/2013 Total,,1,4,2118,9152
,,,,,,06/07/2013,$30K - $50K,1,2,1593,9751
,,,,,,06/07/2013 Total,,1,2,1593,9751
,,,,,,23/09/2013,$10K - $30K,1,6,10008,11888
,,,,,,23/09/2013 Total,,1,6,10008,11888
,,,,,Mexico Total,,,6,22,25812,54309
,,,,Yucatan Total,,,,6,22,25812,54309
,,,Merida Total,,,,,6,22,25812,54309
,,,Mexico City,DF,Mexico,18/02/2013,$10K - $30K,1,7,8237,5997
,,,,,,18/02/2013 Total,,1,7,8237,5997
,,,,,,17/09/2013,$10K - $30K,1,4,2273,11698
,,,,,,17/09/2013 Total,,1,4,2273,11698
,,,,,Mexico Total,,,2,11,10510,17695
,,,,DF Total,,,,2,11,10510,17695
,,,Mexico City Total,,,,,2,11,10510,17695
,,,Orizaba,Veracruz,Mexico,14/06/2013,$50K - $70K,1,4,1614,9149
,,,,,,14/06/2013 Total,,1,4,1614,9149
,,,,,,15/09/2013,$30K - $50K,1,4,5008,11640
,,,,,,15/09/2013 Total,,1,4,5008,11640
,,,,,Mexico Total,,,2,8,6622,20789
,,,,Veracruz Total,,,,2,8,6622,20789
,,,Orizaba Total,,,,,2,8,6622,20789
,,,Portland,OR,USA,24/02/2012,$50K - $70K,1,5,1869,573
,,,,,,24/02/2012 Total,,1,5,1869,573
,,,,,,28/02/2012,$130K - $150K,1,4,6655,619
,,,,,,28/02/2012 Total,,1,4,6655,619
,,,,,,20/03/2012,$50K - $70K,1,5,30,937
,,,,,,20/03/2012 Total,,1,5,30,937
,,,,,,13/12/2012,$10K - $30K,1,4,3538,4393
,,,,,,13/12/2012 Total,,1,4,3538,4393
,,,,,,22/12/2012,$50K - $70K,1,2,5153,4534
,,,,,,22/12/2012 Total,,1,2,5153,4534
,,,,,,10/04/2013,$10K - $30K,1,3,8482,7390
,,,,,,10/04/2013 Total,,1,3,8482,7390
,,,,,,06/05/2013,$30K - $50K,1,3,2071,8060
,,,,,,06/05/2013 Total,,1,3,2071,8060
,,,,,,06/07/2013,$10K - $30K,1,3,1438,9740
,,,,,,06/07/2013 Total,,1,3,1438,9740
,,,,,USA Total,,,8,29,29236,36246
,,,,OR Total,,,,8,29,29236,36246
,,,Portland Total,,,,,8,29,29236,36246
,,,Salem,OR,USA,25/01/2012,$50K - $70K,1,4,9014,219
,,,,,,25/01/2012 Total,,1,4,9014,219
,,,,,,15/02/2012,$50K - $70K,1,4,7262,478
,,,,,,15/02/2012 Total,,1,4,7262,478
,,,,,,14/05/2012,$10K - $30K,1,4,4490,1716
,,,,,,14/05/2012 Total,,1,4,4490,1716
,,,,,,16/05/2012,$30K - $50K,1,2,6932,1740
,,,,,,16/05/2012 Total,,1,2,6932,1740
,,,,,,24/06/2012,$10K - $30K,1,5,467,2219
,,,,,,24/06/2012 Total,,1,5,467,2219
,,,,,,20/10/2012,$30K - $50K,1,4,9504,3644
,,,,,,20/10/2012 Total,,1,4,9504,3644
,,,,,,22/01/2013,$70K - $90K,1,5,2625,5260
,,,,,,22/01/2013 Total,,1,5,2625,5260
,,,,,,07/05/2013,$50K - $70K,1,4,2677,8114
,,,,,,07/05/2013 Total,,1,4,2677,8114
,,,,,,10/05/2013,$10K - $30K,1,3,6003,8212
,,,,,,10/05/2013 Total,,1,3,6003,8212
,,,,,,10/07/2013,$130K - $150K,1,3,2075,9843
,,,,,,10/07/2013 Total,,1,3,2075,9843
,,,,,USA Total,,,10,38,51049,41445
,,,,OR Total,,,,10,38,51049,41445
,,,Salem Total,,,,,10,38,51049,41445
,,,San Andres,DF,Mexico,03/06/2013,$30K - $50K,1,5,6950,8849
,,,,,,03/06/2013 Total,,1,5,6950,8849
,,,,,,14/06/2013,$70K - $90K,1,6,8462,9134
,,,,,,14/06/2013 Total,,1,6,8462,9134
,,,,,,16/09/2013,$30K - $50K,1,6,9978,11667
,,,,,,16/09/2013 Total,,1,6,9978,11667
,,,,,,18/11/2013,$50K - $70K,1,4,1542,13426
,,,,,,18/11/2013 Total,,1,4,1542,13426
,,,,,Mexico Total,,,4,21,26932,43076
,,,,DF Total,,,,4,21,26932,43076
,,,San Andres Total,,,,,4,21,26932,43076
,,,San Diego,CA,USA,13/02/2013,$50K - $70K,1,5,1361,5859
,,,,,,13/02/2013 Total,,1,5,1361,5859
,,,,,,19/02/2013,$50K - $70K,1,4,7068,6037
,,,,,,19/02/2013 Total,,1,4,7068,6037
,,,,,,09/05/2013,$30K - $50K,1,4,2526,8182
,,,,,,09/05/2013 Total,,1,4,2526,8182
,,,,,,10/07/2013,$30K - $50K,1,5,5890,9862
,,,,,,10/07/2013 Total,,1,5,5890,9862
,,,,,,20/08/2013,$130K - $150K,1,4,3410,10951
,,,,,,20/08/2013 Total,,1,4,3410,10951
,,,,,USA Total,,,5,22,20255,40891
,,,,CA Total,,,,5,22,20255,40891
,,,San Diego Total,,,,,5,22,20255,40891
,,,San Francisco,CA,USA,19/03/2012,$10K - $30K,1,4,970,908
,,,,,,19/03/2012 Total,,1,4,970,908
,,,,,USA Total,,,1,4,970,908
,,,,CA Total,,,,1,4,970,908
,,,San Francisco Total,,,,,1,4,970,908
,,,Seattle,WA,USA,06/02/2012,$10K - $30K,1,5,9208,372
,,,,,,06/02/2012 Total,,1,5,9208,372
,,,,,,12/10/2012,$30K - $50K,1,4,6838,3554
,,,,,,12/10/2012 Total,,1,4,6838,3554
,,,,,,29/04/2013,$10K - $30K,1,3,2252,7893
,,,,,,29/04/2013 Total,,1,3,2252,7893
,,,,,,28/05/2013,$30K - $50K,1,6,7967,8677
,,,,,,28/05/2013 Total,,1,6,7967,8677
,,,,,,15/07/2013,$110K - $130K,1,6,9129,9996
,,,,,,15/07/2013 Total,,1,6,9129,9996
,,,,,,09/09/2013,$30K - $50K,1,6,4287,11481
,,,,,,09/09/2013 Total,,1,6,4287,11481
,,,,,,26/10/2013,$30K - $50K,1,3,6775,12789
,,,,,,26/10/2013 Total,,1,3,6775,12789
,,,,,USA Total,,,7,33,46456,54762
,,,,WA Total,,,,7,33,46456,54762
,,,Seattle Total,,,,,7,33,46456,54762
,,,Spokane,WA,USA,19/04/2012,$130K - $150K,1,3,6113,1382
,,,,,,19/04/2012 Total,,1,3,6113,1382
,,,,,,14/07/2012,$130K - $150K,1,4,6113,2443
,,,,,,14/07/2012 Total,,1,4,6113,2443
,,,,,,21/12/2012,$10K - $30K,1,5,2448,4509
,,,,,,21/12/2012 Total,,1,5,2448,4509
,,,,,,06/01/2013,$30K - $50K,1,3,769,4854
,,,,,,06/01/2013 Total,,1,3,769,4854
,,,,,,31/03/2013,$10K - $30K,1,5,5592,7116
,,,,,,31/03/2013 Total,,1,5,5592,7116
,,,,,USA Total,,,5,20,21035,20304
,,,,WA Total,,,,5,20,21035,20304
,,,Spokane Total,,,,,5,20,21035,20304
,,,Tacoma,WA,USA,02/03/2012,$50K - $70K,1,3,4597,672
,,,,,,02/03/2012 Total,,1,3,4597,672
,,,,,,15/10/2012,$70K - $90K,1,3,9715,3581
,,,,,,15/10/2012 Total,,1,3,9715,3581
,,,,,,12/11/2012,$70K - $90K,1,6,2211,3920
,,,,,,12/11/2012 Total,,1,6,2211,3920
,,,,,,04/01/2013,$50K - $70K,1,4,4239,4810
,,,,,,04/01/2013 Total,,1,4,4239,4810
,,,,,,05/02/2013,$30K - $50K,1,4,7556,5634
,,,,,,05/02/2013 Total,,1,4,7556,5634
,,,,,,11/05/2013,$50K - $70K,1,3,2966,8221
,,,,,,11/05/2013 Total,,1,3,2966,8221
,,,,,,16/09/2013,$50K - $70K,1,4,4445,11658
,,,,,,16/09/2013 Total,,1,4,4445,11658
,,,,,,25/11/2013,$30K - $50K,1,5,5971,13607
,,,,,,,$50K - $70K,1,6,3239,13612
,,,,,,25/11/2013 Total,,2,11,9210,27219
,,,,,USA Total,,,9,38,44939,65715
,,,,WA Total,,,,9,38,44939,65715
,,,Tacoma Total,,,,,9,38,44939,65715
,,,Vancouver,BC,Canada,20/04/2013,$130K - $150K,1,3,494,7614
,,,,,,20/04/2013 Total,,1,3,494,7614
,,,,,,21/05/2013,$10K - $30K,1,5,9919,8476
,,,,,,21/05/2013 Total,,1,5,9919,8476
,,,,,,22/05/2013,$110K - $130K,1,6,2457,8503
,,,,,,22/05/2013 Total,,1,6,2457,8503
,,,,,,03/06/2013,$110K - $130K,1,3,6272,8848
,,,,,,03/06/2013 Total,,1,3,6272,8848
,,,,,,12/07/2013,$10K - $30K,1,4,822,9918
,,,,,,12/07/2013 Total,,1,4,822,9918
,,,,,,15/07/2013,$110K - $130K,1,3,6769,10000
,,,,,,15/07/2013 Total,,1,3,6769,10000
,,,,,,22/08/2013,$70K - $90K,1,5,3537,11014
,,,,,,22/08/2013 Total,,1,5,3537,11014
,,,,,Canada Total,,,7,29,30270,64373
,,,,BC Total,,,,7,29,30270,64373
,,,Vancouver Total,,,,,7,29,30270,64373
,,,Victoria,BC,Canada,18/02/2013,$30K - $50K,1,5,5926,6002
,,,,,,18/02/2013 Total,,1,5,5926,6002
,,,,,Canada Total,,,1,5,5926,6002
,,,,BC Total,,,,1,5,5926,6002
,,,Victoria Total,,,,,1,5,5926,6002
,,,Walla Walla,WA,USA,22/10/2012,$70K - $90K,1,3,8218,3654
,,,,,,22/10/2012 Total,,1,3,8218,3654
,,,,,USA Total,,,1,3,8218,3654
,,,,WA Total,,,,1,3,8218,3654
,,,Walla Walla Total,,,,,1,3,8218,3654
,,,Yakima,WA,USA,17/02/2012,$30K - $50K,1,3,2682,499
,,,,,,17/02/2012 Total,,1,3,2682,499
,,,,,,29/04/2012,$10K - $30K,1,5,4810,1516
,,,,,,29/04/2012 Total,,1,5,4810,1516
,,,,,USA Total,,,2,8,7492,2015
,,,,WA Total,,,,2,8,7492,2015
,,,Yakima Total,,,,,2,8,7492,2015
,,S Total,,,,,,99,413,470086,690567
,F Total,,,,,,,210,852,1038756,1543508
,M,M,Acapulco,Guerrero,Mexico,22/10/2013,$70K - $90K,1,4,8039,12658
,,,,,,22/10/2013 Total,,1,4,8039,12658
,,,,,Mexico Total,,,1,4,8039,12658
,,,,Guerrero Total,,,,1,4,8039,12658
,,,Acapulco Total,,,,,1,4,8039,12658
,,,Bellingham,WA,USA,02/11/2012,$30K - $50K,1,3,2759,3798
,,,,,,02/11/2012 Total,,1,3,2759,3798
,,,,,USA Total,,,1,3,2759,3798
,,,,WA Total,,,,1,3,2759,3798
,,,Bellingham Total,,,,,1,3,2759,3798
,,,Beverly Hills,CA,USA,15/04/2012,$30K - $50K,1,3,6400,1317
,,,,,,15/04/2012 Total,,1,3,6400,1317
,,,,,,25/11/2012,$10K - $30K,1,4,3508,4118
,,,,,,25/11/2012 Total,,1,4,3508,4118
,,,,,,23/12/2012,$10K - $30K,1,4,927,4563
,,,,,,23/12/2012 Total,,1,4,927,4563
,,,,,USA Total,,,3,11,10835,9998
,,,,CA Total,,,,3,11,10835,9998
,,,Beverly Hills Total,,,,,3,11,10835,9998
,,,Bremerton,WA,USA,27/03/2012,$30K - $50K,1,5,647,1028
,,,,,,27/03/2012 Total,,1,5,647,1028
,,,,,,22/08/2012,$30K - $50K,1,3,1341,2933
,,,,,,22/08/2012 Total,,1,3,1341,2933
,,,,,,06/12/2012,$30K - $50K,1,4,1676,4272
,,,,,,06/12/2012 Total,,1,4,1676,4272
,,,,,,01/02/2013,$130K - $150K,1,3,3889,5508
,,,,,,01/02/2013 Total,,1,3,3889,5508
,,,,,,02/05/2013,$10K - $30K,1,4,9881,7962
,,,,,,02/05/2013 Total,,1,4,9881,7962
,,,,,,29/09/2013,$30K - $50K,1,5,1533,12059
,,,,,,29/09/2013 Total,,1,5,1533,12059
,,,,,USA Total,,,6,24,18967,33762
,,,,WA Total,,,,6,24,18967,33762
,,,Bremerton Total,,,,,6,24,18967,33762
,,,Camacho,Zacatecas,Mexico,17/06/2013,$50K - $70K,1,4,1295,9221
,,,,,,17/06/2013 Total,,1,4,1295,9221
,,,,,,31/08/2013,$30K - $50K,1,5,5927,11245
,,,,,,31/08/2013 Total,,1,5,5927,11245
,,,,,,05/11/2013,$50K - $70K,1,4,7746,13071
,,,,,,05/11/2013 Total,,1,4,7746,13071
,,,,,Mexico Total,,,3,13,14968,33537
,,,,Zacatecas Total,,,,3,13,14968,33537
,,,Camacho Total,,,,,3,13,14968,33537
,,,Guadalajara,Jalisco,Mexico,23/08/2013,$70K - $90K,1,2,9939,11027
,,,,,,23/08/2013 Total,,1,2,9939,11027
,,,,,Mexico Total,,,1,2,9939,11027
,,,,Jalisco Total,,,,1,2,9939,11027
,,,Guadalajara Total,,,,,1,2,9939,11027
,,,Hidalgo,Zacatecas,Mexico,19/01/2013,$130K - $150K,1,5,1612,5176
,,,,,,19/01/2013 Total,,1,5,1612,5176
,,,,,,29/04/2013,$30K - $50K,1,5,6100,7888
,,,,,,29/04/2013 Total,,1,5,6100,7888
,,,,,,21/05/2013,$30K - $50K,1,5,7793,8487
,,,,,,21/05/2013 Total,,1,5,7793,8487
,,,,,,01/10/2013,$50K - $70K,1,4,4009,12105
,,,,,,01/10/2013 Total,,1,4,4009,12105
,,,,,,11/11/2013,$50K - $70K,1,4,4009,13244
,,,,,,11/11/2013 Total,,1,4,4009,13244
,,,,,,16/11/2013,$110K - $130K,1,3,10002,13371
,,,,,,16/11/2013 Total,,1,3,10002,13371
,,,,,Mexico Total,,,6,26,33525,60271
,,,,Zacatecas Total,,,,6,26,33525,60271
,,,Hidalgo Total,,,,,6,26,33525,60271
,,,Los Angeles,CA,USA,18/03/2013,$50K - $70K,1,5,2278,6759
,,,,,,18/03/2013 Total,,1,5,2278,6759
,,,,,,23/06/2013,$110K - $130K,1,6,3951,9382
,,,,,,23/06/2013 Total,,1,6,3951,9382
,,,,,,08/08/2013,$30K - $50K,1,6,1389,10618
,,,,,,08/08/2013 Total,,1,6,1389,10618
,,,,,,29/11/2013,$30K - $50K,1,5,7523,13701
,,,,,,29/11/2013 Total,,1,5,7523,13701
,,,,,USA Total,,,4,22,15141,40460
,,,,CA Total,,,,4,22,15141,40460
,,,Los Angeles Total,,,,,4,22,15141,40460
,,,Merida,Yucatan,Mexico,14/02/2013,$50K - $70K,1,2,4477,5890
,,,,,,14/02/2013 Total,,1,2,4477,5890
,,,,,,02/05/2013,$30K - $50K,1,2,9480,7974
,,,,,,02/05/2013 Total,,1,2,9480,7974
,,,,,,13/05/2013,$30K - $50K,1,6,9480,8257
,,,,,,13/05/2013 Total,,1,6,9480,8257
,,,,,,19/10/2013,$30K - $50K,1,3,486,12575
,,,,,,19/10/2013 Total,,1,3,486,12575
,,,,,Mexico Total,,,4,13,23923,34696
,,,,Yucatan Total,,,,4,13,23923,34696
,,,Merida Total,,,,,4,13,23923,34696
,,,Mexico City,DF,Mexico,20/04/2013,$10K - $30K,1,5,6080,7624
,,,,,,20/04/2013 Total,,1,5,6080,7624
,,,,,Mexico Total,,,1,5,6080,7624
,,,,DF Total,,,,1,5,6080,7624
,,,Mexico City Total,,,,,1,5,6080,7624
,,,Orizaba,Veracruz,Mexico,21/05/2013,$10K - $30K,1,5,2063,8484
,,,,,,21/05/2013 Total,,1,5,2063,8484
,,,,,,07/07/2013,$70K - $90K,1,4,5981,9759
,,,,,,07/07/2013 Total,,1,4,5981,9759
,,,,,,04/08/2013,$30K - $50K,1,3,6081,10536
,,,,,,04/08/2013 Total,,1,3,6081,10536
,,,,,Mexico Total,,,3,12,14125,28779
,,,,Veracruz Total,,,,3,12,14125,28779
,,,Orizaba Total,,,,,3,12,14125,28779
,,,Portland,OR,USA,24/06/2013,$150K +,1,6,1587,9415
,,,,,,24/06/2013 Total,,1,6,1587,9415
,,,,,,28/07/2013,$10K - $30K,1,5,7204,10352
,,,,,,28/07/2013 Total,,1,5,7204,10352
,,,,,USA Total,,,2,11,8791,19767
,,,,OR Total,,,,2,11,8791,19767
,,,Portland Total,,,,,2,11,8791,19767
,,,Salem,OR,USA,26/07/2012,$70K - $90K,1,4,10176,2603
,,,,,,26/07/2012 Total,,1,4,10176,2603
,,,,,,29/08/2012,$10K - $30K,1,3,9491,3007
,,,,,,29/08/2012 Total,,1,3,9491,3007
,,,,,,13/01/2013,$30K - $50K,1,5,3302,5029
,,,,,,13/01/2013 Total,,1,5,3302,5029
,,,,,,14/01/2013,$50K - $70K,1,7,9929,5051
,,,,,,14/01/2013 Total,,1,7,9929,5051
,,,,,,23/04/2013,$10K - $30K,1,2,6698,7715
,,,,,,23/04/2013 Total,,1,2,6698,7715
,,,,,,24/10/2013,$10K - $30K,1,4,7373,12717
,,,,,,24/10/2013 Total,,1,4,7373,12717
,,,,,,28/10/2013,$70K - $90K,1,2,9554,12845
,,,,,,28/10/2013 Total,,1,2,9554,12845
,,,,,,01/11/2013,$90K - $110K,1,4,8901,12954
,,,,,,01/11/2013 Total,,1,4,8901,12954
,,,,,,09/12/2013,$30K - $50K,1,4,3728,13865
,,,,,,09/12/2013 Total,,1,4,3728,13865
,,,,,USA Total,,,9,35,69152,75786
,,,,OR Total,,,,9,35,69152,75786
,,,Salem Total,,,,,9,35,69152,75786
,,,San Andres,DF,Mexico,12/05/2013,$110K - $130K,1,3,6762,8239
,,,,,,12/05/2013 Total,,1,3,6762,8239
,,,,,,14/05/2013,$70K - $90K,1,3,9141,8285
,,,,,,14/05/2013 Total,,1,3,9141,8285
,,,,,,09/08/2013,$50K - $70K,1,3,2115,10657
,,,,,,09/08/2013 Total,,1,3,2115,10657
,,,,,,15/10/2013,$90K - $110K,1,3,2919,12477
,,,,,,15/10/2013 Total,,1,3,2919,12477
,,,,,,13/12/2013,$50K - $70K,1,4,7409,13939
,,,,,,13/12/2013 Total,,1,4,7409,13939
,,,,,Mexico Total,,,5,16,28346,53597
,,,,DF Total,,,,5,16,28346,53597
,,,San Andres Total,,,,,5,16,28346,53597
,,,San Diego,CA,USA,08/01/2012,$10K - $30K,1,4,6460,74
,,,,,,08/01/2012 Total,,1,4,6460,74
,,,,,,16/05/2013,$110K - $130K,1,3,4176,8342
,,,,,,16/05/2013 Total,,1,3,4176,8342
,,,,,,04/07/2013,$150K +,1,5,1209,9696
,,,,,,04/07/2013 Total,,1,5,1209,9696
,,,,,,07/11/2013,$50K - $70K,1,4,3111,13118
,,,,,,07/11/2013 Total,,1,4,3111,13118
,,,,,,08/11/2013,$30K - $50K,1,6,1157,13160
,,,,,,08/11/2013 Total,,1,6,1157,13160
,,,,,USA Total,,,5,22,16113,44390
,,,,CA Total,,,,5,22,16113,44390
,,,San Diego Total,,,,,5,22,16113,44390
,,,San Francisco,CA,USA,26/07/2012,$30K - $50K,1,1,492,2598
,,,,,,26/07/2012 Total,,1,1,492,2598
,,,,,USA Total,,,1,1,492,2598
,,,,CA Total,,,,1,1,492,2598
,,,San Francisco Total,,,,,1,1,492,2598
,,,Seattle,WA,USA,19/02/2012,$30K - $50K,1,3,6850,526
,,,,,,19/02/2012 Total,,1,3,6850,526
,,,,,,03/07/2012,$110K - $130K,1,3,4699,2318
,,,,,,03/07/2012 Total,,1,3,4699,2318
,,,,,,06/10/2012,$50K - $70K,1,5,4205,3479
,,,,,,06/10/2012 Total,,1,5,4205,3479
,,,,,,25/10/2012,$50K - $70K,1,5,9691,3701
,,,,,,25/10/2012 Total,,1,5,9691,3701
,,,,,,03/03/2013,$50K - $70K,1,4,4642,6374
,,,,,,03/03/2013 Total,,1,4,4642,6374
,,,,,,08/03/2013,$50K - $70K,1,5,3541,6491
,,,,,,08/03/2013 Total,,1,5,3541,6491
,,,,,,22/09/2013,$30K - $50K,1,3,8137,11843
,,,,,,22/09/2013 Total,,1,3,8137,11843
,,,,,,10/11/2013,$30K - $50K,1,2,1589,13219
,,,,,,10/11/2013 Total,,1,2,1589,13219
,,,,,USA Total,,,8,30,43354,47951
,,,,WA Total,,,,8,30,43354,47951
,,,Seattle Total,,,,,8,30,43354,47951
,,,Spokane,WA,USA,11/03/2012,$10K - $30K,1,3,6348,795
,,,,,,11/03/2012 Total,,1,3,6348,795
,,,,,,10/09/2012,$30K - $50K,1,3,4021,3155
,,,,,,10/09/2012 Total,,1,3,4021,3155
,,,,,,06/01/2013,$50K - $70K,1,5,2553,4848
,,,,,,06/01/2013 Total,,1,5,2553,4848
,,,,,,02/02/2013,$70K - $90K,1,5,2570,5535
,,,,,,02/02/2013 Total,,1,5,2570,5535
,,,,,,14/03/2013,$30K - $50K,1,3,4021,6648
,,,,,,14/03/2013 Total,,1,3,4021,6648
,,,,,,19/03/2013,$30K - $50K,1,4,5374,6779
,,,,,,19/03/2013 Total,,1,4,5374,6779
,,,,,,03/04/2013,$10K - $30K,1,6,6348,7188
,,,,,,03/04/2013 Total,,1,6,6348,7188
,,,,,,25/04/2013,$30K - $50K,1,7,7862,7772
,,,,,,25/04/2013 Total,,1,7,7862,7772
,,,,,,04/10/2013,$110K - $130K,1,6,6712,12182
,,,,,,04/10/2013 Total,,1,6,6712,12182
,,,,,USA Total,,,9,42,45809,54902
,,,,WA Total,,,,9,42,45809,54902
,,,Spokane Total,,,,,9,42,45809,54902
,,,Tacoma,WA,USA,12/05/2012,$110K - $130K,1,4,5590,1686
,,,,,,12/05/2012 Total,,1,4,5590,1686
,,,,,,21/06/2012,$30K - $50K,1,5,2742,2169
,,,,,,21/06/2012 Total,,1,5,2742,2169
,,,,,,16/07/2012,$10K - $30K,1,5,9937,2464
,,,,,,16/07/2012 Total,,1,5,9937,2464
,,,,,,04/11/2012,$10K - $30K,1,3,9309,3825
,,,,,,04/11/2012 Total,,1,3,9309,3825
,,,,,,15/11/2012,$10K - $30K,1,5,4552,3969
,,,,,,15/11/2012 Total,,1,5,4552,3969
,,,,,,19/11/2012,$10K - $30K,1,3,4552,4024
,,,,,,19/11/2012 Total,,1,3,4552,4024
,,,,,,30/11/2012,$110K - $130K,1,5,5590,4176
,,,,,,30/11/2012 Total,,1,5,5590,4176
,,,,,,16/01/2013,$30K - $50K,1,4,4204,5101
,,,,,,16/01/2013 Total,,1,4,4204,5101
,,,,,,03/03/2013,$110K - $130K,1,4,5303,6384
,,,,,,03/03/2013 Total,,1,4,5303,6384
,,,,,,09/03/2013,$10K - $30K,1,3,9309,6520
,,,,,,09/03/2013 Total,,1,3,9309,6520
,,,,,,27/03/2013,$30K - $50K,1,3,1744,6992
,,,,,,27/03/2013 Total,,1,3,1744,6992
,,,,,,10/07/2013,$30K - $50K,1,5,9837,9860
,,,,,,10/07/2013 Total,,1,5,9837,9860
,,,,,,16/09/2013,$70K - $90K,1,5,2594,11656
,,,,,,16/09/2013 Total,,1,5,2594,11656
,,,,,USA Total,,,13,54,75263,68826
,,,,WA Total,,,,13,54,75263,68826
,,,Tacoma Total,,,,,13,54,75263,68826
,,,Vancouver,BC,Canada,24/06/2013,$150K +,1,4,8573,9421
,,,,,,24/06/2013 Total,,1,4,8573,9421
,,,,,Canada Total,,,1,4,8573,9421
,,,,BC Total,,,,1,4,8573,9421
,,,Vancouver Total,,,,,1,4,8573,9421
,,,Victoria,BC,Canada,22/02/2013,$70K - $90K,1,4,8756,6121
,,,,,,22/02/2013 Total,,1,4,8756,6121
,,,,,,17/08/2013,$30K - $50K,1,2,2162,10892
,,,,,,17/08/2013 Total,,1,2,2162,10892
,,,,,Canada Total,,,2,6,10918,17013
,,,,BC Total,,,,2,6,10918,17013
,,,Victoria Total,,,,,2,6,10918,17013
,,,Walla Walla,WA,USA,09/10/2013,$70K - $90K,1,4,1140,12305
,,,,,,09/10/2013 Total,,1,4,1140,12305
,,,,,USA Total,,,1,4,1140,12305
,,,,WA Total,,,,1,4,1140,12305
,,,Walla Walla Total,,,,,1,4,1140,12305
,,,Yakima,WA,USA,30/01/2012,$10K - $30K,1,6,4070,270
,,,,,,30/01/2012 Total,,1,6,4070,270
,,,,,,05/04/2012,$110K - $130K,1,4,5002,1165
,,,,,,05/04/2012 Total,,1,4,5002,1165
,,,,,,10/04/2012,$70K - $90K,1,4,9134,1242
,,,,,,10/04/2012 Total,,1,4,9134,1242
,,,,,,29/09/2013,$110K - $130K,1,5,3725,12042
,,,,,,29/09/2013 Total,,1,5,3725,12042
,,,,,USA Total,,,4,19,21931,14719
,,,,WA Total,,,,4,19,21931,14719
,,,Yakima Total,,,,,4,19,21931,14719
,,M Total,,,,,,93,379,488183,697885
,,S,Acapulco,Guerrero,Mexico,10/04/2013,$10K - $30K,1,4,843,7365
,,,,,,10/04/2013 Total,,1,4,843,7365
,,,,,,24/04/2013,$10K - $30K,1,4,71,7761
,,,,,,24/04/2013 Total,,1,4,71,7761
,,,,,,28/04/2013,$50K - $70K,1,4,3138,7858
,,,,,,28/04/2013 Total,,1,4,3138,7858
,,,,,,29/05/2013,$50K - $70K,1,4,9984,8720
,,,,,,29/05/2013 Total,,1,4,9984,8720
,,,,,Mexico Total,,,4,16,14036,31704
,,,,Guerrero Total,,,,4,16,14036,31704
,,,Acapulco Total,,,,,4,16,14036,31704
,,,Bellingham,WA,USA,18/03/2012,$50K - $70K,1,1,7456,895
,,,,,,18/03/2012 Total,,1,1,7456,895
,,,,,USA Total,,,1,1,7456,895
,,,,WA Total,,,,1,1,7456,895
,,,Bellingham Total,,,,,1,1,7456,895
,,,Beverly Hills,CA,USA,12/01/2013,$130K - $150K,1,4,897,4995
,,,,,,12/01/2013 Total,,1,4,897,4995
,,,,,,28/07/2013,$30K - $50K,1,3,8753,10355
,,,,,,28/07/2013 Total,,1,3,8753,10355
,,,,,,24/11/2013,$30K - $50K,1,4,734,13588
,,,,,,24/11/2013 Total,,1,4,734,13588
,,,,,USA Total,,,3,11,10384,28938
,,,,CA Total,,,,3,11,10384,28938
,,,Beverly Hills Total,,,,,3,11,10384,28938
,,,Bremerton,WA,USA,31/01/2012,$10K - $30K,1,4,1005,286
,,,,,,31/01/2012 Total,,1,4,1005,286
,,,,,,09/03/2012,$30K - $50K,1,3,5158,758
,,,,,,09/03/2012 Total,,1,3,5158,758
,,,,,,14/04/2012,$10K - $30K,1,4,8003,1305
,,,,,,14/04/2012 Total,,1,4,8003,1305
,,,,,,04/09/2012,$130K - $150K,1,2,7384,3075
,,,,,,04/09/2012 Total,,1,2,7384,3075
,,,,,,02/10/2012,$10K - $30K,1,3,2850,3402
,,,,,,02/10/2012 Total,,1,3,2850,3402
,,,,,,28/10/2012,$30K - $50K,1,3,1979,3726
,,,,,,28/10/2012 Total,,1,3,1979,3726
,,,,,,03/06/2013,$70K - $90K,1,6,1124,8841
,,,,,,03/06/2013 Total,,1,6,1124,8841
,,,,,,17/08/2013,$50K - $70K,1,2,3941,10889
,,,,,,17/08/2013 Total,,1,2,3941,10889
,,,,,,15/09/2013,$10K - $30K,1,5,4096,11633
,,,,,,15/09/2013 Total,,1,5,4096,11633
,,,,,,10/11/2013,$10K - $30K,1,5,7153,13218
,,,,,,10/11/2013 Total,,1,5,7153,13218
,,,,,USA Total,,,10,37,42693,57133
,,,,WA Total,,,,10,37,42693,57133
,,,Bremerton Total,,,,,10,37,42693,57133
,,,Camacho,Zacatecas,Mexico,21/07/2013,$30K - $50K,2,9,13984,20368
,,,,,,21/07/2013 Total,,2,9,13984,20368
,,,,,,23/09/2013,$70K - $90K,1,5,3366,11883
,,,,,,23/09/2013 Total,,1,5,3366,11883
,,,,,Mexico Total,,,3,14,17350,32251
,,,,Zacatecas Total,,,,3,14,17350,32251
,,,Camacho Total,,,,,3,14,17350,32251
,,,Guadalajara,Jalisco,Mexico,19/01/2013,$10K - $30K,1,1,3721,5159
,,,,,,19/01/2013 Total,,1,1,3721,5159
,,,,,,02/04/2013,$10K - $30K,1,1,3247,7152
,,,,,,02/04/2013 Total,,1,1,3247,7152
,,,,,,08/06/2013,$10K - $30K,1,3,5755,9006
,,,,,,08/06/2013 Total,,1,3,5755,9006
,,,,,Mexico Total,,,3,5,12723,21317
,,,,Jalisco Total,,,,3,5,12723,21317
,,,Guadalajara Total,,,,,3,5,12723,21317
,,,Hidalgo,Zacatecas,Mexico,17/02/2013,$30K - $50K,1,4,4419,5961
,,,,,,17/02/2013 Total,,1,4,4419,5961
,,,,,,13/10/2013,$30K - $50K,1,3,2528,12433
,,,,,,13/10/2013 Total,,1,3,2528,12433
,,,,,,28/10/2013,$30K - $50K,1,4,1770,12836
,,,,,,28/10/2013 Total,,1,4,1770,12836
,,,,,Mexico Total,,,3,11,8717,31230
,,,,Zacatecas Total,,,,3,11,8717,31230
,,,Hidalgo Total,,,,,3,11,8717,31230
,,,Los Angeles,CA,USA,20/06/2012,$30K - $50K,1,4,9075,2149
,,,,,,20/06/2012 Total,,1,4,9075,2149
,,,,,,13/11/2012,$30K - $50K,1,2,3663,3928
,,,,,,13/11/2012 Total,,1,2,3663,3928
,,,,,,25/12/2012,$50K - $70K,1,4,9998,4590
,,,,,,25/12/2012 Total,,1,4,9998,4590
,,,,,,07/02/2013,$30K - $50K,1,7,4337,5686
,,,,,,07/02/2013 Total,,1,7,4337,5686
,,,,,,19/03/2013,$70K - $90K,1,3,7127,6805
,,,,,,19/03/2013 Total,,1,3,7127,6805
,,,,,,21/09/2013,$10K - $30K,1,7,3039,11809
,,,,,,21/09/2013 Total,,1,7,3039,11809
,,,,,,20/10/2013,$30K - $50K,1,2,5589,12592
,,,,,,20/10/2013 Total,,1,2,5589,12592
,,,,,,02/12/2013,$50K - $70K,1,4,6289,13759
,,,,,,02/12/2013 Total,,1,4,6289,13759
,,,,,USA Total,,,8,33,49117,61318
,,,,CA Total,,,,8,33,49117,61318
,,,Los Angeles Total,,,,,8,33,49117,61318
,,,Merida,Yucatan,Mexico,07/03/2013,$30K - $50K,1,4,6034,6466
,,,,,,07/03/2013 Total,,1,4,6034,6466
,,,,,,03/06/2013,$30K - $50K,1,3,6034,8860
,,,,,,03/06/2013 Total,,1,3,6034,8860
,,,,,,22/06/2013,$10K - $30K,1,6,8204,9373
,,,,,,22/06/2013 Total,,1,6,8204,9373
,,,,,,04/07/2013,$70K - $90K,1,3,8870,9691
,,,,,,04/07/2013 Total,,1,3,8870,9691
,,,,,,15/09/2013,$150K +,1,5,3125,11654
,,,,,,15/09/2013 Total,,1,5,3125,11654
,,,,,,30/10/2013,$10K - $30K,1,3,6464,12896
,,,,,,30/10/2013 Total,,1,3,6464,12896
,,,,,Mexico Total,,,6,24,38731,58940
,,,,Yucatan Total,,,,6,24,38731,58940
,,,Merida Total,,,,,6,24,38731,58940
,,,Mexico City,DF,Mexico,06/04/2013,$30K - $50K,1,5,3961,7267
,,,,,,06/04/2013 Total,,1,5,3961,7267
,,,,,,12/06/2013,$130K - $150K,1,3,7598,9094
,,,,,,12/06/2013 Total,,1,3,7598,9094
,,,,,Mexico Total,,,2,8,11559,16361
,,,,DF Total,,,,2,8,11559,16361
,,,Mexico City Total,,,,,2,8,11559,16361
,,,Orizaba,Veracruz,Mexico,04/03/2013,$30K - $50K,1,5,8203,6398
,,,,,,04/03/2013 Total,,1,5,8203,6398
,,,,,Mexico Total,,,1,5,8203,6398
,,,,Veracruz Total,,,,1,5,8203,6398
,,,Orizaba Total,,,,,1,5,8203,6398
,,,Portland,OR,USA,26/05/2012,$50K - $70K,1,4,9419,1866
,,,,,,26/05/2012 Total,,1,4,9419,1866
,,,,,,03/06/2012,$10K - $30K,1,4,5875,1973
,,,,,,03/06/2012 Total,,1,4,5875,1973
,,,,,,02/02/2013,$50K - $70K,1,4,5791,5554
,,,,,,02/02/2013 Total,,1,4,5791,5554
,,,,,,24/02/2013,$50K - $70K,1,4,376,6181
,,,,,,24/02/2013 Total,,1,4,376,6181
,,,,,,27/06/2013,$10K - $30K,1,3,7362,9497
,,,,,,27/06/2013 Total,,1,3,7362,9497
,,,,,,26/08/2013,$70K - $90K,1,2,1547,11101
,,,,,,26/08/2013 Total,,1,2,1547,11101
,,,,,,19/10/2013,$10K - $30K,1,6,3435,12560
,,,,,,19/10/2013 Total,,1,6,3435,12560
,,,,,,05/12/2013,$30K - $50K,1,5,250,13830
,,,,,,05/12/2013 Total,,1,5,250,13830
,,,,,USA Total,,,8,32,34055,62562
,,,,OR Total,,,,8,32,34055,62562
,,,Portland Total,,,,,8,32,34055,62562
,,,Salem,OR,USA,09/02/2012,$50K - $70K,1,2,1196,407
,,,,,,09/02/2012 Total,,1,2,1196,407
,,,,,,10/03/2012,$10K - $30K,1,6,7733,780
,,,,,,10/03/2012 Total,,1,6,7733,780
,,,,,,23/03/2012,$30K - $50K,1,3,8410,974
,,,,,,23/03/2012 Total,,1,3,8410,974
,,,,,,06/05/2012,$30K - $50K,1,3,5329,1614
,,,,,,06/05/2012 Total,,1,3,5329,1614
,,,,,,16/05/2012,$70K - $90K,1,4,8921,1741
,,,,,,16/05/2012 Total,,1,4,8921,1741
,,,,,,16/09/2012,$50K - $70K,1,3,5782,3225
,,,,,,16/09/2012 Total,,1,3,5782,3225
,,,,,,05/10/2012,$30K - $50K,1,5,7203,3454
,,,,,,05/10/2012 Total,,1,5,7203,3454
,,,,,,28/11/2012,$30K - $50K,1,5,274,4150
,,,,,,28/11/2012 Total,,1,5,274,4150
,,,,,,28/01/2013,$110K - $130K,1,5,5610,5393
,,,,,,28/01/2013 Total,,1,5,5610,5393
,,,,,,20/02/2013,$30K - $50K,1,5,7496,6048
,,,,,,20/02/2013 Total,,1,5,7496,6048
,,,,,,30/05/2013,$30K - $50K,1,3,4556,8735
,,,,,,30/05/2013 Total,,1,3,4556,8735
,,,,,,22/10/2013,$30K - $50K,1,4,274,12671
,,,,,,22/10/2013 Total,,1,4,274,12671
,,,,,,25/12/2013,$30K - $50K,1,6,8843,14037
,,,,,,25/12/2013 Total,,1,6,8843,14037
,,,,,USA Total,,,13,54,71627,63229
,,,,OR Total,,,,13,54,71627,63229
,,,Salem Total,,,,,13,54,71627,63229
,,,San Andres,DF,Mexico,25/01/2013,$50K - $70K,1,5,9189,5329
,,,,,,25/01/2013 Total,,1,5,9189,5329
,,,,,,28/03/2013,$30K - $50K,1,5,6608,7031
,,,,,,28/03/2013 Total,,1,5,6608,7031
,,,,,,04/04/2013,$30K - $50K,1,4,875,7217
,,,,,,04/04/2013 Total,,1,4,875,7217
,,,,,Mexico Total,,,3,14,16672,19577
,,,,DF Total,,,,3,14,16672,19577
,,,San Andres Total,,,,,3,14,16672,19577
,,,San Diego,CA,USA,17/05/2012,$50K - $70K,1,4,8451,1749
,,,,,,17/05/2012 Total,,1,4,8451,1749
,,,,,,03/10/2012,$70K - $90K,1,5,4041,3425
,,,,,,03/10/2012 Total,,1,5,4041,3425
,,,,,,08/10/2012,$30K - $50K,1,2,2460,3506
,,,,,,08/10/2012 Total,,1,2,2460,3506
,,,,,,22/04/2013,$50K - $70K,1,5,3561,7680
,,,,,,22/04/2013 Total,,1,5,3561,7680
,,,,,,23/04/2013,$50K - $70K,1,3,6572,7707
,,,,,,23/04/2013 Total,,1,3,6572,7707
,,,,,,13/10/2013,$10K - $30K,1,5,1397,12420
,,,,,,13/10/2013 Total,,1,5,1397,12420
,,,,,USA Total,,,6,24,26482,36487
,,,,CA Total,,,,6,24,26482,36487
,,,San Diego Total,,,,,6,24,26482,36487
,,,San Francisco,CA,USA,20/08/2012,$10K - $30K,1,1,6504,2909
,,,,,,20/08/2012 Total,,1,1,6504,2909
,,,,,USA Total,,,1,1,6504,2909
,,,,CA Total,,,,1,1,6504,2909
,,,San Francisco Total,,,,,1,1,6504,2909
,,,Seattle,WA,USA,05/03/2012,$30K - $50K,1,4,9417,701
,,,,,,05/03/2012 Total,,1,4,9417,701
,,,,,,21/05/2012,$30K - $50K,1,3,7830,1809
,,,,,,21/05/2012 Total,,1,3,7830,1809
,,,,,,30/05/2013,$10K - $30K,1,3,3048,8741
,,,,,,30/05/2013 Total,,1,3,3048,8741
,,,,,,29/09/2013,$30K - $50K,1,4,6505,12045
,,,,,,29/09/2013 Total,,1,4,6505,12045
,,,,,USA Total,,,4,14,26800,23296
,,,,WA Total,,,,4,14,26800,23296
,,,Seattle Total,,,,,4,14,26800,23296
,,,Spokane,WA,USA,15/05/2012,$10K - $30K,1,5,2019,1727
,,,,,,15/05/2012 Total,,1,5,2019,1727
,,,,,,04/08/2012,$30K - $50K,1,5,4397,2705
,,,,,,04/08/2012 Total,,1,5,4397,2705
,,,,,,01/04/2013,$30K - $50K,1,3,5542,7142
,,,,,,01/04/2013 Total,,1,3,5542,7142
,,,,,,10/05/2013,$30K - $50K,1,4,5542,8209
,,,,,,10/05/2013 Total,,1,4,5542,8209
,,,,,,13/05/2013,$10K - $30K,1,6,7502,8279
,,,,,,13/05/2013 Total,,1,6,7502,8279
,,,,,USA Total,,,5,23,25002,28062
,,,,WA Total,,,,5,23,25002,28062
,,,Spokane Total,,,,,5,23,25002,28062
,,,Tacoma,WA,USA,05/05/2012,$10K - $30K,1,3,5038,1598
,,,,,,05/05/2012 Total,,1,3,5038,1598
,,,,,,18/06/2012,$50K - $70K,1,5,4118,2132
,,,,,,18/06/2012 Total,,1,5,4118,2132
,,,,,,15/10/2012,$10K - $30K,1,2,2143,3588
,,,,,,15/10/2012 Total,,1,2,2143,3588
,,,,,,11/03/2013,$30K - $50K,1,3,4846,6584
,,,,,,11/03/2013 Total,,1,3,4846,6584
,,,,,,02/08/2013,$10K - $30K,1,5,5877,10491
,,,,,,02/08/2013 Total,,1,5,5877,10491
,,,,,,26/11/2013,$30K - $50K,1,3,4670,13618
,,,,,,26/11/2013 Total,,1,3,4670,13618
,,,,,USA Total,,,6,21,26692,38011
,,,,WA Total,,,,6,21,26692,38011
,,,Tacoma Total,,,,,6,21,26692,38011
,,,Vancouver,BC,Canada,27/02/2013,$30K - $50K,1,3,3881,6269
,,,,,,27/02/2013 Total,,1,3,3881,6269
,,,,,,19/03/2013,$30K - $50K,1,2,2492,6784
,,,,,,19/03/2013 Total,,1,2,2492,6784
,,,,,,20/04/2013,$10K - $30K,1,4,7848,7648
,,,,,,20/04/2013 Total,,1,4,7848,7648
,,,,,,05/07/2013,$10K - $30K,1,3,933,9714
,,,,,,05/07/2013 Total,,1,3,933,9714
,,,,,,27/12/2013,$70K - $90K,1,5,6782,14047
,,,,,,27/12/2013 Total,,1,5,6782,14047
,,,,,Canada Total,,,5,17,21936,44462
,,,,BC Total,,,,5,17,21936,44462
,,,Vancouver Total,,,,,5,17,21936,44462
,,,Walla Walla,WA,USA,08/11/2012,$130K - $150K,1,2,1696,3889
,,,,,,08/11/2012 Total,,1,2,1696,3889
,,,,,,28/09/2013,$130K - $150K,1,3,1696,12026
,,,,,,28/09/2013 Total,,1,3,1696,12026
,,,,,USA Total,,,2,5,3392,15915
,,,,WA Total,,,,2,5,3392,15915
,,,Walla Walla Total,,,,,2,5,3392,15915
,,,Yakima,WA,USA,09/03/2012,$30K - $50K,1,5,5353,767
,,,,,,09/03/2012 Total,,1,5,5353,767
,,,,,,27/11/2012,$30K - $50K,1,4,9176,4138
,,,,,,27/11/2012 Total,,1,4,9176,4138
,,,,,,24/12/2012,$30K - $50K,1,5,4610,4577
,,,,,,24/12/2012 Total,,1,5,4610,4577
,,,,,,15/05/2013,$70K - $90K,1,5,9498,8322
,,,,,,15/05/2013 Total,,1,5,9498,8322
,,,,,USA Total,,,4,19,28637,17804
,,,,WA Total,,,,4,19,28637,17804
,,,Yakima Total,,,,,4,19,28637,17804
,,S Total,,,,,,101,389,508768,698799
,M Total,,,,,,,194,768,996951,1396684
Canned Soup Total,,,,,,,,404,1620,2035707,2940192
Canned Tuna,F,M,Beverly Hills,CA,USA,09/10/2013,$110K - $130K,1,4,7808,12314
,,,,,,09/10/2013 Total,,1,4,7808,12314
,,,,,USA Total,,,1,4,7808,12314
,,,,CA Total,,,,1,4,7808,12314
,,,Beverly Hills Total,,,,,1,4,7808,12314
,,,Camacho,Zacatecas,Mexico,09/08/2013,$50K - $70K,1,3,8497,10659
,,,,,,09/08/2013 Total,,1,3,8497,10659
,,,,,Mexico Total,,,1,3,8497,10659
,,,,Zacatecas Total,,,,1,3,8497,10659
,,,Camacho Total,,,,,1,3,8497,10659
,,,Hidalgo,Zacatecas,Mexico,29/03/2013,$70K - $90K,1,2,7977,7034
,,,,,,29/03/2013 Total,,1,2,7977,7034
,,,,,,20/07/2013,$50K - $70K,1,2,4780,10162
,,,,,,20/07/2013 Total,,1,2,4780,10162
,,,,,,25/10/2013,$30K - $50K,1,5,1871,12749
,,,,,,25/10/2013 Total,,1,5,1871,12749
,,,,,Mexico Total,,,3,9,14628,29945
,,,,Zacatecas Total,,,,3,9,14628,29945
,,,Hidalgo Total,,,,,3,9,14628,29945
,,,Los Angeles,CA,USA,11/06/2013,$30K - $50K,1,5,2779,9057
,,,,,,11/06/2013 Total,,1,5,2779,9057
,,,,,,10/09/2013,$50K - $70K,1,3,364,11498
,,,,,,10/09/2013 Total,,1,3,364,11498
,,,,,USA Total,,,2,8,3143,20555
,,,,CA Total,,,,2,8,3143,20555
,,,Los Angeles Total,,,,,2,8,3143,20555
,,,Merida,Yucatan,Mexico,19/02/2013,$130K - $150K,1,6,8775,6017
,,,,,,19/02/2013 Total,,1,6,8775,6017
,,,,,,05/04/2013,$30K - $50K,1,5,2500,7230
,,,,,,05/04/2013 Total,,1,5,2500,7230
,,,,,,01/07/2013,$10K - $30K,1,4,4761,9608
,,,,,,01/07/2013 Total,,1,4,4761,9608
,,,,,Mexico Total,,,3,15,16036,22855
,,,,Yucatan Total,,,,3,15,16036,22855
,,,Merida Total,,,,,3,15,16036,22855
,,,Mexico City,DF,Mexico,21/05/2013,$30K - $50K,1,3,1017,8495
,,,,,,21/05/2013 Total,,1,3,1017,8495
,,,,,Mexico Total,,,1,3,1017,8495
,,,,DF Total,,,,1,3,1017,8495
,,,Mexico City Total,,,,,1,3,1017,8495
,,,Portland,OR,USA,02/04/2012,$30K - $50K,1,5,7930,1126
,,,,,,02/04/2012 Total,,1,5,7930,1126
,,,,,USA Total,,,1,5,7930,1126
,,,,OR Total,,,,1,5,7930,1126
,,,Portland Total,,,,,1,5,7930,1126
,,,Salem,OR,USA,16/01/2012,$90K - $110K,1,5,484,130
,,,,,,16/01/2012 Total,,1,5,484,130
,,,,,,16/02/2012,$130K - $150K,1,3,6997,481
,,,,,,16/02/2012 Total,,1,3,6997,481
,,,,,,05/05/2012,$30K - $50K,1,2,3388,1592
,,,,,,05/05/2012 Total,,1,2,3388,1592
,,,,,,25/03/2013,$90K - $110K,1,5,644,6939
,,,,,,25/03/2013 Total,,1,5,644,6939
,,,,,USA Total,,,4,15,11513,9142
,,,,OR Total,,,,4,15,11513,9142
,,,Salem Total,,,,,4,15,11513,9142
,,,San Diego,CA,USA,17/05/2012,$50K - $70K,1,3,4288,1754
,,,,,,17/05/2012 Total,,1,3,4288,1754
,,,,,,11/10/2012,$10K - $30K,1,4,198,3542
,,,,,,11/10/2012 Total,,1,4,198,3542
,,,,,USA Total,,,2,7,4486,5296
,,,,CA Total,,,,2,7,4486,5296
,,,San Diego Total,,,,,2,7,4486,5296
,,,Seattle,WA,USA,01/07/2013,$50K - $70K,1,4,5745,9595
,,,,,,01/07/2013 Total,,1,4,5745,9595
,,,,,USA Total,,,1,4,5745,9595
,,,,WA Total,,,,1,4,5745,9595
,,,Seattle Total,,,,,1,4,5745,9595
,,,Spokane,WA,USA,23/01/2012,$30K - $50K,1,3,9263,205
,,,,,,23/01/2012 Total,,1,3,9263,205
,,,,,,11/06/2012,$50K - $70K,1,5,9797,2056
,,,,,,11/06/2012 Total,,1,5,9797,2056
,,,,,USA Total,,,2,8,19060,2261
,,,,WA Total,,,,2,8,19060,2261
,,,Spokane Total,,,,,2,8,19060,2261
,,,Tacoma,WA,USA,12/09/2012,$50K - $70K,1,5,7607,3178
,,,,,,12/09/2012 Total,,1,5,7607,3178
,,,,,,17/11/2013,$50K - $70K,1,5,8717,13423
,,,,,,17/11/2013 Total,,1,5,8717,13423
,,,,,USA Total,,,2,10,16324,16601
,,,,WA Total,,,,2,10,16324,16601
,,,Tacoma Total,,,,,2,10,16324,16601
,,,Vancouver,BC,Canada,25/01/2013,$70K - $90K,1,5,5659,5321
,,,,,,25/01/2013 Total,,1,5,5659,5321
,,,,,Canada Total,,,1,5,5659,5321
,,,,BC Total,,,,1,5,5659,5321
,,,Vancouver Total,,,,,1,5,5659,5321
,,,Victoria,BC,Canada,25/02/2013,$10K - $30K,1,4,3278,6216
,,,,,,25/02/2013 Total,,1,4,3278,6216
,,,,,Canada Total,,,1,4,3278,6216
,,,,BC Total,,,,1,4,3278,6216
,,,Victoria Total,,,,,1,4,3278,6216
,,M Total,,,,,,25,100,125124,160381
,,S,Acapulco,Guerrero,Mexico,13/12/2013,$10K - $30K,1,3,8121,13931
,,,,,,13/12/2013 Total,,1,3,8121,13931
,,,,,Mexico Total,,,1,3,8121,13931
,,,,Guerrero Total,,,,1,3,8121,13931
,,,Acapulco Total,,,,,1,3,8121,13931
,,,Beverly Hills,CA,USA,05/10/2012,$10K - $30K,1,3,8684,3456
,,,,,,05/10/2012 Total,,1,3,8684,3456
,,,,,,09/04/2013,$30K - $50K,1,6,5401,7352
,,,,,,09/04/2013 Total,,1,6,5401,7352
,,,,,USA Total,,,2,9,14085,10808
,,,,CA Total,,,,2,9,14085,10808
,,,Beverly Hills Total,,,,,2,9,14085,10808
,,,Bremerton,WA,USA,17/04/2013,$30K - $50K,1,5,1070,7542
,,,,,,17/04/2013 Total,,1,5,1070,7542
,,,,,,15/05/2013,$50K - $70K,1,4,6367,8324
,,,,,,15/05/2013 Total,,1,4,6367,8324
,,,,,USA Total,,,2,9,7437,15866
,,,,WA Total,,,,2,9,7437,15866
,,,Bremerton Total,,,,,2,9,7437,15866
,,,Hidalgo,Zacatecas,Mexico,28/01/2013,$50K - $70K,1,4,7633,5394
,,,,,,28/01/2013 Total,,1,4,7633,5394
,,,,,,13/04/2013,$30K - $50K,1,5,272,7442
,,,,,,13/04/2013 Total,,1,5,272,7442
,,,,,,23/08/2013,$50K - $70K,1,4,1972,11037
,,,,,,23/08/2013 Total,,1,4,1972,11037
,,,,,Mexico Total,,,3,13,9877,23873
,,,,Zacatecas Total,,,,3,13,9877,23873
,,,Hidalgo Total,,,,,3,13,9877,23873
,,,Los Angeles,CA,USA,07/05/2012,$10K - $30K,1,4,9275,1626
,,,,,,07/05/2012 Total,,1,4,9275,1626
,,,,,,11/09/2013,$70K - $90K,1,5,3485,11523
,,,,,,11/09/2013 Total,,1,5,3485,11523
,,,,,USA Total,,,2,9,12760,13149
,,,,CA Total,,,,2,9,12760,13149
,,,Los Angeles Total,,,,,2,9,12760,13149
,,,Merida,Yucatan,Mexico,11/02/2013,$30K - $50K,1,6,5512,5798
,,,,,,11/02/2013 Total,,1,6,5512,5798
,,,,,,04/03/2013,$70K - $90K,1,5,5881,6392
,,,,,,04/03/2013 Total,,1,5,5881,6392
,,,,,Mexico Total,,,2,11,11393,12190
,,,,Yucatan Total,,,,2,11,11393,12190
,,,Merida Total,,,,,2,11,11393,12190
,,,Mexico City,DF,Mexico,24/04/2013,$30K - $50K,1,4,1406,7752
,,,,,,24/04/2013 Total,,1,4,1406,7752
,,,,,Mexico Total,,,1,4,1406,7752
,,,,DF Total,,,,1,4,1406,7752
,,,Mexico City Total,,,,,1,4,1406,7752
,,,Orizaba,Veracruz,Mexico,21/09/2013,$50K - $70K,1,4,3761,11799
,,,,,,21/09/2013 Total,,1,4,3761,11799
,,,,,Mexico Total,,,1,4,3761,11799
,,,,Veracruz Total,,,,1,4,3761,11799
,,,Orizaba Total,,,,,1,4,3761,11799
,,,Portland,OR,USA,11/12/2012,$130K - $150K,1,2,9801,4364
,,,,,,11/12/2012 Total,,1,2,9801,4364
,,,,,USA Total,,,1,2,9801,4364
,,,,OR Total,,,,1,2,9801,4364
,,,Portland Total,,,,,1,2,9801,4364
,,,Salem,OR,USA,11/01/2012,$90K - $110K,1,5,1193,88
,,,,,,11/01/2012 Total,,1,5,1193,88
,,,,,,07/03/2012,$150K +,1,5,10118,736
,,,,,,07/03/2012 Total,,1,5,10118,736
,,,,,,11/03/2012,$10K - $30K,1,4,7149,791
,,,,,,11/03/2012 Total,,1,4,7149,791
,,,,,,29/05/2012,$30K - $50K,1,3,3977,1899
,,,,,,29/05/2012 Total,,1,3,3977,1899
,,,,,,18/08/2012,$30K - $50K,1,3,8098,2878
,,,,,,18/08/2012 Total,,1,3,8098,2878
,,,,,,28/09/2012,$70K - $90K,1,6,2444,3351
,,,,,,28/09/2012 Total,,1,6,2444,3351
,,,,,USA Total,,,6,26,32979,9743
,,,,OR Total,,,,6,26,32979,9743
,,,Salem Total,,,,,6,26,32979,9743
,,,San Andres,DF,Mexico,21/01/2013,$70K - $90K,1,4,52,5227
,,,,,,21/01/2013 Total,,1,4,52,5227
,,,,,,23/02/2013,$30K - $50K,1,6,2743,6148
,,,,,,23/02/2013 Total,,1,6,2743,6148
,,,,,Mexico Total,,,2,10,2795,11375
,,,,DF Total,,,,2,10,2795,11375
,,,San Andres Total,,,,,2,10,2795,11375
,,,San Francisco,CA,USA,22/07/2012,$130K - $150K,1,4,887,2543
,,,,,,22/07/2012 Total,,1,4,887,2543
,,,,,USA Total,,,1,4,887,2543
,,,,CA Total,,,,1,4,887,2543
,,,San Francisco Total,,,,,1,4,887,2543
,,,Spokane,WA,USA,01/03/2012,$130K - $150K,1,5,6113,647
,,,,,,01/03/2012 Total,,1,5,6113,647
,,,,,,03/05/2013,$90K - $110K,1,5,7072,7987
,,,,,,03/05/2013 Total,,1,5,7072,7987
,,,,,USA Total,,,2,10,13185,8634
,,,,WA Total,,,,2,10,13185,8634
,,,Spokane Total,,,,,2,10,13185,8634
,,,Victoria,BC,Canada,22/06/2013,$30K - $50K,1,4,8341,9360
,,,,,,22/06/2013 Total,,1,4,8341,9360
,,,,,Canada Total,,,1,4,8341,9360
,,,,BC Total,,,,1,4,8341,9360
,,,Victoria Total,,,,,1,4,8341,9360
,,,Yakima,WA,USA,20/09/2013,$30K - $50K,1,5,8945,11787
,,,,,,20/09/2013 Total,,1,5,8945,11787
,,,,,USA Total,,,1,5,8945,11787
,,,,WA Total,,,,1,5,8945,11787
,,,Yakima Total,,,,,1,5,8945,11787
,,S Total,,,,,,28,123,145773,167174
,F Total,,,,,,,53,223,270897,327555
,M,M,Camacho,Zacatecas,Mexico,29/01/2013,$30K - $50K,1,3,5927,5423
,,,,,,29/01/2013 Total,,1,3,5927,5423
,,,,,Mexico Total,,,1,3,5927,5423
,,,,Zacatecas Total,,,,1,3,5927,5423
,,,Camacho Total,,,,,1,3,5927,5423
,,,Los Angeles,CA,USA,01/04/2012,$30K - $50K,1,5,5824,1112
,,,,,,01/04/2012 Total,,1,5,5824,1112
,,,,,USA Total,,,1,5,5824,1112
,,,,CA Total,,,,1,5,5824,1112
,,,Los Angeles Total,,,,,1,5,5824,1112
,,,Mexico City,DF,Mexico,06/06/2013,$90K - $110K,1,4,6780,8923
,,,,,,06/06/2013 Total,,1,4,6780,8923
,,,,,Mexico Total,,,1,4,6780,8923
,,,,DF Total,,,,1,4,6780,8923
,,,Mexico City Total,,,,,1,4,6780,8923
,,,Portland,OR,USA,20/08/2012,$70K - $90K,1,6,5724,2899
,,,,,,20/08/2012 Total,,1,6,5724,2899
,,,,,USA Total,,,1,6,5724,2899
,,,,OR Total,,,,1,6,5724,2899
,,,Portland Total,,,,,1,6,5724,2899
,,,San Andres,DF,Mexico,26/04/2013,$30K - $50K,1,4,2990,7793
,,,,,,26/04/2013 Total,,1,4,2990,7793
,,,,,Mexico Total,,,1,4,2990,7793
,,,,DF Total,,,,1,4,2990,7793
,,,San Andres Total,,,,,1,4,2990,7793
,,,San Diego,CA,USA,01/11/2013,$50K - $70K,1,2,9306,12962
,,,,,,01/11/2013 Total,,1,2,9306,12962
,,,,,USA Total,,,1,2,9306,12962
,,,,CA Total,,,,1,2,9306,12962
,,,San Diego Total,,,,,1,2,9306,12962
,,,Seattle,WA,USA,27/08/2012,$10K - $30K,1,3,9920,2991
,,,,,,27/08/2012 Total,,1,3,9920,2991
,,,,,,18/02/2013,$10K - $30K,1,4,698,5994
,,,,,,18/02/2013 Total,,1,4,698,5994
,,,,,USA Total,,,2,7,10618,8985
,,,,WA Total,,,,2,7,10618,8985
,,,Seattle Total,,,,,2,7,10618,8985
,,,Spokane,WA,USA,18/04/2012,$30K - $50K,1,6,9631,1356
,,,,,,18/04/2012 Total,,1,6,9631,1356
,,,,,USA Total,,,1,6,9631,1356
,,,,WA Total,,,,1,6,9631,1356
,,,Spokane Total,,,,,1,6,9631,1356
,,,Tacoma,WA,USA,22/07/2013,$10K - $30K,1,2,7813,10219
,,,,,,22/07/2013 Total,,1,2,7813,10219
,,,,,USA Total,,,1,2,7813,10219
,,,,WA Total,,,,1,2,7813,10219
,,,Tacoma Total,,,,,1,2,7813,10219
,,,Vancouver,BC,Canada,19/01/2013,$30K - $50K,1,3,1068,5164
,,,,,,19/01/2013 Total,,1,3,1068,5164
,,,,,Canada Total,,,1,3,1068,5164
,,,,BC Total,,,,1,3,1068,5164
,,,Vancouver Total,,,,,1,3,1068,5164
,,,Yakima,WA,USA,11/09/2012,$50K - $70K,1,4,4567,3168
,,,,,,11/09/2012 Total,,1,4,4567,3168
,,,,,USA Total,,,1,4,4567,3168
,,,,WA Total,,,,1,4,4567,3168
,,,Yakima Total,,,,,1,4,4567,3168
,,M Total,,,,,,12,46,70248,68004
,,S,Bellingham,WA,USA,26/12/2011,$70K - $90K,1,4,2741,13
,,,,,,26/12/2011 Total,,1,4,2741,13
,,,,,USA Total,,,1,4,2741,13
,,,,WA Total,,,,1,4,2741,13
,,,Bellingham Total,,,,,1,4,2741,13
,,,Beverly Hills,CA,USA,14/04/2012,$110K - $130K,1,5,3345,1297
,,,,,,14/04/2012 Total,,1,5,3345,1297
,,,,,,03/06/2012,$50K - $70K,1,2,9686,1966
,,,,,,03/06/2012 Total,,1,2,9686,1966
,,,,,USA Total,,,2,7,13031,3263
,,,,CA Total,,,,2,7,13031,3263
,,,Beverly Hills Total,,,,,2,7,13031,3263
,,,Bremerton,WA,USA,15/01/2012,$30K - $50K,1,5,2924,115
,,,,,,15/01/2012 Total,,1,5,2924,115
,,,,,,03/06/2012,$30K - $50K,1,6,3693,1968
,,,,,,03/06/2012 Total,,1,6,3693,1968
,,,,,USA Total,,,2,11,6617,2083
,,,,WA Total,,,,2,11,6617,2083
,,,Bremerton Total,,,,,2,11,6617,2083
,,,Camacho,Zacatecas,Mexico,05/03/2013,$50K - $70K,1,4,8846,6418
,,,,,,05/03/2013 Total,,1,4,8846,6418
,,,,,Mexico Total,,,1,4,8846,6418
,,,,Zacatecas Total,,,,1,4,8846,6418
,,,Camacho Total,,,,,1,4,8846,6418
,,,Guadalajara,Jalisco,Mexico,31/03/2013,$50K - $70K,1,2,9378,7100
,,,,,,31/03/2013 Total,,1,2,9378,7100
,,,,,Mexico Total,,,1,2,9378,7100
,,,,Jalisco Total,,,,1,2,9378,7100
,,,Guadalajara Total,,,,,1,2,9378,7100
,,,Hidalgo,Zacatecas,Mexico,25/02/2013,$10K - $30K,1,5,2510,6200
,,,,,,25/02/2013 Total,,1,5,2510,6200
,,,,,Mexico Total,,,1,5,2510,6200
,,,,Zacatecas Total,,,,1,5,2510,6200
,,,Hidalgo Total,,,,,1,5,2510,6200
,,,Los Angeles,CA,USA,24/10/2012,$50K - $70K,1,4,1605,3680
,,,,,,24/10/2012 Total,,1,4,1605,3680
,,,,,,15/07/2013,$70K - $90K,1,3,4884,9999
,,,,,,15/07/2013 Total,,1,3,4884,9999
,,,,,USA Total,,,2,7,6489,13679
,,,,CA Total,,,,2,7,6489,13679
,,,Los Angeles Total,,,,,2,7,6489,13679
,,,Merida,Yucatan,Mexico,17/07/2013,$150K +,1,5,3125,10056
,,,,,,17/07/2013 Total,,1,5,3125,10056
,,,,,Mexico Total,,,1,5,3125,10056
,,,,Yucatan Total,,,,1,5,3125,10056
,,,Merida Total,,,,,1,5,3125,10056
,,,Orizaba,Veracruz,Mexico,01/11/2013,$110K - $130K,1,5,8952,12960
,,,,,,01/11/2013 Total,,1,5,8952,12960
,,,,,Mexico Total,,,1,5,8952,12960
,,,,Veracruz Total,,,,1,5,8952,12960
,,,Orizaba Total,,,,,1,5,8952,12960
,,,Salem,OR,USA,30/11/2012,$30K - $50K,1,3,6352,4181
,,,,,,30/11/2012 Total,,1,3,6352,4181
,,,,,,22/12/2012,$30K - $50K,1,5,7534,4540
,,,,,,22/12/2012 Total,,1,5,7534,4540
,,,,,,22/03/2013,$50K - $70K,1,5,9125,6851
,,,,,,22/03/2013 Total,,1,5,9125,6851
,,,,,USA Total,,,3,13,23011,15572
,,,,OR Total,,,,3,13,23011,15572
,,,Salem Total,,,,,3,13,23011,15572
,,,San Andres,DF,Mexico,08/05/2013,$30K - $50K,1,5,732,8136
,,,,,,08/05/2013 Total,,1,5,732,8136
,,,,,Mexico Total,,,1,5,732,8136
,,,,DF Total,,,,1,5,732,8136
,,,San Andres Total,,,,,1,5,732,8136
,,,Seattle,WA,USA,29/06/2013,$90K - $110K,1,4,996,9538
,,,,,,29/06/2013 Total,,1,4,996,9538
,,,,,USA Total,,,1,4,996,9538
,,,,WA Total,,,,1,4,996,9538
,,,Seattle Total,,,,,1,4,996,9538
,,,Spokane,WA,USA,11/04/2012,$30K - $50K,1,2,378,1247
,,,,,,11/04/2012 Total,,1,2,378,1247
,,,,,USA Total,,,1,2,378,1247
,,,,WA Total,,,,1,2,378,1247
,,,Spokane Total,,,,,1,2,378,1247
,,,Tacoma,WA,USA,08/11/2012,$70K - $90K,1,3,1337,3880
,,,,,,08/11/2012 Total,,1,3,1337,3880
,,,,,,18/09/2013,$10K - $30K,1,5,4700,11731
,,,,,,18/09/2013 Total,,1,5,4700,11731
,,,,,USA Total,,,2,8,6037,15611
,,,,WA Total,,,,2,8,6037,15611
,,,Tacoma Total,,,,,2,8,6037,15611
,,,Walla Walla,WA,USA,17/04/2013,$10K - $30K,1,4,5847,7546
,,,,,,17/04/2013 Total,,1,4,5847,7546
,,,,,USA Total,,,1,4,5847,7546
,,,,WA Total,,,,1,4,5847,7546
,,,Walla Walla Total,,,,,1,4,5847,7546
,,,Yakima,WA,USA,03/04/2013,$150K +,1,4,7370,7181
,,,,,,03/04/2013 Total,,1,4,7370,7181
,,,,,USA Total,,,1,4,7370,7181
,,,,WA Total,,,,1,4,7370,7181
,,,Yakima Total,,,,,1,4,7370,7181
,,S Total,,,,,,22,90,106060,126603
,M Total,,,,,,,34,136,176308,194607
Canned Tuna Total,,,,,,,,87,359,447205,522162
Carbonated Beverages,F,M,Acapulco,Guerrero,Mexico,05/04/2013,$30K - $50K,1,3,1553,7227
,,,,,,05/04/2013 Total,,1,3,1553,7227
,,,,,,19/07/2013,$10K - $30K,1,5,8231,10128
,,,,,,19/07/2013 Total,,1,5,8231,10128
,,,,,Mexico Total,,,2,8,9784,17355
,,,,Guerrero Total,,,,2,8,9784,17355
,,,Acapulco Total,,,,,2,8,9784,17355
,,,Bellingham,WA,USA,01/11/2012,$30K - $50K,1,3,4117,3789
,,,,,,01/11/2012 Total,,1,3,4117,3789
,,,,,,16/10/2013,$70K - $90K,1,4,1961,12483
,,,,,,16/10/2013 Total,,1,4,1961,12483
,,,,,USA Total,,,2,7,6078,16272
,,,,WA Total,,,,2,7,6078,16272
,,,Bellingham Total,,,,,2,7,6078,16272
,,,Beverly Hills,CA,USA,24/01/2013,$10K - $30K,1,6,6284,5309
,,,,,,24/01/2013 Total,,1,6,6284,5309
,,,,,,26/05/2013,$30K - $50K,1,5,9422,8618
,,,,,,26/05/2013 Total,,1,5,9422,8618
,,,,,,22/10/2013,$90K - $110K,1,5,9558,12677
,,,,,,22/10/2013 Total,,1,5,9558,12677
,,,,,USA Total,,,3,16,25264,26604
,,,,CA Total,,,,3,16,25264,26604
,,,Beverly Hills Total,,,,,3,16,25264,26604
,,,Camacho,Zacatecas,Mexico,13/01/2013,$50K - $70K,1,3,1125,5019
,,,,,,13/01/2013 Total,,1,3,1125,5019
,,,,,,10/05/2013,$110K - $130K,1,4,2175,8199
,,,,,,10/05/2013 Total,,1,4,2175,8199
,,,,,,06/08/2013,$30K - $50K,1,5,8364,10588
,,,,,,06/08/2013 Total,,1,5,8364,10588
,,,,,Mexico Total,,,3,12,11664,23806
,,,,Zacatecas Total,,,,3,12,11664,23806
,,,Camacho Total,,,,,3,12,11664,23806
,,,Hidalgo,Zacatecas,Mexico,31/12/2012,$110K - $130K,1,4,7063,4722
,,,,,,31/12/2012 Total,,1,4,7063,4722
,,,,,,02/08/2013,$110K - $130K,1,5,7063,10485
,,,,,,02/08/2013 Total,,1,5,7063,10485
,,,,,,03/08/2013,$30K - $50K,1,4,4620,10520
,,,,,,03/08/2013 Total,,1,4,4620,10520
,,,,,Mexico Total,,,3,13,18746,25727
,,,,Zacatecas Total,,,,3,13,18746,25727
,,,Hidalgo Total,,,,,3,13,18746,25727
,,,Los Angeles,CA,USA,27/08/2013,$10K - $30K,1,3,10104,11142
,,,,,,27/08/2013 Total,,1,3,10104,11142
,,,,,USA Total,,,1,3,10104,11142
,,,,CA Total,,,,1,3,10104,11142
,,,Los Angeles Total,,,,,1,3,10104,11142
,,,Merida,Yucatan,Mexico,01/01/2013,$30K - $50K,1,3,9249,4746
,,,,,,01/01/2013 Total,,1,3,9249,4746
,,,,,Mexico Total,,,1,3,9249,4746
,,,,Yucatan Total,,,,1,3,9249,4746
,,,Merida Total,,,,,1,3,9249,4746
,,,Portland,OR,USA,19/04/2012,$10K - $30K,1,5,4249,1377
,,,,,,19/04/2012 Total,,1,5,4249,1377
,,,,,,20/06/2012,$150K +,1,5,5199,2152
,,,,,,20/06/2012 Total,,1,5,5199,2152
,,,,,,12/02/2013,$30K - $50K,1,3,2024,5819
,,,,,,12/02/2013 Total,,1,3,2024,5819
,,,,,USA Total,,,3,13,11472,9348
,,,,OR Total,,,,3,13,11472,9348
,,,Portland Total,,,,,3,13,11472,9348
,,,Salem,OR,USA,11/09/2012,$10K - $30K,1,4,9871,3167
,,,,,,11/09/2012 Total,,1,4,9871,3167
,,,,,,29/09/2012,$50K - $70K,1,3,697,3371
,,,,,,29/09/2012 Total,,1,3,697,3371
,,,,,,25/02/2013,$30K - $50K,1,6,8291,6210
,,,,,,25/02/2013 Total,,1,6,8291,6210
,,,,,USA Total,,,3,13,18859,12748
,,,,OR Total,,,,3,13,18859,12748
,,,Salem Total,,,,,3,13,18859,12748
,,,San Andres,DF,Mexico,28/06/2013,$30K - $50K,1,3,4111,9520
,,,,,,28/06/2013 Total,,1,3,4111,9520
,,,,,Mexico Total,,,1,3,4111,9520
,,,,DF Total,,,,1,3,4111,9520
,,,San Andres Total,,,,,1,3,4111,9520
,,,San Diego,CA,USA,24/01/2012,$90K - $110K,1,4,9264,214
,,,,,,24/01/2012 Total,,1,4,9264,214
,,,,,,28/10/2013,$10K - $30K,1,4,3594,12847
,,,,,,28/10/2013 Total,,1,4,3594,12847
,,,,,USA Total,,,2,8,12858,13061
,,,,CA Total,,,,2,8,12858,13061
,,,San Diego Total,,,,,2,8,12858,13061
,,,Seattle,WA,USA,07/04/2012,$70K - $90K,1,7,5910,1197
,,,,,,07/04/2012 Total,,1,7,5910,1197
,,,,,,08/04/2012,$30K - $50K,1,3,3749,1206
,,,,,,08/04/2012 Total,,1,3,3749,1206
,,,,,,12/11/2012,$10K - $30K,1,3,4282,3919
,,,,,,12/11/2012 Total,,1,3,4282,3919
,,,,,,18/12/2013,$50K - $70K,1,6,7101,13978
,,,,,,18/12/2013 Total,,1,6,7101,13978
,,,,,USA Total,,,4,19,21042,20300
,,,,WA Total,,,,4,19,21042,20300
,,,Seattle Total,,,,,4,19,21042,20300
,,,Spokane,WA,USA,02/02/2013,$30K - $50K,1,4,7051,5560
,,,,,,02/02/2013 Total,,1,4,7051,5560
,,,,,,10/03/2013,$30K - $50K,1,3,2201,6573
,,,,,,10/03/2013 Total,,1,3,2201,6573
,,,,,,02/05/2013,$30K - $50K,1,6,7051,7957
,,,,,,02/05/2013 Total,,1,6,7051,7957
,,,,,,01/11/2013,$30K - $50K,1,3,4676,12938
,,,,,,01/11/2013 Total,,1,3,4676,12938
,,,,,,23/11/2013,$30K - $50K,1,4,4676,13572
,,,,,,23/11/2013 Total,,1,4,4676,13572
,,,,,,02/12/2013,$30K - $50K,1,3,1528,13771
,,,,,,02/12/2013 Total,,1,3,1528,13771
,,,,,USA Total,,,6,23,27183,60371
,,,,WA Total,,,,6,23,27183,60371
,,,Spokane Total,,,,,6,23,27183,60371
,,,Tacoma,WA,USA,03/04/2012,$90K - $110K,1,3,6001,1148
,,,,,,03/04/2012 Total,,1,3,6001,1148
,,,,,,13/05/2012,$50K - $70K,1,5,8181,1714
,,,,,,13/05/2012 Total,,1,5,8181,1714
,,,,,USA Total,,,2,8,14182,2862
,,,,WA Total,,,,2,8,14182,2862
,,,Tacoma Total,,,,,2,8,14182,2862
,,,Vancouver,BC,Canada,29/12/2012,$70K - $90K,1,5,5659,4673
,,,,,,29/12/2012 Total,,1,5,5659,4673
,,,,,,21/07/2013,$30K - $50K,1,4,10119,10185
,,,,,,21/07/2013 Total,,1,4,10119,10185
,,,,,Canada Total,,,2,9,15778,14858
,,,,BC Total,,,,2,9,15778,14858
,,,Vancouver Total,,,,,2,9,15778,14858
,,M Total,,,,,,38,158,216374,268720
,,S,Bellingham,WA,USA,12/05/2013,$10K - $30K,1,3,4600,8252
,,,,,,12/05/2013 Total,,1,3,4600,8252
,,,,,USA Total,,,1,3,4600,8252
,,,,WA Total,,,,1,3,4600,8252
,,,Bellingham Total,,,,,1,3,4600,8252
,,,Beverly Hills,CA,USA,22/12/2011,$130K - $150K,1,4,1900,5
,,,,,,22/12/2011 Total,,1,4,1900,5
,,,,,,09/03/2013,$10K - $30K,1,2,2591,6529
,,,,,,09/03/2013 Total,,1,2,2591,6529
,,,,,,03/12/2013,$30K - $50K,1,5,9775,13783
,,,,,,03/12/2013 Total,,1,5,9775,13783
,,,,,USA Total,,,3,11,14266,20317
,,,,CA Total,,,,3,11,14266,20317
,,,Beverly Hills Total,,,,,3,11,14266,20317
,,,Bremerton,WA,USA,21/01/2012,$10K - $30K,1,5,3242,181
,,,,,,21/01/2012 Total,,1,5,3242,181
,,,,,,11/04/2013,$30K - $50K,1,4,1282,7394
,,,,,,11/04/2013 Total,,1,4,1282,7394
,,,,,,02/05/2013,$30K - $50K,1,4,5537,7961
,,,,,,02/05/2013 Total,,1,4,5537,7961
,,,,,,15/06/2013,$30K - $50K,1,5,99,9178
,,,,,,15/06/2013 Total,,1,5,99,9178
,,,,,USA Total,,,4,18,10160,24714
,,,,WA Total,,,,4,18,10160,24714
,,,Bremerton Total,,,,,4,18,10160,24714
,,,Camacho,Zacatecas,Mexico,25/12/2012,$50K - $70K,1,4,4932,4595
,,,,,,25/12/2012 Total,,1,4,4932,4595
,,,,,Mexico Total,,,1,4,4932,4595
,,,,Zacatecas Total,,,,1,4,4932,4595
,,,Camacho Total,,,,,1,4,4932,4595
,,,Guadalajara,Jalisco,Mexico,18/07/2013,$70K - $90K,1,2,3439,10109
,,,,,,18/07/2013 Total,,1,2,3439,10109
,,,,,Mexico Total,,,1,2,3439,10109
,,,,Jalisco Total,,,,1,2,3439,10109
,,,Guadalajara Total,,,,,1,2,3439,10109
,,,Hidalgo,Zacatecas,Mexico,06/01/2013,$10K - $30K,1,3,4731,4858
,,,,,,06/01/2013 Total,,1,3,4731,4858
,,,,,,07/04/2013,$30K - $50K,1,6,7782,7281
,,,,,,07/04/2013 Total,,1,6,7782,7281
,,,,,,04/05/2013,$30K - $50K,1,3,8697,8005
,,,,,,04/05/2013 Total,,1,3,8697,8005
,,,,,,05/05/2013,$90K - $110K,1,7,6527,8040
,,,,,,05/05/2013 Total,,1,7,6527,8040
,,,,,,25/06/2013,$90K - $110K,1,5,1571,9441
,,,,,,25/06/2013 Total,,1,5,1571,9441
,,,,,,04/07/2013,$10K - $30K,1,2,9097,9672
,,,,,,04/07/2013 Total,,1,2,9097,9672
,,,,,,29/10/2013,$70K - $90K,1,2,4049,12878
,,,,,,29/10/2013 Total,,1,2,4049,12878
,,,,,Mexico Total,,,7,28,42454,60175
,,,,Zacatecas Total,,,,7,28,42454,60175
,,,Hidalgo Total,,,,,7,28,42454,60175
,,,Los Angeles,CA,USA,19/10/2012,$50K - $70K,1,4,417,3630
,,,,,,19/10/2012 Total,,1,4,417,3630
,,,,,,09/02/2013,$30K - $50K,1,4,6472,5741
,,,,,,09/02/2013 Total,,1,4,6472,5741
,,,,,,19/07/2013,$110K - $130K,1,5,3802,10127
,,,,,,19/07/2013 Total,,1,5,3802,10127
,,,,,,25/09/2013,$50K - $70K,1,3,4663,11921
,,,,,,25/09/2013 Total,,1,3,4663,11921
,,,,,USA Total,,,4,16,15354,31419
,,,,CA Total,,,,4,16,15354,31419
,,,Los Angeles Total,,,,,4,16,15354,31419
,,,Merida,Yucatan,Mexico,26/12/2012,$70K - $90K,1,4,10271,4621
,,,,,,26/12/2012 Total,,1,4,10271,4621
,,,,,,16/01/2013,$50K - $70K,1,5,7315,5106
,,,,,,16/01/2013 Total,,1,5,7315,5106
,,,,,Mexico Total,,,2,9,17586,9727
,,,,Yucatan Total,,,,2,9,17586,9727
,,,Merida Total,,,,,2,9,17586,9727
,,,Mexico City,DF,Mexico,09/06/2013,$50K - $70K,1,4,1171,9009
,,,,,,09/06/2013 Total,,1,4,1171,9009
,,,,,Mexico Total,,,1,4,1171,9009
,,,,DF Total,,,,1,4,1171,9009
,,,Mexico City Total,,,,,1,4,1171,9009
,,,Orizaba,Veracruz,Mexico,12/02/2013,$30K - $50K,1,6,5008,5815
,,,,,,12/02/2013 Total,,1,6,5008,5815
,,,,,,17/02/2013,$70K - $90K,1,5,7917,5974
,,,,,,17/02/2013 Total,,1,5,7917,5974
,,,,,,22/02/2013,$50K - $70K,1,6,8228,6126
,,,,,,22/02/2013 Total,,1,6,8228,6126
,,,,,,04/04/2013,$50K - $70K,1,4,5536,7198
,,,,,,04/04/2013 Total,,1,4,5536,7198
,,,,,Mexico Total,,,4,21,26689,25113
,,,,Veracruz Total,,,,4,21,26689,25113
,,,Orizaba Total,,,,,4,21,26689,25113
,,,Portland,OR,USA,08/07/2013,$10K - $30K,1,5,4135,9790
,,,,,,08/07/2013 Total,,1,5,4135,9790
,,,,,USA Total,,,1,5,4135,9790
,,,,OR Total,,,,1,5,4135,9790
,,,Portland Total,,,,,1,5,4135,9790
,,,Salem,OR,USA,31/05/2013,$90K - $110K,1,3,8091,8773
,,,,,,31/05/2013 Total,,1,3,8091,8773
,,,,,,30/08/2013,$10K - $30K,1,5,6237,11219
,,,,,,30/08/2013 Total,,1,5,6237,11219
,,,,,USA Total,,,2,8,14328,19992
,,,,OR Total,,,,2,8,14328,19992
,,,Salem Total,,,,,2,8,14328,19992
,,,San Andres,DF,Mexico,28/02/2013,$30K - $50K,1,5,9395,6303
,,,,,,28/02/2013 Total,,1,5,9395,6303
,,,,,,14/03/2013,$70K - $90K,1,5,3760,6658
,,,,,,14/03/2013 Total,,1,5,3760,6658
,,,,,,30/05/2013,$30K - $50K,1,3,7685,8736
,,,,,,30/05/2013 Total,,1,3,7685,8736
,,,,,Mexico Total,,,3,13,20840,21697
,,,,DF Total,,,,3,13,20840,21697
,,,San Andres Total,,,,,3,13,20840,21697
,,,San Diego,CA,USA,20/08/2012,$70K - $90K,1,3,3139,2908
,,,,,,20/08/2012 Total,,1,3,3139,2908
,,,,,,15/12/2012,$70K - $90K,1,4,2694,4408
,,,,,,15/12/2012 Total,,1,4,2694,4408
,,,,,,11/06/2013,$70K - $90K,1,5,2936,9070
,,,,,,11/06/2013 Total,,1,5,2936,9070
,,,,,,30/10/2013,$50K - $70K,1,3,2727,12897
,,,,,,30/10/2013 Total,,1,3,2727,12897
,,,,,USA Total,,,4,15,11496,29283
,,,,CA Total,,,,4,15,11496,29283
,,,San Diego Total,,,,,4,15,11496,29283
,,,San Francisco,CA,USA,06/07/2013,$50K - $70K,1,2,3564,9741
,,,,,,06/07/2013 Total,,1,2,3564,9741
,,,,,,28/10/2013,$30K - $50K,1,3,2577,12841
,,,,,,28/10/2013 Total,,1,3,2577,12841
,,,,,USA Total,,,2,5,6141,22582
,,,,CA Total,,,,2,5,6141,22582
,,,San Francisco Total,,,,,2,5,6141,22582
,,,Seattle,WA,USA,15/01/2013,$50K - $70K,1,4,3615,5084
,,,,,,15/01/2013 Total,,1,4,3615,5084
,,,,,,29/09/2013,$30K - $50K,1,3,6101,12041
,,,,,,29/09/2013 Total,,1,3,6101,12041
,,,,,USA Total,,,2,7,9716,17125
,,,,WA Total,,,,2,7,9716,17125
,,,Seattle Total,,,,,2,7,9716,17125
,,,Spokane,WA,USA,09/08/2012,$50K - $70K,1,2,4925,2777
,,,,,,09/08/2012 Total,,1,2,4925,2777
,,,,,,23/02/2013,$90K - $110K,1,6,7072,6158
,,,,,,23/02/2013 Total,,1,6,7072,6158
,,,,,,26/08/2013,$10K - $30K,1,3,2448,11120
,,,,,,26/08/2013 Total,,1,3,2448,11120
,,,,,USA Total,,,3,11,14445,20055
,,,,WA Total,,,,3,11,14445,20055
,,,Spokane Total,,,,,3,11,14445,20055
,,,Tacoma,WA,USA,16/06/2012,$10K - $30K,1,3,5616,2114
,,,,,,16/06/2012 Total,,1,3,5616,2114
,,,,,,11/08/2013,$30K - $50K,1,3,4340,10719
,,,,,,11/08/2013 Total,,1,3,4340,10719
,,,,,,03/11/2013,$10K - $30K,1,6,1145,13014
,,,,,,03/11/2013 Total,,1,6,1145,13014
,,,,,USA Total,,,3,12,11101,25847
,,,,WA Total,,,,3,12,11101,25847
,,,Tacoma Total,,,,,3,12,11101,25847
,,,Yakima,WA,USA,28/07/2012,$10K - $30K,1,6,3719,2621
,,,,,,28/07/2012 Total,,1,6,3719,2621
,,,,,,28/09/2012,$10K - $30K,1,3,3719,3361
,,,,,,28/09/2012 Total,,1,3,3719,3361
,,,,,,01/06/2013,$10K - $30K,1,6,6265,8791
,,,,,,01/06/2013 Total,,1,6,6265,8791
,,,,,USA Total,,,3,15,13703,14773
,,,,WA Total,,,,3,15,13703,14773
,,,Yakima Total,,,,,3,15,13703,14773
,,S Total,,,,,,51,207,246556,384574
,F Total,,,,,,,89,365,462930,653294
,M,M,Acapulco,Guerrero,Mexico,09/11/2013,$30K - $50K,1,5,1371,13165
,,,,,,09/11/2013 Total,,1,5,1371,13165
,,,,,,26/11/2013,$70K - $90K,1,3,9374,13640
,,,,,,26/11/2013 Total,,1,3,9374,13640
,,,,,Mexico Total,,,2,8,10745,26805
,,,,Guerrero Total,,,,2,8,10745,26805
,,,Acapulco Total,,,,,2,8,10745,26805
,,,Beverly Hills,CA,USA,13/02/2013,$10K - $30K,1,4,7753,5848
,,,,,,13/02/2013 Total,,1,4,7753,5848
,,,,,,06/05/2013,$30K - $50K,1,3,6096,8062
,,,,,,06/05/2013 Total,,1,3,6096,8062
,,,,,,10/05/2013,$30K - $50K,1,6,8457,8200
,,,,,,10/05/2013 Total,,1,6,8457,8200
,,,,,USA Total,,,3,13,22306,22110
,,,,CA Total,,,,3,13,22306,22110
,,,Beverly Hills Total,,,,,3,13,22306,22110
,,,Bremerton,WA,USA,25/07/2012,$30K - $50K,1,3,1676,2580
,,,,,,25/07/2012 Total,,1,3,1676,2580
,,,,,,01/09/2012,$10K - $30K,1,3,5738,3046
,,,,,,01/09/2012 Total,,1,3,5738,3046
,,,,,,20/09/2012,$10K - $30K,1,6,1598,3278
,,,,,,20/09/2012 Total,,1,6,1598,3278
,,,,,,25/05/2013,$70K - $90K,1,2,5686,8615
,,,,,,25/05/2013 Total,,1,2,5686,8615
,,,,,,11/07/2013,$10K - $30K,1,3,8902,9884
,,,,,,11/07/2013 Total,,1,3,8902,9884
,,,,,,01/08/2013,$70K - $90K,1,3,5686,10458
,,,,,,01/08/2013 Total,,1,3,5686,10458
,,,,,USA Total,,,6,20,29286,37861
,,,,WA Total,,,,6,20,29286,37861
,,,Bremerton Total,,,,,6,20,29286,37861
,,,Hidalgo,Zacatecas,Mexico,12/08/2013,$30K - $50K,1,5,5900,10760
,,,,,,12/08/2013 Total,,1,5,5900,10760
,,,,,Mexico Total,,,1,5,5900,10760
,,,,Zacatecas Total,,,,1,5,5900,10760
,,,Hidalgo Total,,,,,1,5,5900,10760
,,,Portland,OR,USA,31/03/2012,$90K - $110K,1,4,5339,1097
,,,,,,31/03/2012 Total,,1,4,5339,1097
,,,,,USA Total,,,1,4,5339,1097
,,,,OR Total,,,,1,4,5339,1097
,,,Portland Total,,,,,1,4,5339,1097
,,,Salem,OR,USA,27/06/2012,$70K - $90K,1,4,4875,2249
,,,,,,27/06/2012 Total,,1,4,4875,2249
,,,,,,03/01/2013,$150K +,1,5,6012,4782
,,,,,,03/01/2013 Total,,1,5,6012,4782
,,,,,,25/10/2013,$10K - $30K,1,6,2086,12750
,,,,,,25/10/2013 Total,,1,6,2086,12750
,,,,,USA Total,,,3,15,12973,19781
,,,,OR Total,,,,3,15,12973,19781
,,,Salem Total,,,,,3,15,12973,19781
,,,San Diego,CA,USA,26/01/2012,$10K - $30K,1,5,9551,222
,,,,,,26/01/2012 Total,,1,5,9551,222
,,,,,USA Total,,,1,5,9551,222
,,,,CA Total,,,,1,5,9551,222
,,,San Diego Total,,,,,1,5,9551,222
,,,Seattle,WA,USA,04/07/2012,$30K - $50K,1,5,9242,2324
,,,,,,04/07/2012 Total,,1,5,9242,2324
,,,,,,27/10/2013,$10K - $30K,1,5,7129,12827
,,,,,,27/10/2013 Total,,1,5,7129,12827
,,,,,USA Total,,,2,10,16371,15151
,,,,WA Total,,,,2,10,16371,15151
,,,Seattle Total,,,,,2,10,16371,15151
,,,Spokane,WA,USA,19/05/2013,$10K - $30K,1,3,8427,8415
,,,,,,19/05/2013 Total,,1,3,8427,8415
,,,,,USA Total,,,1,3,8427,8415
,,,,WA Total,,,,1,3,8427,8415
,,,Spokane Total,,,,,1,3,8427,8415
,,,Tacoma,WA,USA,09/02/2012,$10K - $30K,1,4,9309,406
,,,,,,09/02/2012 Total,,1,4,9309,406
,,,,,,25/03/2012,$30K - $50K,1,4,806,1004
,,,,,,25/03/2012 Total,,1,4,806,1004
,,,,,,10/07/2012,$70K - $90K,1,5,5790,2389
,,,,,,10/07/2012 Total,,1,5,5790,2389
,,,,,,29/10/2013,$130K - $150K,1,5,2065,12862
,,,,,,29/10/2013 Total,,1,5,2065,12862
,,,,,USA Total,,,4,18,17970,16661
,,,,WA Total,,,,4,18,17970,16661
,,,Tacoma Total,,,,,4,18,17970,16661
,,,Vancouver,BC,Canada,14/09/2013,$70K - $90K,1,5,2564,11616
,,,,,,14/09/2013 Total,,1,5,2564,11616
,,,,,,01/10/2013,$10K - $30K,1,4,9,12108
,,,,,,01/10/2013 Total,,1,4,9,12108
,,,,,Canada Total,,,2,9,2573,23724
,,,,BC Total,,,,2,9,2573,23724
,,,Vancouver Total,,,,,2,9,2573,23724
,,,Yakima,WA,USA,29/10/2012,$110K - $130K,1,2,9667,3738
,,,,,,29/10/2012 Total,,1,2,9667,3738
,,,,,USA Total,,,1,2,9667,3738
,,,,WA Total,,,,1,2,9667,3738
,,,Yakima Total,,,,,1,2,9667,3738
,,M Total,,,,,,27,112,151108,186325
,,S,Acapulco,Guerrero,Mexico,05/03/2013,$30K - $50K,1,4,3192,6427
,,,,,,05/03/2013 Total,,1,4,3192,6427
,,,,,Mexico Total,,,1,4,3192,6427
,,,,Guerrero Total,,,,1,4,3192,6427
,,,Acapulco Total,,,,,1,4,3192,6427
,,,Beverly Hills,CA,USA,07/05/2012,$30K - $50K,1,4,44,1628
,,,,,,07/05/2012 Total,,1,4,44,1628
,,,,,,21/06/2012,$30K - $50K,1,4,3462,2165
,,,,,,21/06/2012 Total,,1,4,3462,2165
,,,,,,03/10/2012,$30K - $50K,1,6,3188,3434
,,,,,,03/10/2012 Total,,1,6,3188,3434
,,,,,USA Total,,,3,14,6694,7227
,,,,CA Total,,,,3,14,6694,7227
,,,Beverly Hills Total,,,,,3,14,6694,7227
,,,Bremerton,WA,USA,09/06/2012,$30K - $50K,1,3,2689,2038
,,,,,,09/06/2012 Total,,1,3,2689,2038
,,,,,,06/11/2012,$50K - $70K,1,5,8477,3860
,,,,,,06/11/2012 Total,,1,5,8477,3860
,,,,,,03/11/2013,$50K - $70K,1,4,3065,13024
,,,,,,03/11/2013 Total,,1,4,3065,13024
,,,,,USA Total,,,3,12,14231,18922
,,,,WA Total,,,,3,12,14231,18922
,,,Bremerton Total,,,,,3,12,14231,18922
,,,Camacho,Zacatecas,Mexico,04/05/2013,$70K - $90K,1,4,3366,8027
,,,,,,04/05/2013 Total,,1,4,3366,8027
,,,,,,17/10/2013,$10K - $30K,1,4,2446,12518
,,,,,,17/10/2013 Total,,1,4,2446,12518
,,,,,Mexico Total,,,2,8,5812,20545
,,,,Zacatecas Total,,,,2,8,5812,20545
,,,Camacho Total,,,,,2,8,5812,20545
,,,Guadalajara,Jalisco,Mexico,05/08/2013,$30K - $50K,1,2,5804,10552
,,,,,,05/08/2013 Total,,1,2,5804,10552
,,,,,Mexico Total,,,1,2,5804,10552
,,,,Jalisco Total,,,,1,2,5804,10552
,,,Guadalajara Total,,,,,1,2,5804,10552
,,,Hidalgo,Zacatecas,Mexico,26/04/2013,$10K - $30K,1,4,2510,7789
,,,,,,26/04/2013 Total,,1,4,2510,7789
,,,,,,19/07/2013,$150K +,1,5,3225,10111
,,,,,,19/07/2013 Total,,1,5,3225,10111
,,,,,Mexico Total,,,2,9,5735,17900
,,,,Zacatecas Total,,,,2,9,5735,17900
,,,Hidalgo Total,,,,,2,9,5735,17900
,,,Los Angeles,CA,USA,17/06/2012,$30K - $50K,1,5,406,2117
,,,,,,17/06/2012 Total,,1,5,406,2117
,,,,,,19/03/2013,$90K - $110K,1,4,2242,6793
,,,,,,19/03/2013 Total,,1,4,2242,6793
,,,,,,29/03/2013,$70K - $90K,1,5,1820,7038
,,,,,,29/03/2013 Total,,1,5,1820,7038
,,,,,USA Total,,,3,14,4468,15948
,,,,CA Total,,,,3,14,4468,15948
,,,Los Angeles Total,,,,,3,14,4468,15948
,,,Merida,Yucatan,Mexico,22/11/2013,$150K +,1,2,3125,13526
,,,,,,22/11/2013 Total,,1,2,3125,13526
,,,,,,06/12/2013,$150K +,1,4,3125,13835
,,,,,,06/12/2013 Total,,1,4,3125,13835
,,,,,Mexico Total,,,2,6,6250,27361
,,,,Yucatan Total,,,,2,6,6250,27361
,,,Merida Total,,,,,2,6,6250,27361
,,,Portland,OR,USA,26/02/2012,$50K - $70K,1,5,8897,600
,,,,,,26/02/2012 Total,,1,5,8897,600
,,,,,,18/01/2013,$30K - $50K,1,4,1235,5155
,,,,,,18/01/2013 Total,,1,4,1235,5155
,,,,,,13/09/2013,$30K - $50K,1,3,4243,11574
,,,,,,13/09/2013 Total,,1,3,4243,11574
,,,,,USA Total,,,3,12,14375,17329
,,,,OR Total,,,,3,12,14375,17329
,,,Portland Total,,,,,3,12,14375,17329
,,,Salem,OR,USA,02/04/2012,$70K - $90K,1,3,3706,1116
,,,,,,02/04/2012 Total,,1,3,3706,1116
,,,,,,04/04/2012,$110K - $130K,1,3,4928,1154
,,,,,,04/04/2012 Total,,1,3,4928,1154
,,,,,,05/05/2013,$30K - $50K,1,4,5909,8053
,,,,,,05/05/2013 Total,,1,4,5909,8053
,,,,,,08/07/2013,$10K - $30K,1,5,5206,9791
,,,,,,08/07/2013 Total,,1,5,5206,9791
,,,,,USA Total,,,4,15,19749,20114
,,,,OR Total,,,,4,15,19749,20114
,,,Salem Total,,,,,4,15,19749,20114
,,,San Andres,DF,Mexico,23/11/2013,$10K - $30K,1,6,5281,13567
,,,,,,23/11/2013 Total,,1,6,5281,13567
,,,,,Mexico Total,,,1,6,5281,13567
,,,,DF Total,,,,1,6,5281,13567
,,,San Andres Total,,,,,1,6,5281,13567
,,,San Diego,CA,USA,30/08/2012,$150K +,1,3,4370,3027
,,,,,,30/08/2012 Total,,1,3,4370,3027
,,,,,,10/12/2012,$130K - $150K,1,5,9393,4345
,,,,,,10/12/2012 Total,,1,5,9393,4345
,,,,,,21/07/2013,$10K - $30K,1,3,131,10192
,,,,,,21/07/2013 Total,,1,3,131,10192
,,,,,USA Total,,,3,11,13894,17564
,,,,CA Total,,,,3,11,13894,17564
,,,San Diego Total,,,,,3,11,13894,17564
,,,Seattle,WA,USA,15/02/2012,$30K - $50K,1,3,4283,474
,,,,,,15/02/2012 Total,,1,3,4283,474
,,,,,,28/03/2013,$30K - $50K,1,5,1959,7012
,,,,,,28/03/2013 Total,,1,5,1959,7012
,,,,,,06/07/2013,$50K - $70K,1,3,8226,9719
,,,,,,06/07/2013 Total,,1,3,8226,9719
,,,,,USA Total,,,3,11,14468,17205
,,,,WA Total,,,,3,11,14468,17205
,,,Seattle Total,,,,,3,11,14468,17205
,,,Spokane,WA,USA,17/03/2012,$30K - $50K,1,5,5542,881
,,,,,,17/03/2012 Total,,1,5,5542,881
,,,,,USA Total,,,1,5,5542,881
,,,,WA Total,,,,1,5,5542,881
,,,Spokane Total,,,,,1,5,5542,881
,,,Tacoma,WA,USA,04/09/2012,$70K - $90K,1,6,1216,3076
,,,,,,04/09/2012 Total,,1,6,1216,3076
,,,,,,11/09/2012,$30K - $50K,1,5,3000,3159
,,,,,,11/09/2012 Total,,1,5,3000,3159
,,,,,,18/04/2013,$70K - $90K,1,4,7526,7582
,,,,,,18/04/2013 Total,,1,4,7526,7582
,,,,,,20/05/2013,$10K - $30K,1,5,5820,8474
,,,,,,20/05/2013 Total,,1,5,5820,8474
,,,,,USA Total,,,4,20,17562,22291
,,,,WA Total,,,,4,20,17562,22291
,,,Tacoma Total,,,,,4,20,17562,22291
,,,Vancouver,BC,Canada,23/04/2013,$70K - $90K,1,3,1799,7731
,,,,,,23/04/2013 Total,,1,3,1799,7731
,,,,,,02/06/2013,$50K - $70K,1,5,7886,8833
,,,,,,02/06/2013 Total,,1,5,7886,8833
,,,,,Canada Total,,,2,8,9685,16564
,,,,BC Total,,,,2,8,9685,16564
,,,Vancouver Total,,,,,2,8,9685,16564
,,S Total,,,,,,38,157,152742,250397
,M Total,,,,,,,65,269,303850,436722
Carbonated Beverages Total,,,,,,,,154,634,766780,1090016
Cleaning Supplies,F,M,Beverly Hills,CA,USA,05/01/2013,$110K - $130K,1,4,3416,4824
,,,,,,05/01/2013 Total,,1,4,3416,4824
,,,,,USA Total,,,1,4,3416,4824
,,,,CA Total,,,,1,4,3416,4824
,,,Beverly Hills Total,,,,,1,4,3416,4824
,,,Camacho,Zacatecas,Mexico,09/08/2013,$70K - $90K,1,2,2551,10654
,,,,,,09/08/2013 Total,,1,2,2551,10654
,,,,,,27/08/2013,$70K - $90K,1,2,9766,11139
,,,,,,27/08/2013 Total,,1,2,9766,11139
,,,,,Mexico Total,,,2,4,12317,21793
,,,,Zacatecas Total,,,,2,4,12317,21793
,,,Camacho Total,,,,,2,4,12317,21793
,,,Hidalgo,Zacatecas,Mexico,20/03/2013,$50K - $70K,1,5,6227,6817
,,,,,,20/03/2013 Total,,1,5,6227,6817
,,,,,,29/04/2013,$10K - $30K,1,5,4256,7869
,,,,,,29/04/2013 Total,,1,5,4256,7869
,,,,,,21/06/2013,$10K - $30K,1,5,9644,9338
,,,,,,21/06/2013 Total,,1,5,9644,9338
,,,,,,14/08/2013,$70K - $90K,1,5,6652,10805
,,,,,,14/08/2013 Total,,1,5,6652,10805
,,,,,,15/08/2013,$90K - $110K,1,5,4026,10832
,,,,,,15/08/2013 Total,,1,5,4026,10832
,,,,,,19/09/2013,$30K - $50K,1,3,5114,11735
,,,,,,19/09/2013 Total,,1,3,5114,11735
,,,,,,25/09/2013,$10K - $30K,1,4,1444,11918
,,,,,,25/09/2013 Total,,1,4,1444,11918
,,,,,,02/12/2013,$50K - $70K,1,6,4780,13774
,,,,,,02/12/2013 Total,,1,6,4780,13774
,,,,,Mexico Total,,,8,38,42143,83088
,,,,Zacatecas Total,,,,8,38,42143,83088
,,,Hidalgo Total,,,,,8,38,42143,83088
,,,Los Angeles,CA,USA,02/03/2012,$30K - $50K,1,4,9357,663
,,,,,,02/03/2012 Total,,1,4,9357,663
,,,,,USA Total,,,1,4,9357,663
,,,,CA Total,,,,1,4,9357,663
,,,Los Angeles Total,,,,,1,4,9357,663
,,,Merida,Yucatan,Mexico,17/12/2012,$30K - $50K,1,5,5481,4463
,,,,,,17/12/2012 Total,,1,5,5481,4463
,,,,,Mexico Total,,,1,5,5481,4463
,,,,Yucatan Total,,,,1,5,5481,4463
,,,Merida Total,,,,,1,5,5481,4463
,,,Mexico City,DF,Mexico,16/03/2013,$70K - $90K,1,3,3406,6709
,,,,,,16/03/2013 Total,,1,3,3406,6709
,,,,,Mexico Total,,,1,3,3406,6709
,,,,DF Total,,,,1,3,3406,6709
,,,Mexico City Total,,,,,1,3,3406,6709
,,,Portland,OR,USA,04/09/2012,$10K - $30K,1,3,8737,3077
,,,,,,04/09/2012 Total,,1,3,8737,3077
,,,,,,04/11/2013,$10K - $30K,1,5,3068,13041
,,,,,,04/11/2013 Total,,1,5,3068,13041
,,,,,USA Total,,,2,8,11805,16118
,,,,OR Total,,,,2,8,11805,16118
,,,Portland Total,,,,,2,8,11805,16118
,,,Salem,OR,USA,16/02/2012,$10K - $30K,1,4,4543,491
,,,,,,16/02/2012 Total,,1,4,4543,491
,,,,,,26/11/2012,$10K - $30K,1,5,4004,4131
,,,,,,26/11/2012 Total,,1,5,4004,4131
,,,,,,28/03/2013,$30K - $50K,1,3,2482,7005
,,,,,,28/03/2013 Total,,1,3,2482,7005
,,,,,,19/09/2013,$10K - $30K,1,4,3271,11734
,,,,,,19/09/2013 Total,,1,4,3271,11734
,,,,,USA Total,,,4,16,14300,23361
,,,,OR Total,,,,4,16,14300,23361
,,,Salem Total,,,,,4,16,14300,23361
,,,San Andres,DF,Mexico,28/03/2013,$150K +,1,3,9630,7004
,,,,,,28/03/2013 Total,,1,3,9630,7004
,,,,,Mexico Total,,,1,3,9630,7004
,,,,DF Total,,,,1,3,9630,7004
,,,San Andres Total,,,,,1,3,9630,7004
,,,San Diego,CA,USA,23/03/2012,$30K - $50K,1,5,2096,967
,,,,,,23/03/2012 Total,,1,5,2096,967
,,,,,,06/05/2012,$30K - $50K,1,5,7266,1612
,,,,,,06/05/2012 Total,,1,5,7266,1612
,,,,,USA Total,,,2,10,9362,2579
,,,,CA Total,,,,2,10,9362,2579
,,,San Diego Total,,,,,2,10,9362,2579
,,,Seattle,WA,USA,15/10/2012,$110K - $130K,1,4,779,3591
,,,,,,15/10/2012 Total,,1,4,779,3591
,,,,,,25/11/2012,$10K - $30K,1,5,9171,4107
,,,,,,25/11/2012 Total,,1,5,9171,4107
,,,,,,23/12/2012,$30K - $50K,1,2,5116,4555
,,,,,,23/12/2012 Total,,1,2,5116,4555
,,,,,,03/11/2013,$50K - $70K,1,4,5349,13016
,,,,,,03/11/2013 Total,,1,4,5349,13016
,,,,,USA Total,,,4,15,20415,25269
,,,,WA Total,,,,4,15,20415,25269
,,,Seattle Total,,,,,4,15,20415,25269
,,,Spokane,WA,USA,05/06/2012,$70K - $90K,1,4,976,1995
,,,,,,05/06/2012 Total,,1,4,976,1995
,,,,,,14/10/2012,$130K - $150K,1,5,1491,3576
,,,,,,14/10/2012 Total,,1,5,1491,3576
,,,,,,23/11/2012,$50K - $70K,1,6,192,4076
,,,,,,23/11/2012 Total,,1,6,192,4076
,,,,,,11/12/2012,$30K - $50K,1,7,7234,4349
,,,,,,11/12/2012 Total,,1,7,7234,4349
,,,,,,01/10/2013,$30K - $50K,1,4,9263,12095
,,,,,,01/10/2013 Total,,1,4,9263,12095
,,,,,USA Total,,,5,26,19156,26091
,,,,WA Total,,,,5,26,19156,26091
,,,Spokane Total,,,,,5,26,19156,26091
,,,Tacoma,WA,USA,11/05/2012,$70K - $90K,1,5,6313,1677
,,,,,,11/05/2012 Total,,1,5,6313,1677
,,,,,,07/09/2012,$30K - $50K,1,3,472,3122
,,,,,,07/09/2012 Total,,1,3,472,3122
,,,,,,28/12/2012,$50K - $70K,1,4,6683,4644
,,,,,,28/12/2012 Total,,1,4,6683,4644
,,,,,,10/01/2013,$10K - $30K,1,5,6208,4948
,,,,,,10/01/2013 Total,,1,5,6208,4948
,,,,,,13/04/2013,$10K - $30K,1,4,5341,7446
,,,,,,13/04/2013 Total,,1,4,5341,7446
,,,,,,21/05/2013,$70K - $90K,1,6,4498,8498
,,,,,,21/05/2013 Total,,1,6,4498,8498
,,,,,,23/10/2013,$150K +,1,5,6960,12696
,,,,,,23/10/2013 Total,,1,5,6960,12696
,,,,,USA Total,,,7,32,36475,43031
,,,,WA Total,,,,7,32,36475,43031
,,,Tacoma Total,,,,,7,32,36475,43031
,,,Victoria,BC,Canada,22/07/2013,$70K - $90K,1,4,3119,10207
,,,,,,22/07/2013 Total,,1,4,3119,10207
,,,,,Canada Total,,,1,4,3119,10207
,,,,BC Total,,,,1,4,3119,10207
,,,Victoria Total,,,,,1,4,3119,10207
,,,Yakima,WA,USA,08/07/2012,$90K - $110K,1,4,8577,2374
,,,,,,08/07/2012 Total,,1,4,8577,2374
,,,,,,09/12/2012,$70K - $90K,1,4,9169,4320
,,,,,,09/12/2012 Total,,1,4,9169,4320
,,,,,USA Total,,,2,8,17746,6694
,,,,WA Total,,,,2,8,17746,6694
,,,Yakima Total,,,,,2,8,17746,6694
,,M Total,,,,,,42,180,218128,281894
,,S,Beverly Hills,CA,USA,11/03/2012,$10K - $30K,1,6,9227,797
,,,,,,11/03/2012 Total,,1,6,9227,797
,,,,,,12/03/2012,$30K - $50K,1,3,1865,801
,,,,,,12/03/2012 Total,,1,3,1865,801
,,,,,,26/06/2012,$30K - $50K,1,3,2385,2240
,,,,,,26/06/2012 Total,,1,3,2385,2240
,,,,,,24/10/2012,$50K - $70K,1,4,3437,3688
,,,,,,24/10/2012 Total,,1,4,3437,3688
,,,,,USA Total,,,4,16,16914,7526
,,,,CA Total,,,,4,16,16914,7526
,,,Beverly Hills Total,,,,,4,16,16914,7526
,,,Bremerton,WA,USA,14/07/2013,$30K - $50K,1,5,10033,9967
,,,,,,14/07/2013 Total,,1,5,10033,9967
,,,,,,09/10/2013,$30K - $50K,1,6,1758,12308
,,,,,,09/10/2013 Total,,1,6,1758,12308
,,,,,USA Total,,,2,11,11791,22275
,,,,WA Total,,,,2,11,11791,22275
,,,Bremerton Total,,,,,2,11,11791,22275
,,,Camacho,Zacatecas,Mexico,02/04/2013,$30K - $50K,1,5,3185,7163
,,,,,,02/04/2013 Total,,1,5,3185,7163
,,,,,,22/07/2013,$30K - $50K,1,5,1845,10213
,,,,,,22/07/2013 Total,,1,5,1845,10213
,,,,,Mexico Total,,,2,10,5030,17376
,,,,Zacatecas Total,,,,2,10,5030,17376
,,,Camacho Total,,,,,2,10,5030,17376
,,,Hidalgo,Zacatecas,Mexico,16/05/2013,$90K - $110K,1,5,1942,8357
,,,,,,16/05/2013 Total,,1,5,1942,8357
,,,,,,08/11/2013,$70K - $90K,1,4,6934,13157
,,,,,,08/11/2013 Total,,1,4,6934,13157
,,,,,,13/11/2013,$130K - $150K,1,2,5740,13305
,,,,,,13/11/2013 Total,,1,2,5740,13305
,,,,,Mexico Total,,,3,11,14616,34819
,,,,Zacatecas Total,,,,3,11,14616,34819
,,,Hidalgo Total,,,,,3,11,14616,34819
,,,Los Angeles,CA,USA,21/05/2012,$130K - $150K,1,3,7206,1808
,,,,,,21/05/2012 Total,,1,3,7206,1808
,,,,,,14/01/2013,$110K - $130K,1,5,4486,5039
,,,,,,14/01/2013 Total,,1,5,4486,5039
,,,,,USA Total,,,2,8,11692,6847
,,,,CA Total,,,,2,8,11692,6847
,,,Los Angeles Total,,,,,2,8,11692,6847
,,,Merida,Yucatan,Mexico,22/04/2013,$30K - $50K,1,4,4495,7701
,,,,,,22/04/2013 Total,,1,4,4495,7701
,,,,,Mexico Total,,,1,4,4495,7701
,,,,Yucatan Total,,,,1,4,4495,7701
,,,Merida Total,,,,,1,4,4495,7701
,,,Orizaba,Veracruz,Mexico,01/08/2013,$50K - $70K,1,4,1614,10445
,,,,,,01/08/2013 Total,,1,4,1614,10445
,,,,,,27/09/2013,$50K - $70K,1,5,8228,11997
,,,,,,27/09/2013 Total,,1,5,8228,11997
,,,,,,14/10/2013,$10K - $30K,1,3,2439,12457
,,,,,,14/10/2013 Total,,1,3,2439,12457
,,,,,Mexico Total,,,3,12,12281,34899
,,,,Veracruz Total,,,,3,12,12281,34899
,,,Orizaba Total,,,,,3,12,12281,34899
,,,Portland,OR,USA,27/01/2012,$50K - $70K,1,6,7368,244
,,,,,,27/01/2012 Total,,1,6,7368,244
,,,,,,11/03/2012,$90K - $110K,1,4,6551,794
,,,,,,11/03/2012 Total,,1,4,6551,794
,,,,,,21/05/2013,$70K - $90K,1,2,4453,8482
,,,,,,21/05/2013 Total,,1,2,4453,8482
,,,,,USA Total,,,3,12,18372,9520
,,,,OR Total,,,,3,12,18372,9520
,,,Portland Total,,,,,3,12,18372,9520
,,,Salem,OR,USA,09/01/2012,$50K - $70K,1,3,2198,78
,,,,,,09/01/2012 Total,,1,3,2198,78
,,,,,,08/02/2012,$10K - $30K,1,3,373,391
,,,,,,08/02/2012 Total,,1,3,373,391
,,,,,,14/02/2012,$10K - $30K,1,5,10026,463
,,,,,,14/02/2012 Total,,1,5,10026,463
,,,,,,20/08/2012,$30K - $50K,1,2,4253,2894
,,,,,,20/08/2012 Total,,1,2,4253,2894
,,,,,,14/11/2012,$50K - $70K,1,2,4518,3949
,,,,,,14/11/2012 Total,,1,2,4518,3949
,,,,,,23/02/2013,$10K - $30K,1,6,1660,6157
,,,,,,23/02/2013 Total,,1,6,1660,6157
,,,,,,13/04/2013,$110K - $130K,1,5,6531,7456
,,,,,,13/04/2013 Total,,1,5,6531,7456
,,,,,,27/06/2013,$50K - $70K,1,7,2198,9492
,,,,,,27/06/2013 Total,,1,7,2198,9492
,,,,,,14/11/2013,$30K - $50K,1,4,9760,13333
,,,,,,14/11/2013 Total,,1,4,9760,13333
,,,,,USA Total,,,9,37,41517,44213
,,,,OR Total,,,,9,37,41517,44213
,,,Salem Total,,,,,9,37,41517,44213
,,,San Andres,DF,Mexico,09/06/2013,$110K - $130K,1,4,1976,9033
,,,,,,09/06/2013 Total,,1,4,1976,9033
,,,,,,13/08/2013,$30K - $50K,1,3,7685,10780
,,,,,,13/08/2013 Total,,1,3,7685,10780
,,,,,Mexico Total,,,2,7,9661,19813
,,,,DF Total,,,,2,7,9661,19813
,,,San Andres Total,,,,,2,7,9661,19813
,,,San Diego,CA,USA,13/01/2012,$10K - $30K,1,3,20,98
,,,,,,13/01/2012 Total,,1,3,20,98
,,,,,USA Total,,,1,3,20,98
,,,,CA Total,,,,1,3,20,98
,,,San Diego Total,,,,,1,3,20,98
,,,San Francisco,CA,USA,14/05/2012,$30K - $50K,1,1,3605,1719
,,,,,,14/05/2012 Total,,1,1,3605,1719
,,,,,USA Total,,,1,1,3605,1719
,,,,CA Total,,,,1,1,3605,1719
,,,San Francisco Total,,,,,1,1,3605,1719
,,,Seattle,WA,USA,16/03/2012,$70K - $90K,1,4,7996,867
,,,,,,16/03/2012 Total,,1,4,7996,867
,,,,,,08/07/2012,$50K - $70K,1,3,6454,2371
,,,,,,08/07/2012 Total,,1,3,6454,2371
,,,,,,29/07/2012,$50K - $70K,1,3,563,2631
,,,,,,29/07/2012 Total,,1,3,563,2631
,,,,,,19/12/2013,$150K +,1,3,3630,13984
,,,,,,19/12/2013 Total,,1,3,3630,13984
,,,,,USA Total,,,4,13,18643,19853
,,,,WA Total,,,,4,13,18643,19853
,,,Seattle Total,,,,,4,13,18643,19853
,,,Spokane,WA,USA,18/11/2012,$90K - $110K,1,4,7072,4015
,,,,,,18/11/2012 Total,,1,4,7072,4015
,,,,,,12/03/2013,$30K - $50K,1,4,6957,6602
,,,,,,12/03/2013 Total,,1,4,6957,6602
,,,,,,20/05/2013,$30K - $50K,1,5,6957,8458
,,,,,,20/05/2013 Total,,1,5,6957,8458
,,,,,,15/07/2013,$70K - $90K,1,5,9510,10003
,,,,,,15/07/2013 Total,,1,5,9510,10003
,,,,,,10/09/2013,$10K - $30K,1,3,5592,11500
,,,,,,10/09/2013 Total,,1,3,5592,11500
,,,,,USA Total,,,5,21,36088,40578
,,,,WA Total,,,,5,21,36088,40578
,,,Spokane Total,,,,,5,21,36088,40578
,,,Tacoma,WA,USA,11/02/2012,$70K - $90K,1,3,8454,432
,,,,,,11/02/2012 Total,,1,3,8454,432
,,,,,,10/07/2012,$90K - $110K,1,5,4691,2386
,,,,,,10/07/2012 Total,,1,5,4691,2386
,,,,,,04/11/2012,$70K - $90K,1,4,8089,3835
,,,,,,04/11/2012 Total,,1,4,8089,3835
,,,,,,19/01/2013,$70K - $90K,1,4,216,5177
,,,,,,19/01/2013 Total,,1,4,216,5177
,,,,,,20/08/2013,$30K - $50K,1,3,5971,10953
,,,,,,20/08/2013 Total,,1,3,5971,10953
,,,,,USA Total,,,5,19,27421,22783
,,,,WA Total,,,,5,19,27421,22783
,,,Tacoma Total,,,,,5,19,27421,22783
,,,Vancouver,BC,Canada,05/10/2013,$10K - $30K,1,5,9280,12194
,,,,,,05/10/2013 Total,,1,5,9280,12194
,,,,,Canada Total,,,1,5,9280,12194
,,,,BC Total,,,,1,5,9280,12194
,,,Vancouver Total,,,,,1,5,9280,12194
,,,Victoria,BC,Canada,21/03/2013,$50K - $70K,1,3,9784,6827
,,,,,,21/03/2013 Total,,1,3,9784,6827
,,,,,,19/04/2013,$30K - $50K,1,3,2532,7603
,,,,,,19/04/2013 Total,,1,3,2532,7603
,,,,,Canada Total,,,2,6,12316,14430
,,,,BC Total,,,,2,6,12316,14430
,,,Victoria Total,,,,,2,6,12316,14430
,,,Yakima,WA,USA,18/05/2013,$30K - $50K,1,2,8945,8402
,,,,,,18/05/2013 Total,,1,2,8945,8402
,,,,,USA Total,,,1,2,8945,8402
,,,,WA Total,,,,1,2,8945,8402
,,,Yakima Total,,,,,1,2,8945,8402
,,S Total,,,,,,51,198,262687,325046
,F Total,,,,,,,93,378,480815,606940
,M,M,Acapulco,Guerrero,Mexico,10/03/2013,$50K - $70K,1,5,6027,6555
,,,,,,10/03/2013 Total,,1,5,6027,6555
,,,,,Mexico Total,,,1,5,6027,6555
,,,,Guerrero Total,,,,1,5,6027,6555
,,,Acapulco Total,,,,,1,5,6027,6555
,,,Bellingham,WA,USA,25/12/2011,$10K - $30K,1,1,1293,9
,,,,,,25/12/2011 Total,,1,1,1293,9
,,,,,USA Total,,,1,1,1293,9
,,,,WA Total,,,,1,1,1293,9
,,,Bellingham Total,,,,,1,1,1293,9
,,,Beverly Hills,CA,USA,15/07/2012,$10K - $30K,1,4,2389,2451
,,,,,,15/07/2012 Total,,1,4,2389,2451
,,,,,,07/11/2012,$90K - $110K,1,4,4320,3869
,,,,,,07/11/2012 Total,,1,4,4320,3869
,,,,,,04/08/2013,$30K - $50K,1,5,6970,10530
,,,,,,04/08/2013 Total,,1,5,6970,10530
,,,,,,24/11/2013,$10K - $30K,1,3,10061,13578
,,,,,,24/11/2013 Total,,1,3,10061,13578
,,,,,USA Total,,,4,16,23740,30428
,,,,CA Total,,,,4,16,23740,30428
,,,Beverly Hills Total,,,,,4,16,23740,30428
,,,Bremerton,WA,USA,22/01/2012,$50K - $70K,1,4,5991,184
,,,,,,22/01/2012 Total,,1,4,5991,184
,,,,,,21/06/2012,$70K - $90K,1,4,1622,2171
,,,,,,21/06/2012 Total,,1,4,1622,2171
,,,,,,27/12/2012,$10K - $30K,1,4,4527,4632
,,,,,,27/12/2012 Total,,1,4,4527,4632
,,,,,USA Total,,,3,12,12140,6987
,,,,WA Total,,,,3,12,12140,6987
,,,Bremerton Total,,,,,3,12,12140,6987
,,,Camacho,Zacatecas,Mexico,16/10/2013,$110K - $130K,1,6,5672,12493
,,,,,,16/10/2013 Total,,1,6,5672,12493
,,,,,,28/11/2013,$50K - $70K,1,5,4732,13679
,,,,,,28/11/2013 Total,,1,5,4732,13679
,,,,,Mexico Total,,,2,11,10404,26172
,,,,Zacatecas Total,,,,2,11,10404,26172
,,,Camacho Total,,,,,2,11,10404,26172
,,,Hidalgo,Zacatecas,Mexico,08/11/2013,$90K - $110K,1,6,850,13154
,,,,,,08/11/2013 Total,,1,6,850,13154
,,,,,Mexico Total,,,1,6,850,13154
,,,,Zacatecas Total,,,,1,6,850,13154
,,,Hidalgo Total,,,,,1,6,850,13154
,,,Los Angeles,CA,USA,19/02/2012,$10K - $30K,1,5,10102,523
,,,,,,19/02/2012 Total,,1,5,10102,523
,,,,,,03/07/2012,$110K - $130K,1,4,4537,2317
,,,,,,03/07/2012 Total,,1,4,4537,2317
,,,,,,11/10/2012,$50K - $70K,1,5,1539,3548
,,,,,,11/10/2012 Total,,1,5,1539,3548
,,,,,,01/12/2012,$30K - $50K,1,5,8457,4200
,,,,,,01/12/2012 Total,,1,5,8457,4200
,,,,,,26/12/2012,$30K - $50K,1,4,10098,4611
,,,,,,26/12/2012 Total,,1,4,10098,4611
,,,,,,06/04/2013,$30K - $50K,1,4,8709,7255
,,,,,,06/04/2013 Total,,1,4,8709,7255
,,,,,,26/06/2013,$50K - $70K,1,4,399,9468
,,,,,,26/06/2013 Total,,1,4,399,9468
,,,,,,19/07/2013,$70K - $90K,1,5,3683,10116
,,,,,,19/07/2013 Total,,1,5,3683,10116
,,,,,,26/09/2013,$30K - $50K,1,5,1152,11969
,,,,,,26/09/2013 Total,,1,5,1152,11969
,,,,,USA Total,,,9,41,48676,54007
,,,,CA Total,,,,9,41,48676,54007
,,,Los Angeles Total,,,,,9,41,48676,54007
,,,Mexico City,DF,Mexico,16/05/2013,$30K - $50K,1,5,2489,8349
,,,,,,16/05/2013 Total,,1,5,2489,8349
,,,,,Mexico Total,,,1,5,2489,8349
,,,,DF Total,,,,1,5,2489,8349
,,,Mexico City Total,,,,,1,5,2489,8349
,,,Portland,OR,USA,16/04/2012,$30K - $50K,1,6,1214,1326
,,,,,,16/04/2012 Total,,1,6,1214,1326
,,,,,,26/11/2012,$10K - $30K,1,3,9270,4133
,,,,,,26/11/2012 Total,,1,3,9270,4133
,,,,,,29/01/2013,$70K - $90K,1,3,5388,5427
,,,,,,29/01/2013 Total,,1,3,5388,5427
,,,,,,20/07/2013,$30K - $50K,1,4,7978,10165
,,,,,,20/07/2013 Total,,1,4,7978,10165
,,,,,USA Total,,,4,16,23850,21051
,,,,OR Total,,,,4,16,23850,21051
,,,Portland Total,,,,,4,16,23850,21051
,,,Salem,OR,USA,19/01/2012,$30K - $50K,1,6,5230,158
,,,,,,19/01/2012 Total,,1,6,5230,158
,,,,,,23/01/2012,$90K - $110K,1,4,304,194
,,,,,,23/01/2012 Total,,1,4,304,194
,,,,,USA Total,,,2,10,5534,352
,,,,OR Total,,,,2,10,5534,352
,,,Salem Total,,,,,2,10,5534,352
,,,San Andres,DF,Mexico,12/03/2013,$70K - $90K,1,3,5029,6621
,,,,,,12/03/2013 Total,,1,3,5029,6621
,,,,,Mexico Total,,,1,3,5029,6621
,,,,DF Total,,,,1,3,5029,6621
,,,San Andres Total,,,,,1,3,5029,6621
,,,Seattle,WA,USA,09/01/2012,$10K - $30K,1,6,2997,76
,,,,,,09/01/2012 Total,,1,6,2997,76
,,,,,,03/03/2012,$50K - $70K,1,5,5906,678
,,,,,,03/03/2012 Total,,1,5,5906,678
,,,,,,15/10/2012,$30K - $50K,1,3,4127,3583
,,,,,,15/10/2012 Total,,1,3,4127,3583
,,,,,USA Total,,,3,14,13030,4337
,,,,WA Total,,,,3,14,13030,4337
,,,Seattle Total,,,,,3,14,13030,4337
,,,Spokane,WA,USA,21/02/2012,$10K - $30K,1,3,8427,542
,,,,,,21/02/2012 Total,,1,3,8427,542
,,,,,,12/03/2012,$50K - $70K,1,5,1567,808
,,,,,,12/03/2012 Total,,1,5,1567,808
,,,,,,29/08/2012,$30K - $50K,1,4,9631,3012
,,,,,,29/08/2012 Total,,1,4,9631,3012
,,,,,,20/02/2013,$10K - $30K,1,4,9897,6075
,,,,,,20/02/2013 Total,,1,4,9897,6075
,,,,,,17/09/2013,$70K - $90K,1,5,5766,11689
,,,,,,17/09/2013 Total,,1,5,5766,11689
,,,,,USA Total,,,5,21,35288,22126
,,,,WA Total,,,,5,21,35288,22126
,,,Spokane Total,,,,,5,21,35288,22126
,,,Tacoma,WA,USA,23/08/2013,$70K - $90K,1,2,2295,11019
,,,,,,23/08/2013 Total,,1,2,2295,11019
,,,,,,20/09/2013,$30K - $50K,1,3,1470,11768
,,,,,,20/09/2013 Total,,1,3,1470,11768
,,,,,,07/11/2013,$10K - $30K,1,4,341,13122
,,,,,,07/11/2013 Total,,1,4,341,13122
,,,,,USA Total,,,3,9,4106,35909
,,,,WA Total,,,,3,9,4106,35909
,,,Tacoma Total,,,,,3,9,4106,35909
,,,Vancouver,BC,Canada,08/02/2013,$10K - $30K,1,5,3730,5728
,,,,,,08/02/2013 Total,,1,5,3730,5728
,,,,,Canada Total,,,1,5,3730,5728
,,,,BC Total,,,,1,5,3730,5728
,,,Vancouver Total,,,,,1,5,3730,5728
,,,Victoria,BC,Canada,08/04/2013,$50K - $70K,1,6,7958,7298
,,,,,,08/04/2013 Total,,1,6,7958,7298
,,,,,Canada Total,,,1,6,7958,7298
,,,,BC Total,,,,1,6,7958,7298
,,,Victoria Total,,,,,1,6,7958,7298
,,,Yakima,WA,USA,08/06/2013,$50K - $70K,1,4,739,9005
,,,,,,08/06/2013 Total,,1,4,739,9005
,,,,,,31/10/2013,$10K - $30K,1,6,1977,12912
,,,,,,31/10/2013 Total,,1,6,1977,12912
,,,,,USA Total,,,2,10,2716,21917
,,,,WA Total,,,,2,10,2716,21917
,,,Yakima Total,,,,,2,10,2716,21917
,,M Total,,,,,,44,191,206860,271000
,,S,Acapulco,Guerrero,Mexico,22/03/2013,$10K - $30K,1,3,7015,6847
,,,,,,22/03/2013 Total,,1,3,7015,6847
,,,,,,14/05/2013,$50K - $70K,1,4,10160,8286
,,,,,,14/05/2013 Total,,1,4,10160,8286
,,,,,Mexico Total,,,2,7,17175,15133
,,,,Guerrero Total,,,,2,7,17175,15133
,,,Acapulco Total,,,,,2,7,17175,15133
,,,Beverly Hills,CA,USA,01/02/2012,$30K - $50K,1,3,4337,297
,,,,,,01/02/2012 Total,,1,3,4337,297
,,,,,,24/09/2012,$150K +,1,5,1920,3312
,,,,,,24/09/2012 Total,,1,5,1920,3312
,,,,,,15/10/2012,$90K - $110K,1,3,3034,3596
,,,,,,15/10/2012 Total,,1,3,3034,3596
,,,,,,24/07/2013,$50K - $70K,1,4,1702,10236
,,,,,,24/07/2013 Total,,1,4,1702,10236
,,,,,USA Total,,,4,15,10993,17441
,,,,CA Total,,,,4,15,10993,17441
,,,Beverly Hills Total,,,,,4,15,10993,17441
,,,Bremerton,WA,USA,01/03/2012,$10K - $30K,1,5,9851,651
,,,,,,01/03/2012 Total,,1,5,9851,651
,,,,,,22/10/2012,$10K - $30K,1,3,7153,3652
,,,,,,22/10/2012 Total,,1,3,7153,3652
,,,,,,09/02/2013,$130K - $150K,1,4,7384,5740
,,,,,,09/02/2013 Total,,1,4,7384,5740
,,,,,,30/03/2013,$50K - $70K,1,5,3065,7081
,,,,,,30/03/2013 Total,,1,5,3065,7081
,,,,,USA Total,,,4,17,27453,17124
,,,,WA Total,,,,4,17,27453,17124
,,,Bremerton Total,,,,,4,17,27453,17124
,,,Camacho,Zacatecas,Mexico,16/10/2013,$10K - $30K,1,4,9456,12495
,,,,,,16/10/2013 Total,,1,4,9456,12495
,,,,,Mexico Total,,,1,4,9456,12495
,,,,Zacatecas Total,,,,1,4,9456,12495
,,,Camacho Total,,,,,1,4,9456,12495
,,,Hidalgo,Zacatecas,Mexico,15/07/2013,$30K - $50K,1,2,3210,9997
,,,,,,15/07/2013 Total,,1,2,3210,9997
,,,,,Mexico Total,,,1,2,3210,9997
,,,,Zacatecas Total,,,,1,2,3210,9997
,,,Hidalgo Total,,,,,1,2,3210,9997
,,,Los Angeles,CA,USA,02/08/2013,$50K - $70K,1,5,2200,10475
,,,,,,02/08/2013 Total,,1,5,2200,10475
,,,,,USA Total,,,1,5,2200,10475
,,,,CA Total,,,,1,5,2200,10475
,,,Los Angeles Total,,,,,1,5,2200,10475
,,,Merida,Yucatan,Mexico,19/12/2013,$90K - $110K,1,3,10208,13985
,,,,,,19/12/2013 Total,,1,3,10208,13985
,,,,,Mexico Total,,,1,3,10208,13985
,,,,Yucatan Total,,,,1,3,10208,13985
,,,Merida Total,,,,,1,3,10208,13985
,,,Mexico City,DF,Mexico,04/04/2013,$130K - $150K,1,6,5985,7213
,,,,,,04/04/2013 Total,,1,6,5985,7213
,,,,,,26/04/2013,$10K - $30K,1,4,5494,7811
,,,,,,26/04/2013 Total,,1,4,5494,7811
,,,,,Mexico Total,,,2,10,11479,15024
,,,,DF Total,,,,2,10,11479,15024
,,,Mexico City Total,,,,,2,10,11479,15024
,,,Orizaba,Veracruz,Mexico,24/01/2013,$130K - $150K,1,6,7376,5300
,,,,,,24/01/2013 Total,,1,6,7376,5300
,,,,,,25/01/2013,$50K - $70K,1,5,7158,5315
,,,,,,25/01/2013 Total,,1,5,7158,5315
,,,,,,04/10/2013,$30K - $50K,1,5,8203,12165
,,,,,,04/10/2013 Total,,1,5,8203,12165
,,,,,,19/10/2013,$30K - $50K,1,5,8203,12563
,,,,,,19/10/2013 Total,,1,5,8203,12563
,,,,,Mexico Total,,,4,21,30940,35343
,,,,Veracruz Total,,,,4,21,30940,35343
,,,Orizaba Total,,,,,4,21,30940,35343
,,,Portland,OR,USA,09/09/2012,$10K - $30K,1,4,8117,3140
,,,,,,09/09/2012 Total,,1,4,8117,3140
,,,,,,01/02/2013,$10K - $30K,1,3,81,5504
,,,,,,01/02/2013 Total,,1,3,81,5504
,,,,,,21/02/2013,$10K - $30K,1,6,8117,6087
,,,,,,21/02/2013 Total,,1,6,8117,6087
,,,,,,23/06/2013,$10K - $30K,1,4,1141,9402
,,,,,,23/06/2013 Total,,1,4,1141,9402
,,,,,,31/07/2013,$30K - $50K,1,5,1811,10426
,,,,,,31/07/2013 Total,,1,5,1811,10426
,,,,,,09/09/2013,$30K - $50K,1,2,3104,11456
,,,,,,09/09/2013 Total,,1,2,3104,11456
,,,,,USA Total,,,6,24,22371,46015
,,,,OR Total,,,,6,24,22371,46015
,,,Portland Total,,,,,6,24,22371,46015
,,,Salem,OR,USA,09/06/2012,$30K - $50K,1,6,7203,2043
,,,,,,09/06/2012 Total,,1,6,7203,2043
,,,,,,03/12/2012,$30K - $50K,1,4,5982,4238
,,,,,,03/12/2012 Total,,1,4,5982,4238
,,,,,,26/04/2013,$130K - $150K,1,6,1253,7798
,,,,,,26/04/2013 Total,,1,6,1253,7798
,,,,,,19/06/2013,$30K - $50K,1,5,3979,9294
,,,,,,19/06/2013 Total,,1,5,3979,9294
,,,,,USA Total,,,4,21,18417,23373
,,,,OR Total,,,,4,21,18417,23373
,,,Salem Total,,,,,4,21,18417,23373
,,,San Diego,CA,USA,06/06/2012,$30K - $50K,1,2,6641,2003
,,,,,,06/06/2012 Total,,1,2,6641,2003
,,,,,,26/01/2013,$70K - $90K,1,5,2929,5351
,,,,,,26/01/2013 Total,,1,5,2929,5351
,,,,,USA Total,,,2,7,9570,7354
,,,,CA Total,,,,2,7,9570,7354
,,,San Diego Total,,,,,2,7,9570,7354
,,,San Francisco,CA,USA,17/02/2013,$70K - $90K,1,2,3417,5977
,,,,,,17/02/2013 Total,,1,2,3417,5977
,,,,,USA Total,,,1,2,3417,5977
,,,,CA Total,,,,1,2,3417,5977
,,,San Francisco Total,,,,,1,2,3417,5977
,,,Seattle,WA,USA,09/03/2012,$50K - $70K,1,5,1466,761
,,,,,,09/03/2012 Total,,1,5,1466,761
,,,,,,16/06/2012,$10K - $30K,1,5,7257,2116
,,,,,,16/06/2012 Total,,1,5,7257,2116
,,,,,,11/09/2012,$10K - $30K,1,3,5335,3156
,,,,,,11/09/2012 Total,,1,3,5335,3156
,,,,,,15/06/2013,$10K - $30K,1,2,2002,9174
,,,,,,15/06/2013 Total,,1,2,2002,9174
,,,,,USA Total,,,4,15,16060,15207
,,,,WA Total,,,,4,15,16060,15207
,,,Seattle Total,,,,,4,15,16060,15207
,,,Spokane,WA,USA,25/08/2013,$10K - $30K,1,4,2371,11088
,,,,,,25/08/2013 Total,,1,4,2371,11088
,,,,,USA Total,,,1,4,2371,11088
,,,,WA Total,,,,1,4,2371,11088
,,,Spokane Total,,,,,1,4,2371,11088
,,,Tacoma,WA,USA,23/10/2012,$50K - $70K,1,3,3497,3671
,,,,,,23/10/2012 Total,,1,3,3497,3671
,,,,,,01/01/2013,$10K - $30K,1,4,7920,4737
,,,,,,01/01/2013 Total,,1,4,7920,4737
,,,,,,01/07/2013,$10K - $30K,1,3,5238,9605
,,,,,,01/07/2013 Total,,1,3,5238,9605
,,,,,,01/12/2013,$30K - $50K,1,5,4670,13745
,,,,,,01/12/2013 Total,,1,5,4670,13745
,,,,,USA Total,,,4,15,21325,31758
,,,,WA Total,,,,4,15,21325,31758
,,,Tacoma Total,,,,,4,15,21325,31758
,,,Vancouver,BC,Canada,25/03/2013,$50K - $70K,1,4,5207,6928
,,,,,,25/03/2013 Total,,1,4,5207,6928
,,,,,,22/04/2013,$10K - $30K,1,5,9444,7695
,,,,,,22/04/2013 Total,,1,5,9444,7695
,,,,,,24/05/2013,$50K - $70K,1,4,8875,8573
,,,,,,24/05/2013 Total,,1,4,8875,8573
,,,,,,02/06/2013,$30K - $50K,1,6,4346,8829
,,,,,,02/06/2013 Total,,1,6,4346,8829
,,,,,,11/06/2013,$30K - $50K,1,4,7587,9072
,,,,,,11/06/2013 Total,,1,4,7587,9072
,,,,,,12/07/2013,$110K - $130K,1,4,6882,9913
,,,,,,12/07/2013 Total,,1,4,6882,9913
,,,,,,29/08/2013,$50K - $70K,1,6,9038,11199
,,,,,,29/08/2013 Total,,1,6,9038,11199
,,,,,,23/10/2013,$50K - $70K,1,6,10171,12706
,,,,,,23/10/2013 Total,,1,6,10171,12706
,,,,,Canada Total,,,8,39,61550,74915
,,,,BC Total,,,,8,39,61550,74915
,,,Vancouver Total,,,,,8,39,61550,74915
,,,Yakima,WA,USA,08/05/2013,$70K - $90K,1,5,4985,8137
,,,,,,08/05/2013 Total,,1,5,4985,8137
,,,,,,02/09/2013,$90K - $110K,1,3,4958,11303
,,,,,,02/09/2013 Total,,1,3,4958,11303
,,,,,USA Total,,,2,8,9943,19440
,,,,WA Total,,,,2,8,9943,19440
,,,Yakima Total,,,,,2,8,9943,19440
,,S Total,,,,,,52,219,288138,382144
,M Total,,,,,,,96,410,494998,653144
Cleaning Supplies Total,,,,,,,,189,788,975813,1260084
Cold Remedies,F,M,Acapulco,Guerrero,Mexico,17/02/2013,$50K - $70K,1,5,4350,5956
,,,,,,17/02/2013 Total,,1,5,4350,5956
,,,,,Mexico Total,,,1,5,4350,5956
,,,,Guerrero Total,,,,1,5,4350,5956
,,,Acapulco Total,,,,,1,5,4350,5956
,,,Bellingham,WA,USA,20/10/2013,$30K - $50K,1,3,6468,12615
,,,,,,20/10/2013 Total,,1,3,6468,12615
,,,,,USA Total,,,1,3,6468,12615
,,,,WA Total,,,,1,3,6468,12615
,,,Bellingham Total,,,,,1,3,6468,12615
,,,Beverly Hills,CA,USA,02/07/2013,$10K - $30K,1,3,381,9622
,,,,,,02/07/2013 Total,,1,3,381,9622
,,,,,USA Total,,,1,3,381,9622
,,,,CA Total,,,,1,3,381,9622
,,,Beverly Hills Total,,,,,1,3,381,9622
,,,Camacho,Zacatecas,Mexico,13/08/2013,$30K - $50K,1,6,9901,10792
,,,,,,13/08/2013 Total,,1,6,9901,10792
,,,,,Mexico Total,,,1,6,9901,10792
,,,,Zacatecas Total,,,,1,6,9901,10792
,,,Camacho Total,,,,,1,6,9901,10792
,,,Hidalgo,Zacatecas,Mexico,27/03/2013,$30K - $50K,1,4,7134,6995
,,,,,,27/03/2013 Total,,1,4,7134,6995
,,,,,,28/06/2013,$10K - $30K,1,6,1787,9510
,,,,,,28/06/2013 Total,,1,6,1787,9510
,,,,,,29/08/2013,$70K - $90K,1,5,4226,11180
,,,,,,29/08/2013 Total,,1,5,4226,11180
,,,,,,29/09/2013,$30K - $50K,1,5,104,12055
,,,,,,29/09/2013 Total,,1,5,104,12055
,,,,,Mexico Total,,,4,20,13251,39740
,,,,Zacatecas Total,,,,4,20,13251,39740
,,,Hidalgo Total,,,,,4,20,13251,39740
,,,Los Angeles,CA,USA,08/03/2012,$10K - $30K,1,3,4385,749
,,,,,,08/03/2012 Total,,1,3,4385,749
,,,,,,14/06/2013,$90K - $110K,1,5,6845,9133
,,,,,,14/06/2013 Total,,1,5,6845,9133
,,,,,USA Total,,,2,8,11230,9882
,,,,CA Total,,,,2,8,11230,9882
,,,Los Angeles Total,,,,,2,8,11230,9882
,,,Merida,Yucatan,Mexico,17/07/2013,$130K - $150K,1,5,8775,10074
,,,,,,17/07/2013 Total,,1,5,8775,10074
,,,,,Mexico Total,,,1,5,8775,10074
,,,,Yucatan Total,,,,1,5,8775,10074
,,,Merida Total,,,,,1,5,8775,10074
,,,Portland,OR,USA,26/09/2013,$70K - $90K,1,5,10166,11950
,,,,,,26/09/2013 Total,,1,5,10166,11950
,,,,,,25/12/2013,$70K - $90K,1,4,2791,14032
,,,,,,25/12/2013 Total,,1,4,2791,14032
,,,,,USA Total,,,2,9,12957,25982
,,,,OR Total,,,,2,9,12957,25982
,,,Portland Total,,,,,2,9,12957,25982
,,,Salem,OR,USA,22/03/2012,$30K - $50K,1,6,8304,953
,,,,,,22/03/2012 Total,,1,6,8304,953
,,,,,USA Total,,,1,6,8304,953
,,,,OR Total,,,,1,6,8304,953
,,,Salem Total,,,,,1,6,8304,953
,,,San Andres,DF,Mexico,25/05/2013,$10K - $30K,1,3,8326,8605
,,,,,,25/05/2013 Total,,1,3,8326,8605
,,,,,Mexico Total,,,1,3,8326,8605
,,,,DF Total,,,,1,3,8326,8605
,,,San Andres Total,,,,,1,3,8326,8605
,,,Seattle,WA,USA,26/06/2012,$10K - $30K,1,5,5056,2239
,,,,,,26/06/2012 Total,,1,5,5056,2239
,,,,,,31/12/2012,$130K - $150K,1,3,1221,4707
,,,,,,31/12/2012 Total,,1,3,1221,4707
,,,,,,21/01/2013,$30K - $50K,1,5,2600,5231
,,,,,,21/01/2013 Total,,1,5,2600,5231
,,,,,USA Total,,,3,13,8877,12177
,,,,WA Total,,,,3,13,8877,12177
,,,Seattle Total,,,,,3,13,8877,12177
,,,Spokane,WA,USA,17/09/2012,$150K +,1,3,4727,3236
,,,,,,17/09/2012 Total,,1,3,4727,3236
,,,,,USA Total,,,1,3,4727,3236
,,,,WA Total,,,,1,3,4727,3236
,,,Spokane Total,,,,,1,3,4727,3236
,,,Tacoma,WA,USA,14/04/2012,$30K - $50K,1,3,8108,1307
,,,,,,14/04/2012 Total,,1,3,8108,1307
,,,,,,20/06/2012,$130K - $150K,1,2,7720,2158
,,,,,,20/06/2012 Total,,1,2,7720,2158
,,,,,,22/12/2012,$30K - $50K,1,5,1345,4546
,,,,,,22/12/2012 Total,,1,5,1345,4546
,,,,,,02/11/2013,$30K - $50K,1,4,9734,13002
,,,,,,02/11/2013 Total,,1,4,9734,13002
,,,,,USA Total,,,4,14,26907,21013
,,,,WA Total,,,,4,14,26907,21013
,,,Tacoma Total,,,,,4,14,26907,21013
,,,Vancouver,BC,Canada,02/04/2013,$50K - $70K,1,2,7776,7168
,,,,,,02/04/2013 Total,,1,2,7776,7168
,,,,,Canada Total,,,1,2,7776,7168
,,,,BC Total,,,,1,2,7776,7168
,,,Vancouver Total,,,,,1,2,7776,7168
,,,Walla Walla,WA,USA,29/09/2013,$130K - $150K,1,4,7865,12067
,,,,,,29/09/2013 Total,,1,4,7865,12067
,,,,,USA Total,,,1,4,7865,12067
,,,,WA Total,,,,1,4,7865,12067
,,,Walla Walla Total,,,,,1,4,7865,12067
,,M Total,,,,,,25,104,140095,189882
,,S,Acapulco,Guerrero,Mexico,26/10/2013,$10K - $30K,1,3,8397,12779
,,,,,,26/10/2013 Total,,1,3,8397,12779
,,,,,Mexico Total,,,1,3,8397,12779
,,,,Guerrero Total,,,,1,3,8397,12779
,,,Acapulco Total,,,,,1,3,8397,12779
,,,Beverly Hills,CA,USA,15/03/2012,$110K - $130K,1,4,5293,851
,,,,,,15/03/2012 Total,,1,4,5293,851
,,,,,,20/05/2013,$10K - $30K,1,5,1990,8442
,,,,,,20/05/2013 Total,,1,5,1990,8442
,,,,,USA Total,,,2,9,7283,9293
,,,,CA Total,,,,2,9,7283,9293
,,,Beverly Hills Total,,,,,2,9,7283,9293
,,,Hidalgo,Zacatecas,Mexico,19/02/2013,$10K - $30K,1,4,1853,6019
,,,,,,19/02/2013 Total,,1,4,1853,6019
,,,,,,19/03/2013,$70K - $90K,1,6,4049,6804
,,,,,,19/03/2013 Total,,1,6,4049,6804
,,,,,,10/08/2013,$50K - $70K,1,6,1972,10689
,,,,,,10/08/2013 Total,,1,6,1972,10689
,,,,,Mexico Total,,,3,16,7874,23512
,,,,Zacatecas Total,,,,3,16,7874,23512
,,,Hidalgo Total,,,,,3,16,7874,23512
,,,Los Angeles,CA,USA,17/02/2012,$50K - $70K,1,3,43,503
,,,,,,17/02/2012 Total,,1,3,43,503
,,,,,,23/04/2012,$10K - $30K,1,4,1602,1431
,,,,,,23/04/2012 Total,,1,4,1602,1431
,,,,,,14/10/2013,$10K - $30K,1,6,1990,12456
,,,,,,14/10/2013 Total,,1,6,1990,12456
,,,,,USA Total,,,3,13,3635,14390
,,,,CA Total,,,,3,13,3635,14390
,,,Los Angeles Total,,,,,3,13,3635,14390
,,,Merida,Yucatan,Mexico,01/07/2013,$10K - $30K,1,4,10008,9604
,,,,,,01/07/2013 Total,,1,4,10008,9604
,,,,,Mexico Total,,,1,4,10008,9604
,,,,Yucatan Total,,,,1,4,10008,9604
,,,Merida Total,,,,,1,4,10008,9604
,,,Orizaba,Veracruz,Mexico,05/01/2013,$70K - $90K,1,3,8534,4832
,,,,,,05/01/2013 Total,,1,3,8534,4832
,,,,,Mexico Total,,,1,3,8534,4832
,,,,Veracruz Total,,,,1,3,8534,4832
,,,Orizaba Total,,,,,1,3,8534,4832
,,,Salem,OR,USA,02/03/2013,$30K - $50K,1,3,7621,6356
,,,,,,02/03/2013 Total,,1,3,7621,6356
,,,,,,31/08/2013,$150K +,1,5,10118,11250
,,,,,,31/08/2013 Total,,1,5,10118,11250
,,,,,,03/11/2013,$70K - $90K,1,5,1339,13008
,,,,,,03/11/2013 Total,,1,5,1339,13008
,,,,,USA Total,,,3,13,19078,30614
,,,,OR Total,,,,3,13,19078,30614
,,,Salem Total,,,,,3,13,19078,30614
,,,San Diego,CA,USA,08/04/2012,$50K - $70K,1,5,2405,1207
,,,,,,08/04/2012 Total,,1,5,2405,1207
,,,,,,29/06/2012,$50K - $70K,1,6,3763,2283
,,,,,,29/06/2012 Total,,1,6,3763,2283
,,,,,,23/04/2013,$50K - $70K,1,6,1428,7706
,,,,,,23/04/2013 Total,,1,6,1428,7706
,,,,,,07/06/2013,$10K - $30K,1,2,1498,8965
,,,,,,07/06/2013 Total,,1,2,1498,8965
,,,,,USA Total,,,4,19,9094,20161
,,,,CA Total,,,,4,19,9094,20161
,,,San Diego Total,,,,,4,19,9094,20161
,,,San Francisco,CA,USA,15/02/2012,$50K - $70K,1,2,604,473
,,,,,,15/02/2012 Total,,1,2,604,473
,,,,,,19/10/2013,$30K - $50K,1,1,10023,12578
,,,,,,19/10/2013 Total,,1,1,10023,12578
,,,,,USA Total,,,2,3,10627,13051
,,,,CA Total,,,,2,3,10627,13051
,,,San Francisco Total,,,,,2,3,10627,13051
,,,Seattle,WA,USA,01/03/2012,$50K - $70K,1,4,2279,645
,,,,,,01/03/2012 Total,,1,4,2279,645
,,,,,,03/04/2012,$90K - $110K,1,5,5400,1141
,,,,,,03/04/2012 Total,,1,5,5400,1141
,,,,,,06/11/2012,$30K - $50K,1,5,8778,3866
,,,,,,06/11/2012 Total,,1,5,8778,3866
,,,,,USA Total,,,3,14,16457,5652
,,,,WA Total,,,,3,14,16457,5652
,,,Seattle Total,,,,,3,14,16457,5652
,,,Spokane,WA,USA,10/05/2012,$90K - $110K,1,5,7072,1672
,,,,,,10/05/2012 Total,,1,5,7072,1672
,,,,,USA Total,,,1,5,7072,1672
,,,,WA Total,,,,1,5,7072,1672
,,,Spokane Total,,,,,1,5,7072,1672
,,,Tacoma,WA,USA,24/04/2012,$30K - $50K,1,5,5501,1441
,,,,,,24/04/2012 Total,,1,5,5501,1441
,,,,,,27/07/2013,$30K - $50K,1,3,4340,10329
,,,,,,27/07/2013 Total,,1,3,4340,10329
,,,,,,11/10/2013,$30K - $50K,1,4,4231,12356
,,,,,,11/10/2013 Total,,1,4,4231,12356
,,,,,USA Total,,,3,12,14072,24126
,,,,WA Total,,,,3,12,14072,24126
,,,Tacoma Total,,,,,3,12,14072,24126
,,S Total,,,,,,27,114,122131,169686
,F Total,,,,,,,52,218,262226,359568
,M,M,Bellingham,WA,USA,30/04/2012,$10K - $30K,1,4,8277,1528
,,,,,,30/04/2012 Total,,1,4,8277,1528
,,,,,USA Total,,,1,4,8277,1528
,,,,WA Total,,,,1,4,8277,1528
,,,Bellingham Total,,,,,1,4,8277,1528
,,,Beverly Hills,CA,USA,14/05/2012,$130K - $150K,1,5,10080,1718
,,,,,,14/05/2012 Total,,1,5,10080,1718
,,,,,,23/11/2013,$30K - $50K,1,3,240,13547
,,,,,,23/11/2013 Total,,1,3,240,13547
,,,,,USA Total,,,2,8,10320,15265
,,,,CA Total,,,,2,8,10320,15265
,,,Beverly Hills Total,,,,,2,8,10320,15265
,,,Bremerton,WA,USA,07/07/2013,$150K +,1,4,7220,9765
,,,,,,07/07/2013 Total,,1,4,7220,9765
,,,,,USA Total,,,1,4,7220,9765
,,,,WA Total,,,,1,4,7220,9765
,,,Bremerton Total,,,,,1,4,7220,9765
,,,Camacho,Zacatecas,Mexico,19/05/2013,$10K - $30K,1,4,4947,8417
,,,,,,19/05/2013 Total,,1,4,4947,8417
,,,,,Mexico Total,,,1,4,4947,8417
,,,,Zacatecas Total,,,,1,4,4947,8417
,,,Camacho Total,,,,,1,4,4947,8417
,,,Mexico City,DF,Mexico,11/01/2013,$30K - $50K,1,3,3487,4993
,,,,,,11/01/2013 Total,,1,3,3487,4993
,,,,,Mexico Total,,,1,3,3487,4993
,,,,DF Total,,,,1,3,3487,4993
,,,Mexico City Total,,,,,1,3,3487,4993
,,,Portland,OR,USA,01/10/2012,$130K - $150K,1,4,1617,3386
,,,,,,01/10/2012 Total,,1,4,1617,3386
,,,,,USA Total,,,1,4,1617,3386
,,,,OR Total,,,,1,4,1617,3386
,,,Portland Total,,,,,1,4,1617,3386
,,,Salem,OR,USA,24/03/2012,$70K - $90K,1,4,7522,983
,,,,,,24/03/2012 Total,,1,4,7522,983
,,,,,,07/03/2013,$30K - $50K,1,4,5970,6472
,,,,,,07/03/2013 Total,,1,4,5970,6472
,,,,,,03/11/2013,$30K - $50K,1,4,2251,13010
,,,,,,03/11/2013 Total,,1,4,2251,13010
,,,,,USA Total,,,3,12,15743,20465
,,,,OR Total,,,,3,12,15743,20465
,,,Salem Total,,,,,3,12,15743,20465
,,,San Diego,CA,USA,02/03/2012,$70K - $90K,1,4,5789,670
,,,,,,02/03/2012 Total,,1,4,5789,670
,,,,,,09/08/2013,$10K - $30K,1,5,6972,10662
,,,,,,09/08/2013 Total,,1,5,6972,10662
,,,,,USA Total,,,2,9,12761,11332
,,,,CA Total,,,,2,9,12761,11332
,,,San Diego Total,,,,,2,9,12761,11332
,,,Seattle,WA,USA,19/08/2012,$50K - $70K,1,4,1684,2889
,,,,,,19/08/2012 Total,,1,4,1684,2889
,,,,,,12/04/2013,$10K - $30K,1,4,7148,7420
,,,,,,12/04/2013 Total,,1,4,7148,7420
,,,,,,08/07/2013,$30K - $50K,1,4,7548,9812
,,,,,,08/07/2013 Total,,1,4,7548,9812
,,,,,USA Total,,,3,12,16380,20121
,,,,WA Total,,,,3,12,16380,20121
,,,Seattle Total,,,,,3,12,16380,20121
,,,Yakima,WA,USA,17/05/2013,$30K - $50K,1,5,1289,8374
,,,,,,17/05/2013 Total,,1,5,1289,8374
,,,,,USA Total,,,1,5,1289,8374
,,,,WA Total,,,,1,5,1289,8374
,,,Yakima Total,,,,,1,5,1289,8374
,,M Total,,,,,,16,65,82041,103646
,,S,Beverly Hills,CA,USA,11/10/2013,$70K - $90K,1,5,8624,12371
,,,,,,11/10/2013 Total,,1,5,8624,12371
,,,,,,09/12/2013,$90K - $110K,1,5,2963,13878
,,,,,,09/12/2013 Total,,1,5,2963,13878
,,,,,USA Total,,,2,10,11587,26249
,,,,CA Total,,,,2,10,11587,26249
,,,Beverly Hills Total,,,,,2,10,11587,26249
,,,Bremerton,WA,USA,22/02/2013,$30K - $50K,1,5,2924,6114
,,,,,,22/02/2013 Total,,1,5,2924,6114
,,,,,USA Total,,,1,5,2924,6114
,,,,WA Total,,,,1,5,2924,6114
,,,Bremerton Total,,,,,1,5,2924,6114
,,,Hidalgo,Zacatecas,Mexico,18/09/2013,$30K - $50K,1,4,7239,11715
,,,,,,18/09/2013 Total,,1,4,7239,11715
,,,,,Mexico Total,,,1,4,7239,11715
,,,,Zacatecas Total,,,,1,4,7239,11715
,,,Hidalgo Total,,,,,1,4,7239,11715
,,,Merida,Yucatan,Mexico,28/08/2013,$70K - $90K,1,5,8870,11156
,,,,,,28/08/2013 Total,,1,5,8870,11156
,,,,,Mexico Total,,,1,5,8870,11156
,,,,Yucatan Total,,,,1,5,8870,11156
,,,Merida Total,,,,,1,5,8870,11156
,,,Mexico City,DF,Mexico,28/02/2013,$30K - $50K,1,4,3077,6309
,,,,,,28/02/2013 Total,,1,4,3077,6309
,,,,,,15/03/2013,$30K - $50K,1,2,568,6681
,,,,,,15/03/2013 Total,,1,2,568,6681
,,,,,Mexico Total,,,2,6,3645,12990
,,,,DF Total,,,,2,6,3645,12990
,,,Mexico City Total,,,,,2,6,3645,12990
,,,Salem,OR,USA,05/05/2012,$10K - $30K,1,3,2632,1603
,,,,,,05/05/2012 Total,,1,3,2632,1603
,,,,,,12/06/2012,$90K - $110K,1,3,3854,2062
,,,,,,12/06/2012 Total,,1,3,3854,2062
,,,,,,19/07/2013,$30K - $50K,1,5,950,10134
,,,,,,19/07/2013 Total,,1,5,950,10134
,,,,,USA Total,,,3,11,7436,13799
,,,,OR Total,,,,3,11,7436,13799
,,,Salem Total,,,,,3,11,7436,13799
,,,San Andres,DF,Mexico,28/02/2013,$30K - $50K,1,6,911,6306
,,,,,,28/02/2013 Total,,1,6,911,6306
,,,,,,07/04/2013,$10K - $30K,1,3,8865,7270
,,,,,,07/04/2013 Total,,1,3,8865,7270
,,,,,,04/09/2013,$30K - $50K,1,4,1117,11338
,,,,,,04/09/2013 Total,,1,4,1117,11338
,,,,,Mexico Total,,,3,13,10893,24914
,,,,DF Total,,,,3,13,10893,24914
,,,San Andres Total,,,,,3,13,10893,24914
,,,Seattle,WA,USA,06/04/2012,$50K - $70K,1,4,5109,1187
,,,,,,06/04/2012 Total,,1,4,5109,1187
,,,,,,10/11/2013,$50K - $70K,1,2,1466,13200
,,,,,,10/11/2013 Total,,1,2,1466,13200
,,,,,USA Total,,,2,6,6575,14387
,,,,WA Total,,,,2,6,6575,14387
,,,Seattle Total,,,,,2,6,6575,14387
,,,Spokane,WA,USA,20/11/2012,$10K - $30K,1,4,2019,4036
,,,,,,20/11/2012 Total,,1,4,2019,4036
,,,,,,09/03/2013,$10K - $30K,1,3,2371,6537
,,,,,,09/03/2013 Total,,1,3,2371,6537
,,,,,USA Total,,,2,7,4390,10573
,,,,WA Total,,,,2,7,4390,10573
,,,Spokane Total,,,,,2,7,4390,10573
,,,Tacoma,WA,USA,09/07/2013,$10K - $30K,1,4,5877,9834
,,,,,,09/07/2013 Total,,1,4,5877,9834
,,,,,USA Total,,,1,4,5877,9834
,,,,WA Total,,,,1,4,5877,9834
,,,Tacoma Total,,,,,1,4,5877,9834
,,,Vancouver,BC,Canada,05/09/2013,$30K - $50K,1,5,4870,11379
,,,,,,05/09/2013 Total,,1,5,4870,11379
,,,,,,02/10/2013,$110K - $130K,1,4,9352,12117
,,,,,,02/10/2013 Total,,1,4,9352,12117
,,,,,,10/10/2013,$10K - $30K,1,4,9304,12330
,,,,,,10/10/2013 Total,,1,4,9304,12330
,,,,,,05/11/2013,$30K - $50K,1,3,6689,13080
,,,,,,05/11/2013 Total,,1,3,6689,13080
,,,,,,11/11/2013,$30K - $50K,1,6,8375,13257
,,,,,,11/11/2013 Total,,1,6,8375,13257
,,,,,Canada Total,,,5,22,38590,62163
,,,,BC Total,,,,5,22,38590,62163
,,,Vancouver Total,,,,,5,22,38590,62163
,,,Walla Walla,WA,USA,06/06/2013,$10K - $30K,1,4,566,8931
,,,,,,06/06/2013 Total,,1,4,566,8931
,,,,,USA Total,,,1,4,566,8931
,,,,WA Total,,,,1,4,566,8931
,,,Walla Walla Total,,,,,1,4,566,8931
,,,Yakima,WA,USA,26/07/2012,$30K - $50K,1,2,6105,2604
,,,,,,26/07/2012 Total,,1,2,6105,2604
,,,,,USA Total,,,1,2,6105,2604
,,,,WA Total,,,,1,2,6105,2604
,,,Yakima Total,,,,,1,2,6105,2604
,,S Total,,,,,,25,99,114697,215429
,M Total,,,,,,,41,164,196738,319075
Cold Remedies Total,,,,,,,,93,382,458964,678643
Dairy,F,M,Acapulco,Guerrero,Mexico,10/05/2013,$50K - $70K,1,5,491,8198
,,,,,,10/05/2013 Total,,1,5,491,8198
,,,,,,02/07/2013,$10K - $30K,1,5,680,9636
,,,,,,02/07/2013 Total,,1,5,680,9636
,,,,,Mexico Total,,,2,10,1171,17834
,,,,Guerrero Total,,,,2,10,1171,17834
,,,Acapulco Total,,,,,2,10,1171,17834
,,,Beverly Hills,CA,USA,06/03/2012,$30K - $50K,1,3,1379,718
,,,,,,06/03/2012 Total,,1,3,1379,718
,,,,,,18/04/2012,$10K - $30K,1,6,7856,1360
,,,,,,18/04/2012 Total,,1,6,7856,1360
,,,,,,27/04/2012,$50K - $70K,1,6,9033,1486
,,,,,,27/04/2012 Total,,1,6,9033,1486
,,,,,,08/05/2012,$130K - $150K,1,4,8594,1646
,,,,,,08/05/2012 Total,,1,4,8594,1646
,,,,,,19/05/2012,$10K - $30K,1,4,6024,1765
,,,,,,19/05/2012 Total,,1,4,6024,1765
,,,,,,07/01/2013,$110K - $130K,1,4,4825,4875
,,,,,,07/01/2013 Total,,1,4,4825,4875
,,,,,,09/07/2013,$70K - $90K,1,3,4488,9837
,,,,,,09/07/2013 Total,,1,3,4488,9837
,,,,,,13/09/2013,$70K - $90K,1,3,5493,11600
,,,,,,13/09/2013 Total,,1,3,5493,11600
,,,,,,21/09/2013,$30K - $50K,1,5,112,11805
,,,,,,21/09/2013 Total,,1,5,112,11805
,,,,,,27/11/2013,$30K - $50K,1,3,3585,13645
,,,,,,27/11/2013 Total,,1,3,3585,13645
,,,,,USA Total,,,10,41,51389,58737
,,,,CA Total,,,,10,41,51389,58737
,,,Beverly Hills Total,,,,,10,41,51389,58737
,,,Bremerton,WA,USA,19/06/2012,$10K - $30K,1,6,7056,2140
,,,,,,19/06/2012 Total,,1,6,7056,2140
,,,,,,16/07/2012,$50K - $70K,1,3,9524,2474
,,,,,,16/07/2012 Total,,1,3,9524,2474
,,,,,,17/08/2012,$90K - $110K,1,4,5346,2866
,,,,,,17/08/2012 Total,,1,4,5346,2866
,,,,,,27/01/2013,$30K - $50K,1,4,1551,5373
,,,,,,27/01/2013 Total,,1,4,1551,5373
,,,,,,27/02/2013,$50K - $70K,1,5,4541,6283
,,,,,,27/02/2013 Total,,1,5,4541,6283
,,,,,,28/04/2013,$30K - $50K,1,2,1551,7856
,,,,,,28/04/2013 Total,,1,2,1551,7856
,,,,,USA Total,,,6,24,29569,26992
,,,,WA Total,,,,6,24,29569,26992
,,,Bremerton Total,,,,,6,24,29569,26992
,,,Camacho,Zacatecas,Mexico,11/01/2013,$70K - $90K,1,5,965,4989
,,,,,,11/01/2013 Total,,1,5,965,4989
,,,,,,17/01/2013,$90K - $110K,1,3,7946,5127
,,,,,,17/01/2013 Total,,1,3,7946,5127
,,,,,,11/04/2013,$30K - $50K,1,6,4571,7393
,,,,,,11/04/2013 Total,,1,6,4571,7393
,,,,,,20/04/2013,$70K - $90K,1,3,4807,7638
,,,,,,20/04/2013 Total,,1,3,4807,7638
,,,,,,09/05/2013,$30K - $50K,1,5,1038,8180
,,,,,,09/05/2013 Total,,1,5,1038,8180
,,,,,,02/06/2013,$90K - $110K,1,6,7946,8825
,,,,,,02/06/2013 Total,,1,6,7946,8825
,,,,,,24/07/2013,$110K - $130K,1,4,2175,10249
,,,,,,24/07/2013 Total,,1,4,2175,10249
,,,,,,02/08/2013,$70K - $90K,1,2,3186,10462
,,,,,,02/08/2013 Total,,1,2,3186,10462
,,,,,,31/08/2013,$30K - $50K,1,3,4571,11247
,,,,,,31/08/2013 Total,,1,3,4571,11247
,,,,,,05/09/2013,$70K - $90K,1,4,2551,11375
,,,,,,05/09/2013 Total,,1,4,2551,11375
,,,,,,27/10/2013,$30K - $50K,1,4,4571,12803
,,,,,,27/10/2013 Total,,1,4,4571,12803
,,,,,Mexico Total,,,11,45,44327,98288
,,,,Zacatecas Total,,,,11,45,44327,98288
,,,Camacho Total,,,,,11,45,44327,98288
,,,Guadalajara,Jalisco,Mexico,29/05/2013,$10K - $30K,1,4,1494,8725
,,,,,,29/05/2013 Total,,1,4,1494,8725
,,,,,,05/10/2013,$10K - $30K,1,1,1494,12207
,,,,,,05/10/2013 Total,,1,1,1494,12207
,,,,,Mexico Total,,,2,5,2988,20932
,,,,Jalisco Total,,,,2,5,2988,20932
,,,Guadalajara Total,,,,,2,5,2988,20932
,,,Hidalgo,Zacatecas,Mexico,15/01/2013,$110K - $130K,1,5,7063,5087
,,,,,,15/01/2013 Total,,1,5,7063,5087
,,,,,,29/01/2013,$70K - $90K,1,6,6652,5429
,,,,,,29/01/2013 Total,,1,6,6652,5429
,,,,,,20/02/2013,$10K - $30K,2,8,5515,12124
,,,,,,20/02/2013 Total,,2,8,5515,12124
,,,,,,22/02/2013,$30K - $50K,1,4,1495,6110
,,,,,,22/02/2013 Total,,1,4,1495,6110
,,,,,,23/04/2013,$70K - $90K,1,3,6652,7710
,,,,,,23/04/2013 Total,,1,3,6652,7710
,,,,,,02/05/2013,$50K - $70K,1,5,789,7972
,,,,,,02/05/2013 Total,,1,5,789,7972
,,,,,,22/05/2013,$10K - $30K,1,2,10253,8512
,,,,,,22/05/2013 Total,,1,2,10253,8512
,,,,,,23/05/2013,$50K - $70K,1,5,4579,8549
,,,,,,23/05/2013 Total,,1,5,4579,8549
,,,,,,31/05/2013,$50K - $70K,1,4,789,8780
,,,,,,31/05/2013 Total,,1,4,789,8780
,,,,,,16/07/2013,$10K - $30K,1,3,1444,10022
,,,,,,16/07/2013 Total,,1,3,1444,10022
,,,,,,18/08/2013,$130K - $150K,1,5,8522,10915
,,,,,,18/08/2013 Total,,1,5,8522,10915
,,,,,,23/08/2013,$50K - $70K,1,4,789,11022
,,,,,,23/08/2013 Total,,1,4,789,11022
,,,,,,13/09/2013,$70K - $90K,1,3,6652,11588
,,,,,,13/09/2013 Total,,1,3,6652,11588
,,,,,,28/09/2013,$70K - $90K,1,5,8363,12031
,,,,,,28/09/2013 Total,,1,5,8363,12031
,,,,,,30/09/2013,$30K - $50K,1,5,2023,12073
,,,,,,30/09/2013 Total,,1,5,2023,12073
,,,,,,02/10/2013,$30K - $50K,1,5,104,12129
,,,,,,02/10/2013 Total,,1,5,104,12129
,,,,,,04/10/2013,$70K - $90K,1,4,9868,12166
,,,,,,04/10/2013 Total,,1,4,9868,12166
,,,,,,19/10/2013,$50K - $70K,1,4,4579,12562
,,,,,,19/10/2013 Total,,1,4,4579,12562
,,,,,,23/10/2013,$10K - $30K,2,11,3231,25381
,,,,,,23/10/2013 Total,,2,11,3231,25381
,,,,,Mexico Total,,,21,91,89362,200162
,,,,Zacatecas Total,,,,21,91,89362,200162
,,,Hidalgo Total,,,,,21,91,89362,200162
,,,Los Angeles,CA,USA,10/01/2012,$10K - $30K,1,4,7823,84
,,,,,,10/01/2012 Total,,1,4,7823,84
,,,,,,12/01/2012,$70K - $90K,1,5,4544,90
,,,,,,12/01/2012 Total,,1,5,4544,90
,,,,,,26/05/2012,$50K - $70K,1,3,7035,1873
,,,,,,26/05/2012 Total,,1,3,7035,1873
,,,,,,02/06/2012,$30K - $50K,1,4,5531,1954
,,,,,,02/06/2012 Total,,1,4,5531,1954
,,,,,,20/06/2012,$30K - $50K,1,3,4191,2148
,,,,,,20/06/2012 Total,,1,3,4191,2148
,,,,,,25/01/2013,$90K - $110K,1,6,1576,5314
,,,,,,25/01/2013 Total,,1,6,1576,5314
,,,,,,16/02/2013,$70K - $90K,1,4,7638,5946
,,,,,,16/02/2013 Total,,1,4,7638,5946
,,,,,,04/04/2013,$10K - $30K,1,5,8815,7200
,,,,,,04/04/2013 Total,,1,5,8815,7200
,,,,,,20/06/2013,$30K - $50K,1,3,1052,9297
,,,,,,20/06/2013 Total,,1,3,1052,9297
,,,,,,17/08/2013,$70K - $90K,1,4,4558,10886
,,,,,,17/08/2013 Total,,1,4,4558,10886
,,,,,,18/09/2013,$10K - $30K,1,5,10104,11718
,,,,,,18/09/2013 Total,,1,5,10104,11718
,,,,,,30/10/2013,$70K - $90K,1,4,5301,12900
,,,,,,30/10/2013 Total,,1,4,5301,12900
,,,,,,06/11/2013,$30K - $50K,1,4,2890,13096
,,,,,,06/11/2013 Total,,1,4,2890,13096
,,,,,USA Total,,,13,54,71058,82506
,,,,CA Total,,,,13,54,71058,82506
,,,Los Angeles Total,,,,,13,54,71058,82506
,,,Merida,Yucatan,Mexico,20/01/2013,$10K - $30K,1,5,1753,5215
,,,,,,20/01/2013 Total,,1,5,1753,5215
,,,,,,28/02/2013,$30K - $50K,1,4,9249,6310
,,,,,,28/02/2013 Total,,1,4,9249,6310
,,,,,,07/03/2013,$70K - $90K,1,5,8592,6480
,,,,,,07/03/2013 Total,,1,5,8592,6480
,,,,,,25/03/2013,$30K - $50K,1,3,5481,6943
,,,,,,25/03/2013 Total,,1,3,5481,6943
,,,,,,08/04/2013,$30K - $50K,1,4,1578,7326
,,,,,,08/04/2013 Total,,1,4,1578,7326
,,,,,,10/04/2013,$30K - $50K,1,4,5851,7362
,,,,,,10/04/2013 Total,,1,4,5851,7362
,,,,,,16/04/2013,$30K - $50K,1,2,5481,7525
,,,,,,16/04/2013 Total,,1,2,5481,7525
,,,,,,19/05/2013,$10K - $30K,1,3,7356,8418
,,,,,,19/05/2013 Total,,1,3,7356,8418
,,,,,,31/05/2013,$130K - $150K,1,4,8775,8785
,,,,,,31/05/2013 Total,,1,4,8775,8785
,,,,,,05/07/2013,$30K - $50K,1,4,2500,9712
,,,,,,05/07/2013 Total,,1,4,2500,9712
,,,,,,07/09/2013,$10K - $30K,1,4,8087,11426
,,,,,,07/09/2013 Total,,1,4,8087,11426
,,,,,,13/09/2013,$50K - $70K,1,5,4655,11591
,,,,,,13/09/2013 Total,,1,5,4655,11591
,,,,,,07/11/2013,$130K - $150K,1,4,8775,13117
,,,,,,07/11/2013 Total,,1,4,8775,13117
,,,,,Mexico Total,,,13,51,78133,110210
,,,,Yucatan Total,,,,13,51,78133,110210
,,,Merida Total,,,,,13,51,78133,110210
,,,Mexico City,DF,Mexico,26/03/2013,$70K - $90K,1,2,3162,6975
,,,,,,26/03/2013 Total,,1,2,3162,6975
,,,,,,07/04/2013,$130K - $150K,1,4,6677,7296
,,,,,,07/04/2013 Total,,1,4,6677,7296
,,,,,,04/09/2013,$30K - $50K,1,4,8510,11346
,,,,,,04/09/2013 Total,,1,4,8510,11346
,,,,,Mexico Total,,,3,10,18349,25617
,,,,DF Total,,,,3,10,18349,25617
,,,Mexico City Total,,,,,3,10,18349,25617
,,,Orizaba,Veracruz,Mexico,22/06/2013,$70K - $90K,1,3,1402,9376
,,,,,,22/06/2013 Total,,1,3,1402,9376
,,,,,,28/06/2013,$70K - $90K,1,2,1402,9519
,,,,,,28/06/2013 Total,,1,2,1402,9519
,,,,,,09/12/2013,$30K - $50K,1,3,3601,13875
,,,,,,09/12/2013 Total,,1,3,3601,13875
,,,,,Mexico Total,,,3,8,6405,32770
,,,,Veracruz Total,,,,3,8,6405,32770
,,,Orizaba Total,,,,,3,8,6405,32770
,,,Portland,OR,USA,15/07/2012,$70K - $90K,1,5,5405,2460
,,,,,,15/07/2012 Total,,1,5,5405,2460
,,,,,,19/08/2012,$30K - $50K,1,5,4562,2881
,,,,,,19/08/2012 Total,,1,5,4562,2881
,,,,,,11/09/2012,$110K - $130K,1,5,1049,3157
,,,,,,11/09/2012 Total,,1,5,1049,3157
,,,,,,04/10/2012,$70K - $90K,1,4,5405,3447
,,,,,,04/10/2012 Total,,1,4,5405,3447
,,,,,,14/10/2012,$30K - $50K,1,2,2886,3574
,,,,,,14/10/2012 Total,,1,2,2886,3574
,,,,,,19/12/2012,$30K - $50K,1,4,6084,4482
,,,,,,19/12/2012 Total,,1,4,6084,4482
,,,,,,01/03/2013,$110K - $130K,1,5,8146,6315
,,,,,,01/03/2013 Total,,1,5,8146,6315
,,,,,,12/04/2013,$30K - $50K,1,6,9115,7432
,,,,,,12/04/2013 Total,,1,6,9115,7432
,,,,,,26/05/2013,$70K - $90K,1,4,3311,8640
,,,,,,26/05/2013 Total,,1,4,3311,8640
,,,,,,15/06/2013,$70K - $90K,1,5,7852,9166
,,,,,,15/06/2013 Total,,1,5,7852,9166
,,,,,,02/07/2013,$90K - $110K,1,4,5429,9637
,,,,,,02/07/2013 Total,,1,4,5429,9637
,,,,,USA Total,,,11,49,59244,61191
,,,,OR Total,,,,11,49,59244,61191
,,,Portland Total,,,,,11,49,59244,61191
,,,Salem,OR,USA,03/01/2012,$50K - $70K,1,5,9812,48
,,,,,,03/01/2012 Total,,1,5,9812,48
,,,,,,05/01/2012,$10K - $30K,1,3,3490,58
,,,,,,,$50K - $70K,1,3,10070,60
,,,,,,05/01/2012 Total,,2,6,13560,118
,,,,,,09/03/2012,$70K - $90K,1,6,893,766
,,,,,,09/03/2012 Total,,1,6,893,766
,,,,,,03/07/2012,$10K - $30K,1,4,7359,2321
,,,,,,03/07/2012 Total,,1,4,7359,2321
,,,,,,24/07/2012,$70K - $90K,1,3,8207,2572
,,,,,,24/07/2012 Total,,1,3,8207,2572
,,,,,,30/07/2012,$30K - $50K,1,7,2716,2646
,,,,,,30/07/2012 Total,,1,7,2716,2646
,,,,,,15/12/2012,$10K - $30K,1,4,4004,4419
,,,,,,15/12/2012 Total,,1,4,4004,4419
,,,,,,07/02/2013,$10K - $30K,1,2,5088,5701
,,,,,,07/02/2013 Total,,1,2,5088,5701
,,,,,,21/02/2013,$90K - $110K,1,7,484,6094
,,,,,,21/02/2013 Total,,1,7,484,6094
,,,,,,24/02/2013,$50K - $70K,1,5,9025,6189
,,,,,,24/02/2013 Total,,1,5,9025,6189
,,,,,,14/03/2013,$10K - $30K,1,3,7359,6669
,,,,,,14/03/2013 Total,,1,3,7359,6669
,,,,,,25/03/2013,$50K - $70K,1,6,697,6923
,,,,,,25/03/2013 Total,,1,6,697,6923
,,,,,,02/04/2013,$10K - $30K,1,4,5088,7160
,,,,,,02/04/2013 Total,,1,4,5088,7160
,,,,,,22/08/2013,$130K - $150K,1,5,4396,11004
,,,,,,22/08/2013 Total,,1,5,4396,11004
,,,,,,03/09/2013,$30K - $50K,1,3,4583,11321
,,,,,,03/09/2013 Total,,1,3,4583,11321
,,,,,,21/11/2013,$110K - $130K,1,3,9788,13505
,,,,,,21/11/2013 Total,,1,3,9788,13505
,,,,,,24/11/2013,$10K - $30K,1,6,2327,13580
,,,,,,,$90K - $110K,1,4,117,13581
,,,,,,24/11/2013 Total,,2,10,2444,27161
,,,,,,11/12/2013,$130K - $150K,1,3,208,13913
,,,,,,11/12/2013 Total,,1,3,208,13913
,,,,,USA Total,,,20,86,95711,128530
,,,,OR Total,,,,20,86,95711,128530
,,,Salem Total,,,,,20,86,95711,128530
,,,San Andres,DF,Mexico,06/02/2013,$30K - $50K,1,4,9830,5659
,,,,,,06/02/2013 Total,,1,4,9830,5659
,,,,,,08/02/2013,$30K - $50K,1,6,5767,5708
,,,,,,08/02/2013 Total,,1,6,5767,5708
,,,,,,24/04/2013,$70K - $90K,1,4,1448,7750
,,,,,,24/04/2013 Total,,1,4,1448,7750
,,,,,,12/07/2013,$50K - $70K,1,5,9438,9915
,,,,,,12/07/2013 Total,,1,5,9438,9915
,,,,,,12/08/2013,$30K - $50K,1,7,8337,10741
,,,,,,12/08/2013 Total,,1,7,8337,10741
,,,,,,18/09/2013,$50K - $70K,1,5,6461,11732
,,,,,,18/09/2013 Total,,1,5,6461,11732
,,,,,,24/09/2013,$70K - $90K,1,4,683,11894
,,,,,,24/09/2013 Total,,1,4,683,11894
,,,,,,25/09/2013,$30K - $50K,1,4,1663,11919
,,,,,,25/09/2013 Total,,1,4,1663,11919
,,,,,,29/11/2013,$10K - $30K,1,5,5657,13685
,,,,,,29/11/2013 Total,,1,5,5657,13685
,,,,,,23/12/2013,$30K - $50K,1,6,2708,14017
,,,,,,23/12/2013 Total,,1,6,2708,14017
,,,,,Mexico Total,,,10,50,51992,103020
,,,,DF Total,,,,10,50,51992,103020
,,,San Andres Total,,,,,10,50,51992,103020
,,,San Diego,CA,USA,02/03/2012,$70K - $90K,1,4,2775,657
,,,,,,02/03/2012 Total,,1,4,2775,657
,,,,,,02/05/2012,$70K - $90K,1,4,2775,1554
,,,,,,02/05/2012 Total,,1,4,2775,1554
,,,,,,16/08/2012,$30K - $50K,1,3,5774,2857
,,,,,,16/08/2012 Total,,1,3,5774,2857
,,,,,,22/08/2012,$30K - $50K,1,4,3199,2927
,,,,,,22/08/2012 Total,,1,4,3199,2927
,,,,,,03/10/2012,$10K - $30K,1,6,8161,3421
,,,,,,03/10/2012 Total,,1,6,8161,3421
,,,,,,20/10/2012,$10K - $30K,1,6,1146,3640
,,,,,,20/10/2012 Total,,1,6,1146,3640
,,,,,,06/01/2013,$70K - $90K,1,5,10021,4845
,,,,,,06/01/2013 Total,,1,5,10021,4845
,,,,,,17/01/2013,$70K - $90K,1,6,4943,5113
,,,,,,17/01/2013 Total,,1,6,4943,5113
,,,,,,10/04/2013,$30K - $50K,1,4,257,7373
,,,,,,10/04/2013 Total,,1,4,257,7373
,,,,,,13/08/2013,$70K - $90K,1,6,2050,10768
,,,,,,13/08/2013 Total,,1,6,2050,10768
,,,,,,07/10/2013,$110K - $130K,1,4,2168,12249
,,,,,,07/10/2013 Total,,1,4,2168,12249
,,,,,,22/10/2013,$50K - $70K,1,5,7519,12664
,,,,,,22/10/2013 Total,,1,5,7519,12664
,,,,,,12/11/2013,$30K - $50K,1,3,526,13269
,,,,,,12/11/2013 Total,,1,3,526,13269
,,,,,USA Total,,,13,60,51314,81337
,,,,CA Total,,,,13,60,51314,81337
,,,San Diego Total,,,,,13,60,51314,81337
,,,San Francisco,CA,USA,24/03/2012,$50K - $70K,1,3,7066,979
,,,,,,24/03/2012 Total,,1,3,7066,979
,,,,,,22/06/2012,$10K - $30K,1,4,4587,2186
,,,,,,22/06/2012 Total,,1,4,4587,2186
,,,,,,28/09/2013,$30K - $50K,1,1,1639,12030
,,,,,,28/09/2013 Total,,1,1,1639,12030
,,,,,USA Total,,,3,8,13292,15195
,,,,CA Total,,,,3,8,13292,15195
,,,San Francisco Total,,,,,3,8,13292,15195
,,,Seattle,WA,USA,16/01/2012,$90K - $110K,1,3,7075,131
,,,,,,16/01/2012 Total,,1,3,7075,131
,,,,,,19/05/2012,$50K - $70K,1,4,2035,1780
,,,,,,19/05/2012 Total,,1,4,2035,1780
,,,,,,08/07/2012,$30K - $50K,1,4,1313,2369
,,,,,,08/07/2012 Total,,1,4,1313,2369
,,,,,,12/07/2012,$10K - $30K,1,4,9017,2414
,,,,,,12/07/2012 Total,,1,4,9017,2414
,,,,,,22/09/2012,$130K - $150K,1,5,8541,3297
,,,,,,22/09/2012 Total,,1,5,8541,3297
,,,,,,04/01/2013,$10K - $30K,1,5,9513,4800
,,,,,,04/01/2013 Total,,1,5,9513,4800
,,,,,,19/07/2013,$10K - $30K,1,5,10034,10117
,,,,,,,$30K - $50K,1,5,9758,10120
,,,,,,19/07/2013 Total,,2,10,19792,20237
,,,,,,04/08/2013,$70K - $90K,1,5,2629,10523
,,,,,,04/08/2013 Total,,1,5,2629,10523
,,,,,,19/08/2013,$110K - $130K,1,3,9415,10918
,,,,,,19/08/2013 Total,,1,3,9415,10918
,,,,,,04/09/2013,$50K - $70K,1,5,1240,11334
,,,,,,04/09/2013 Total,,1,5,1240,11334
,,,,,,11/11/2013,$10K - $30K,1,5,9017,13232
,,,,,,11/11/2013 Total,,1,5,9017,13232
,,,,,,18/11/2013,$10K - $30K,1,5,1370,13440
,,,,,,18/11/2013 Total,,1,5,1370,13440
,,,,,,30/11/2013,$10K - $30K,1,3,1370,13729
,,,,,,30/11/2013 Total,,1,3,1370,13729
,,,,,,13/12/2013,$50K - $70K,1,4,1861,13932
,,,,,,13/12/2013 Total,,1,4,1861,13932
,,,,,USA Total,,,15,65,84188,122136
,,,,WA Total,,,,15,65,84188,122136
,,,Seattle Total,,,,,15,65,84188,122136
,,,Spokane,WA,USA,15/02/2012,$50K - $70K,1,6,9797,468
,,,,,,15/02/2012 Total,,1,6,9797,468
,,,,,,12/05/2012,$30K - $50K,1,4,10173,1694
,,,,,,12/05/2012 Total,,1,4,10173,1694
,,,,,,28/05/2012,$30K - $50K,1,4,4391,1892
,,,,,,28/05/2012 Total,,1,4,4391,1892
,,,,,,03/07/2012,$70K - $90K,1,3,976,2316
,,,,,,03/07/2012 Total,,1,3,976,2316
,,,,,,14/07/2012,$130K - $150K,1,5,4868,2441
,,,,,,14/07/2012 Total,,1,5,4868,2441
,,,,,,29/07/2012,$70K - $90K,1,4,8511,2632
,,,,,,29/07/2012 Total,,1,4,8511,2632
,,,,,,06/10/2012,$50K - $70K,1,4,3021,3487
,,,,,,06/10/2012 Total,,1,4,3021,3487
,,,,,,17/11/2012,$30K - $50K,1,3,2201,3987
,,,,,,17/11/2012 Total,,1,3,2201,3987
,,,,,,20/11/2012,$50K - $70K,1,3,8275,4047
,,,,,,20/11/2012 Total,,1,3,8275,4047
,,,,,,14/12/2012,$30K - $50K,1,4,7234,4396
,,,,,,14/12/2012 Total,,1,4,7234,4396
,,,,,,11/02/2013,$30K - $50K,1,3,2201,5785
,,,,,,11/02/2013 Total,,1,3,2201,5785
,,,,,,24/02/2013,$70K - $90K,1,5,2587,6187
,,,,,,24/02/2013 Total,,1,5,2587,6187
,,,,,,03/04/2013,$130K - $150K,1,3,4175,7173
,,,,,,03/04/2013 Total,,1,3,4175,7173
,,,,,,01/05/2013,$50K - $70K,1,6,9797,7939
,,,,,,01/05/2013 Total,,1,6,9797,7939
,,,,,,25/05/2013,$30K - $50K,1,3,4676,8613
,,,,,,25/05/2013 Total,,1,3,4676,8613
,,,,,,17/06/2013,$30K - $50K,1,4,1528,9213
,,,,,,17/06/2013 Total,,1,4,1528,9213
,,,,,,07/07/2013,$30K - $50K,1,2,10173,9772
,,,,,,07/07/2013 Total,,1,2,10173,9772
,,,,,,15/07/2013,$50K - $70K,1,6,3021,10012
,,,,,,15/07/2013 Total,,1,6,3021,10012
,,,,,,02/08/2013,$30K - $50K,1,3,7234,10464
,,,,,,02/08/2013 Total,,1,3,7234,10464
,,,,,,05/09/2013,$30K - $50K,1,4,10173,11362
,,,,,,05/09/2013 Total,,1,4,10173,11362
,,,,,,26/09/2013,$150K +,1,4,4727,11970
,,,,,,26/09/2013 Total,,1,4,4727,11970
,,,,,,08/10/2013,$30K - $50K,1,2,9263,12273
,,,,,,08/10/2013 Total,,1,2,9263,12273
,,,,,USA Total,,,22,85,129002,138123
,,,,WA Total,,,,22,85,129002,138123
,,,Spokane Total,,,,,22,85,129002,138123
,,,Tacoma,WA,USA,16/01/2012,$50K - $70K,1,4,6760,126
,,,,,,16/01/2012 Total,,1,4,6760,126
,,,,,,26/01/2012,$30K - $50K,1,5,1965,230
,,,,,,26/01/2012 Total,,1,5,1965,230
,,,,,,06/02/2012,$150K +,1,4,6960,371
,,,,,,06/02/2012 Total,,1,4,6960,371
,,,,,,24/06/2012,$70K - $90K,1,5,8887,2208
,,,,,,24/06/2012 Total,,1,5,8887,2208
,,,,,,27/06/2012,$10K - $30K,1,6,9997,2246
,,,,,,27/06/2012 Total,,1,6,9997,2246
,,,,,,09/08/2012,$50K - $70K,1,3,7529,2775
,,,,,,09/08/2012 Total,,1,3,7529,2775
,,,,,,12/08/2012,$50K - $70K,1,3,1607,2810
,,,,,,12/08/2012 Total,,1,3,1607,2810
,,,,,,10/09/2012,$130K - $150K,1,3,7720,3154
,,,,,,10/09/2012 Total,,1,3,7720,3154
,,,,,,11/09/2012,$70K - $90K,1,2,4498,3175
,,,,,,11/09/2012 Total,,1,2,4498,3175
,,,,,,03/10/2012,$50K - $70K,1,3,6683,3423
,,,,,,03/10/2012 Total,,1,3,6683,3423
,,,,,,23/10/2012,$50K - $70K,1,6,5962,3672
,,,,,,23/10/2012 Total,,1,6,5962,3672
,,,,,,01/11/2012,$30K - $50K,1,6,2390,3786
,,,,,,01/11/2012 Total,,1,6,2390,3786
,,,,,,23/12/2012,$30K - $50K,1,3,9734,4552
,,,,,,23/12/2012 Total,,1,3,9734,4552
,,,,,,05/01/2013,$10K - $30K,1,3,7831,4828
,,,,,,05/01/2013 Total,,1,3,7831,4828
,,,,,,09/01/2013,$70K - $90K,1,2,4498,4926
,,,,,,09/01/2013 Total,,1,2,4498,4926
,,,,,,20/01/2013,$110K - $130K,1,5,7065,5187
,,,,,,20/01/2013 Total,,1,5,7065,5187
,,,,,,01/07/2013,$30K - $50K,1,4,9006,9588
,,,,,,01/07/2013 Total,,1,4,9006,9588
,,,,,,08/07/2013,$10K - $30K,1,6,8551,9801
,,,,,,08/07/2013 Total,,1,6,8551,9801
,,,,,,01/08/2013,$130K - $150K,1,6,158,10435
,,,,,,01/08/2013 Total,,1,6,158,10435
,,,,,,01/09/2013,$70K - $90K,1,3,6499,11277
,,,,,,01/09/2013 Total,,1,3,6499,11277
,,,,,,05/09/2013,$10K - $30K,1,4,8281,11359
,,,,,,05/09/2013 Total,,1,4,8281,11359
,,,,,,21/09/2013,$70K - $90K,1,3,6138,11814
,,,,,,21/09/2013 Total,,1,3,6138,11814
,,,,,,07/10/2013,$30K - $50K,1,3,1497,12246
,,,,,,07/10/2013 Total,,1,3,1497,12246
,,,,,,03/11/2013,$150K +,1,3,10280,13021
,,,,,,03/11/2013 Total,,1,3,10280,13021
,,,,,,06/11/2013,$30K - $50K,1,3,1965,13094
,,,,,,06/11/2013 Total,,1,3,1965,13094
,,,,,,19/11/2013,$30K - $50K,1,3,711,13458
,,,,,,19/11/2013 Total,,1,3,711,13458
,,,,,USA Total,,,26,101,153172,163562
,,,,WA Total,,,,26,101,153172,163562
,,,Tacoma Total,,,,,26,101,153172,163562
,,,Vancouver,BC,Canada,01/02/2013,$50K - $70K,1,3,2796,5497
,,,,,,01/02/2013 Total,,1,3,2796,5497
,,,,,,08/02/2013,$30K - $50K,1,4,9995,5705
,,,,,,08/02/2013 Total,,1,4,9995,5705
,,,,,,05/03/2013,$70K - $90K,1,2,3871,6431
,,,,,,05/03/2013 Total,,1,2,3871,6431
,,,,,,19/03/2013,$50K - $70K,1,4,6055,6781
,,,,,,19/03/2013 Total,,1,4,6055,6781
,,,,,,04/05/2013,$10K - $30K,1,4,8688,8017
,,,,,,04/05/2013 Total,,1,4,8688,8017
,,,,,,14/06/2013,$30K - $50K,1,4,10119,9151
,,,,,,14/06/2013 Total,,1,4,10119,9151
,,,,,,13/08/2013,$30K - $50K,1,4,3933,10766
,,,,,,13/08/2013 Total,,1,4,3933,10766
,,,,,,21/09/2013,$130K - $150K,1,5,299,11794
,,,,,,21/09/2013 Total,,1,5,299,11794
,,,,,,09/10/2013,$30K - $50K,1,3,4598,12319
,,,,,,09/10/2013 Total,,1,3,4598,12319
,,,,,,09/12/2013,$30K - $50K,1,5,2400,13872
,,,,,,09/12/2013 Total,,1,5,2400,13872
,,,,,Canada Total,,,10,38,52754,90333
,,,,BC Total,,,,10,38,52754,90333
,,,Vancouver Total,,,,,10,38,52754,90333
,,,Victoria,BC,Canada,18/02/2013,$130K - $150K,1,6,7216,5995
,,,,,,18/02/2013 Total,,1,6,7216,5995
,,,,,,01/03/2013,$30K - $50K,1,4,9354,6329
,,,,,,01/03/2013 Total,,1,4,9354,6329
,,,,,,17/05/2013,$30K - $50K,1,4,5588,8381
,,,,,,17/05/2013 Total,,1,4,5588,8381
,,,,,,14/07/2013,$50K - $70K,1,4,10181,9985
,,,,,,14/07/2013 Total,,1,4,10181,9985
,,,,,,08/08/2013,$30K - $50K,1,5,2883,10636
,,,,,,08/08/2013 Total,,1,5,2883,10636
,,,,,,20/10/2013,$50K - $70K,1,7,6895,12619
,,,,,,20/10/2013 Total,,1,7,6895,12619
,,,,,,13/11/2013,$110K - $130K,1,4,5321,13303
,,,,,,13/11/2013 Total,,1,4,5321,13303
,,,,,,09/12/2013,$50K - $70K,1,5,1782,13873
,,,,,,09/12/2013 Total,,1,5,1782,13873
,,,,,Canada Total,,,8,39,49220,81121
,,,,BC Total,,,,8,39,49220,81121
,,,Victoria Total,,,,,8,39,49220,81121
,,,Walla Walla,WA,USA,18/04/2012,$50K - $70K,1,1,3504,1350
,,,,,,18/04/2012 Total,,1,1,3504,1350
,,,,,,28/06/2012,$110K - $130K,1,1,2135,2259
,,,,,,28/06/2012 Total,,1,1,2135,2259
,,,,,,04/09/2012,$10K - $30K,1,1,1896,3074
,,,,,,04/09/2012 Total,,1,1,1896,3074
,,,,,,17/08/2013,$30K - $50K,1,2,7133,10877
,,,,,,17/08/2013 Total,,1,2,7133,10877
,,,,,USA Total,,,4,5,14668,17560
,,,,WA Total,,,,4,5,14668,17560
,,,Walla Walla Total,,,,,4,5,14668,17560
,,,Yakima,WA,USA,28/12/2011,$150K +,1,5,354,19
,,,,,,28/12/2011 Total,,1,5,354,19
,,,,,,17/05/2012,$50K - $70K,1,2,400,1748
,,,,,,17/05/2012 Total,,1,2,400,1748
,,,,,,18/11/2012,$90K - $110K,1,5,8577,4022
,,,,,,18/11/2012 Total,,1,5,8577,4022
,,,,,,05/02/2013,$90K - $110K,1,3,7052,5627
,,,,,,05/02/2013 Total,,1,3,7052,5627
,,,,,,13/02/2013,$130K - $150K,1,5,8578,5849
,,,,,,13/02/2013 Total,,1,5,8578,5849
,,,,,,16/04/2013,$70K - $90K,1,5,9169,7527
,,,,,,16/04/2013 Total,,1,5,9169,7527
,,,,,,02/10/2013,$50K - $70K,1,5,400,12130
,,,,,,02/10/2013 Total,,1,5,400,12130
,,,,,,08/12/2013,$50K - $70K,1,4,400,13855
,,,,,,08/12/2013 Total,,1,4,400,13855
,,,,,,13/12/2013,$130K - $150K,1,3,7896,13943
,,,,,,13/12/2013 Total,,1,3,7896,13943
,,,,,USA Total,,,9,37,42826,64720
,,,,WA Total,,,,9,37,42826,64720
,,,Yakima Total,,,,,9,37,42826,64720
,,M Total,,,,,,235,962,1190134,1740876
,,S,Acapulco,Guerrero,Mexico,02/02/2013,$30K - $50K,1,4,6938,5546
,,,,,,02/02/2013 Total,,1,4,6938,5546
,,,,,,19/03/2013,$10K - $30K,1,6,1396,6807
,,,,,,19/03/2013 Total,,1,6,1396,6807
,,,,,,01/05/2013,$30K - $50K,1,5,8943,7941
,,,,,,01/05/2013 Total,,1,5,8943,7941
,,,,,,08/05/2013,$10K - $30K,1,5,8397,8135
,,,,,,,$150K +,1,5,10113,8146
,,,,,,08/05/2013 Total,,2,10,18510,16281
,,,,,,15/06/2013,$30K - $50K,1,4,6604,9181
,,,,,,15/06/2013 Total,,1,4,6604,9181
,,,,,,07/07/2013,$70K - $90K,1,6,9953,9776
,,,,,,07/07/2013 Total,,1,6,9953,9776
,,,,,,31/08/2013,$50K - $70K,1,4,8704,11254
,,,,,,31/08/2013 Total,,1,4,8704,11254
,,,,,,12/09/2013,$30K - $50K,1,3,4965,11553
,,,,,,12/09/2013 Total,,1,3,4965,11553
,,,,,,30/10/2013,$10K - $30K,1,3,8397,12889
,,,,,,30/10/2013 Total,,1,3,8397,12889
,,,,,Mexico Total,,,10,45,74410,91228
,,,,Guerrero Total,,,,10,45,74410,91228
,,,Acapulco Total,,,,,10,45,74410,91228
,,,Bellingham,WA,USA,28/10/2012,$150K +,1,3,7438,3725
,,,,,,28/10/2012 Total,,1,3,7438,3725
,,,,,USA Total,,,1,3,7438,3725
,,,,WA Total,,,,1,3,7438,3725
,,,Bellingham Total,,,,,1,3,7438,3725
,,,Beverly Hills,CA,USA,30/11/2012,$10K - $30K,1,3,2848,4185
,,,,,,30/11/2012 Total,,1,3,2848,4185
,,,,,,22/12/2012,$30K - $50K,1,5,9855,4535
,,,,,,22/12/2012 Total,,1,5,9855,4535
,,,,,,19/06/2013,$30K - $50K,1,2,669,9282
,,,,,,19/06/2013 Total,,1,2,669,9282
,,,,,,23/09/2013,$10K - $30K,1,6,3680,11876
,,,,,,23/09/2013 Total,,1,6,3680,11876
,,,,,,25/09/2013,$30K - $50K,1,4,457,11935
,,,,,,25/09/2013 Total,,1,4,457,11935
,,,,,,07/10/2013,$10K - $30K,1,4,3981,12248
,,,,,,07/10/2013 Total,,1,4,3981,12248
,,,,,,10/10/2013,$70K - $90K,1,2,1437,12324
,,,,,,10/10/2013 Total,,1,2,1437,12324
,,,,,,29/10/2013,$130K - $150K,1,3,975,12869
,,,,,,29/10/2013 Total,,1,3,975,12869
,,,,,,05/11/2013,$50K - $70K,1,4,5538,13079
,,,,,,05/11/2013 Total,,1,4,5538,13079
,,,,,,23/11/2013,$10K - $30K,1,5,8734,13549
,,,,,,23/11/2013 Total,,1,5,8734,13549
,,,,,USA Total,,,10,38,38174,105882
,,,,CA Total,,,,10,38,38174,105882
,,,Beverly Hills Total,,,,,10,38,38174,105882
,,,Bremerton,WA,USA,30/01/2012,$30K - $50K,1,3,1070,282
,,,,,,30/01/2012 Total,,1,3,1070,282
,,,,,,15/02/2012,$150K +,1,4,2298,465
,,,,,,,$30K - $50K,1,5,4165,476
,,,,,,15/02/2012 Total,,2,9,6463,941
,,,,,,13/03/2012,$50K - $70K,1,4,8647,833
,,,,,,13/03/2012 Total,,1,4,8647,833
,,,,,,15/05/2012,$30K - $50K,1,3,3476,1724
,,,,,,15/05/2012 Total,,1,3,3476,1724
,,,,,,02/08/2012,$30K - $50K,1,4,1282,2682
,,,,,,02/08/2012 Total,,1,4,1282,2682
,,,,,,15/08/2012,$70K - $90K,1,2,76,2845
,,,,,,15/08/2012 Total,,1,2,76,2845
,,,,,,26/03/2013,$50K - $70K,1,5,7622,6954
,,,,,,26/03/2013 Total,,1,5,7622,6954
,,,,,,02/05/2013,$70K - $90K,1,4,76,7971
,,,,,,02/05/2013 Total,,1,4,76,7971
,,,,,,25/06/2013,$50K - $70K,1,4,6367,9456
,,,,,,25/06/2013 Total,,1,4,6367,9456
,,,,,,27/06/2013,$50K - $70K,1,4,6367,9491
,,,,,,27/06/2013 Total,,1,4,6367,9491
,,,,,,19/07/2013,$10K - $30K,1,2,878,10118
,,,,,,19/07/2013 Total,,1,2,878,10118
,,,,,,27/09/2013,$30K - $50K,1,3,3288,11986
,,,,,,27/09/2013 Total,,1,3,3288,11986
,,,,,USA Total,,,13,47,45612,65283
,,,,WA Total,,,,13,47,45612,65283
,,,Bremerton Total,,,,,13,47,45612,65283
,,,Camacho,Zacatecas,Mexico,31/12/2012,$10K - $30K,1,4,767,4715
,,,,,,31/12/2012 Total,,1,4,767,4715
,,,,,,20/02/2013,$50K - $70K,1,5,7969,6043
,,,,,,20/02/2013 Total,,1,5,7969,6043
,,,,,,11/05/2013,$50K - $70K,1,6,4174,8214
,,,,,,11/05/2013 Total,,1,6,4174,8214
,,,,,,01/09/2013,$50K - $70K,1,4,8405,11269
,,,,,,01/09/2013 Total,,1,4,8405,11269
,,,,,,02/11/2013,$30K - $50K,1,6,3909,12988
,,,,,,02/11/2013 Total,,1,6,3909,12988
,,,,,Mexico Total,,,5,25,25224,43229
,,,,Zacatecas Total,,,,5,25,25224,43229
,,,Camacho Total,,,,,5,25,25224,43229
,,,Guadalajara,Jalisco,Mexico,03/02/2013,$110K - $130K,1,2,349,5578
,,,,,,03/02/2013 Total,,1,2,349,5578
,,,,,,05/03/2013,$10K - $30K,1,2,4981,6433
,,,,,,05/03/2013 Total,,1,2,4981,6433
,,,,,,30/06/2013,$70K - $90K,1,3,402,9583
,,,,,,30/06/2013 Total,,1,3,402,9583
,,,,,,22/09/2013,$70K - $90K,1,3,6004,11842
,,,,,,22/09/2013 Total,,1,3,6004,11842
,,,,,Mexico Total,,,4,10,11736,33436
,,,,Jalisco Total,,,,4,10,11736,33436
,,,Guadalajara Total,,,,,4,10,11736,33436
,,,Hidalgo,Zacatecas,Mexico,10/03/2013,$30K - $50K,1,3,7016,6549
,,,,,,10/03/2013 Total,,1,3,7016,6549
,,,,,,12/03/2013,$30K - $50K,1,4,7782,6620
,,,,,,12/03/2013 Total,,1,4,7782,6620
,,,,,,03/04/2013,$50K - $70K,1,4,4914,7182
,,,,,,03/04/2013 Total,,1,4,4914,7182
,,,,,,12/06/2013,$70K - $90K,1,4,4049,9086
,,,,,,12/06/2013 Total,,1,4,4049,9086
,,,,,,13/06/2013,$70K - $90K,1,5,4049,9108
,,,,,,13/06/2013 Total,,1,5,4049,9108
,,,,,,25/06/2013,$70K - $90K,1,4,4049,9450
,,,,,,25/06/2013 Total,,1,4,4049,9450
,,,,,,22/07/2013,$70K - $90K,1,4,8040,10205
,,,,,,22/07/2013 Total,,1,4,8040,10205
,,,,,,13/08/2013,$10K - $30K,1,6,5348,10770
,,,,,,13/08/2013 Total,,1,6,5348,10770
,,,,,,11/09/2013,$10K - $30K,1,4,5348,11538
,,,,,,11/09/2013 Total,,1,4,5348,11538
,,,,,,30/10/2013,$90K - $110K,1,4,1942,12905
,,,,,,30/10/2013 Total,,1,4,1942,12905
,,,,,,09/12/2013,$10K - $30K,1,4,3858,13883
,,,,,,09/12/2013 Total,,1,4,3858,13883
,,,,,Mexico Total,,,11,46,56395,107296
,,,,Zacatecas Total,,,,11,46,56395,107296
,,,Hidalgo Total,,,,,11,46,56395,107296
,,,Los Angeles,CA,USA,19/01/2012,$30K - $50K,1,6,6439,157
,,,,,,19/01/2012 Total,,1,6,6439,157
,,,,,,29/06/2012,$90K - $110K,1,5,115,2267
,,,,,,29/06/2012 Total,,1,5,115,2267
,,,,,,25/07/2012,$50K - $70K,1,5,5086,2578
,,,,,,25/07/2012 Total,,1,5,5086,2578
,,,,,,20/08/2012,$30K - $50K,1,5,3258,2910
,,,,,,20/08/2012 Total,,1,5,3258,2910
,,,,,,18/10/2012,$50K - $70K,1,5,10126,3622
,,,,,,18/10/2012 Total,,1,5,10126,3622
,,,,,,22/12/2012,$70K - $90K,1,3,682,4541
,,,,,,22/12/2012 Total,,1,3,682,4541
,,,,,,29/01/2013,$10K - $30K,1,2,1599,5422
,,,,,,29/01/2013 Total,,1,2,1599,5422
,,,,,,02/02/2013,$90K - $110K,1,3,5896,5550
,,,,,,02/02/2013 Total,,1,3,5896,5550
,,,,,,04/06/2013,$70K - $90K,1,2,9527,8869
,,,,,,04/06/2013 Total,,1,2,9527,8869
,,,,,,29/06/2013,$30K - $50K,1,4,1537,9553
,,,,,,29/06/2013 Total,,1,4,1537,9553
,,,,,,31/08/2013,$30K - $50K,1,5,7306,11240
,,,,,,31/08/2013 Total,,1,5,7306,11240
,,,,,,29/09/2013,$10K - $30K,1,3,5280,12058
,,,,,,29/09/2013 Total,,1,3,5280,12058
,,,,,,04/12/2013,$150K +,1,5,3143,13804
,,,,,,04/12/2013 Total,,1,5,3143,13804
,,,,,,24/12/2013,$10K - $30K,1,4,6717,14027
,,,,,,24/12/2013 Total,,1,4,6717,14027
,,,,,USA Total,,,14,57,66711,96598
,,,,CA Total,,,,14,57,66711,96598
,,,Los Angeles Total,,,,,14,57,66711,96598
,,,Merida,Yucatan,Mexico,29/01/2013,$50K - $70K,1,3,7315,5428
,,,,,,29/01/2013 Total,,1,3,7315,5428
,,,,,,16/04/2013,$30K - $50K,1,3,1593,7511
,,,,,,16/04/2013 Total,,1,3,1593,7511
,,,,,,27/04/2013,$50K - $70K,1,3,6387,7843
,,,,,,27/04/2013 Total,,1,3,6387,7843
,,,,,,02/05/2013,$110K - $130K,1,4,9990,7960
,,,,,,02/05/2013 Total,,1,4,9990,7960
,,,,,,08/05/2013,$70K - $90K,1,4,4871,8153
,,,,,,08/05/2013 Total,,1,4,4871,8153
,,,,,,26/07/2013,$30K - $50K,1,3,7221,10299
,,,,,,26/07/2013 Total,,1,3,7221,10299
,,,,,,10/08/2013,$90K - $110K,1,3,1050,10687
,,,,,,10/08/2013 Total,,1,3,1050,10687
,,,,,,30/08/2013,$50K - $70K,1,6,5129,11223
,,,,,,30/08/2013 Total,,1,6,5129,11223
,,,,,,05/09/2013,$10K - $30K,1,4,1930,11357
,,,,,,05/09/2013 Total,,1,4,1930,11357
,,,,,,08/09/2013,$30K - $50K,1,3,1593,11446
,,,,,,08/09/2013 Total,,1,3,1593,11446
,,,,,,22/09/2013,$30K - $50K,1,4,3571,11845
,,,,,,22/09/2013 Total,,1,4,3571,11845
,,,,,,24/09/2013,$50K - $70K,1,4,7812,11910
,,,,,,24/09/2013 Total,,1,4,7812,11910
,,,,,,01/11/2013,$30K - $50K,1,5,8345,12944
,,,,,,01/11/2013 Total,,1,5,8345,12944
,,,,,Mexico Total,,,13,49,66807,128606
,,,,Yucatan Total,,,,13,49,66807,128606
,,,Merida Total,,,,,13,49,66807,128606
,,,Orizaba,Veracruz,Mexico,16/02/2013,$50K - $70K,1,5,1614,5931
,,,,,,16/02/2013 Total,,1,5,1614,5931
,,,,,,20/02/2013,$130K - $150K,1,5,1390,6072
,,,,,,20/02/2013 Total,,1,5,1390,6072
,,,,,,27/02/2013,$30K - $50K,1,5,670,6276
,,,,,,27/02/2013 Total,,1,5,670,6276
,,,,,,01/04/2013,$70K - $90K,1,4,7917,7140
,,,,,,01/04/2013 Total,,1,4,7917,7140
,,,,,,19/07/2013,$70K - $90K,1,5,8534,10124
,,,,,,19/07/2013 Total,,1,5,8534,10124
,,,,,,11/08/2013,$30K - $50K,1,4,8077,10706
,,,,,,11/08/2013 Total,,1,4,8077,10706
,,,,,,22/08/2013,$30K - $50K,1,6,1550,11015
,,,,,,22/08/2013 Total,,1,6,1550,11015
,,,,,,23/09/2013,$10K - $30K,1,3,6041,11857
,,,,,,23/09/2013 Total,,1,3,6041,11857
,,,,,,11/11/2013,$130K - $150K,1,2,1390,13230
,,,,,,11/11/2013 Total,,1,2,1390,13230
,,,,,,17/12/2013,$90K - $110K,1,2,6812,13974
,,,,,,17/12/2013 Total,,1,2,6812,13974
,,,,,Mexico Total,,,10,41,43995,96325
,,,,Veracruz Total,,,,10,41,43995,96325
,,,Orizaba Total,,,,,10,41,43995,96325
,,,Portland,OR,USA,01/06/2012,$10K - $30K,1,6,1438,1947
,,,,,,01/06/2012 Total,,1,6,1438,1947
,,,,,,25/06/2012,$30K - $50K,1,7,4019,2233
,,,,,,25/06/2012 Total,,1,7,4019,2233
,,,,,,31/10/2012,$30K - $50K,1,6,1159,3773
,,,,,,31/10/2012 Total,,1,6,1159,3773
,,,,,,01/12/2012,$10K - $30K,1,4,5834,4198
,,,,,,01/12/2012 Total,,1,4,5834,4198
,,,,,,13/08/2013,$30K - $50K,1,5,983,10783
,,,,,,13/08/2013 Total,,1,5,983,10783
,,,,,,15/10/2013,$30K - $50K,1,4,8837,12461
,,,,,,15/10/2013 Total,,1,4,8837,12461
,,,,,USA Total,,,6,32,22270,35395
,,,,OR Total,,,,6,32,22270,35395
,,,Portland Total,,,,,6,32,22270,35395
,,,Salem,OR,USA,30/01/2012,$30K - $50K,1,4,8164,273
,,,,,,30/01/2012 Total,,1,4,8164,273
,,,,,,04/03/2012,$10K - $30K,1,5,1682,699
,,,,,,04/03/2012 Total,,1,5,1682,699
,,,,,,16/04/2012,$50K - $70K,1,4,7274,1325
,,,,,,16/04/2012 Total,,1,4,7274,1325
,,,,,,22/05/2012,$30K - $50K,1,4,2443,1817
,,,,,,,$70K - $90K,1,3,1736,1816
,,,,,,22/05/2012 Total,,2,7,4179,3633
,,,,,,14/06/2012,$90K - $110K,1,5,5685,2080
,,,,,,14/06/2012 Total,,1,5,5685,2080
,,,,,,24/06/2012,$10K - $30K,1,5,373,2205
,,,,,,24/06/2012 Total,,1,5,373,2205
,,,,,,12/08/2012,$90K - $110K,1,5,9825,2802
,,,,,,12/08/2012 Total,,1,5,9825,2802
,,,,,,16/08/2012,$30K - $50K,1,4,9504,2853
,,,,,,16/08/2012 Total,,1,4,9504,2853
,,,,,,22/08/2012,$30K - $50K,1,4,4938,2935
,,,,,,22/08/2012 Total,,1,4,4938,2935
,,,,,,24/08/2012,$10K - $30K,1,3,2280,2951
,,,,,,24/08/2012 Total,,1,3,2280,2951
,,,,,,27/08/2012,$50K - $70K,1,4,7274,2988
,,,,,,27/08/2012 Total,,1,4,7274,2988
,,,,,,27/09/2012,$70K - $90K,1,5,2625,3349
,,,,,,27/09/2012 Total,,1,5,2625,3349
,,,,,,16/10/2012,$90K - $110K,1,3,1366,3597
,,,,,,16/10/2012 Total,,1,3,1366,3597
,,,,,,14/02/2013,$30K - $50K,1,5,5070,5891
,,,,,,14/02/2013 Total,,1,5,5070,5891
,,,,,,16/02/2013,$30K - $50K,1,4,1093,5943
,,,,,,16/02/2013 Total,,1,4,1093,5943
,,,,,,16/03/2013,$50K - $70K,1,5,4405,6715
,,,,,,16/03/2013 Total,,1,5,4405,6715
,,,,,,20/04/2013,$10K - $30K,1,4,10026,7628
,,,,,,,$50K - $70K,1,4,280,7622
,,,,,,20/04/2013 Total,,2,8,10306,15250
,,,,,,28/05/2013,$30K - $50K,1,4,1053,8676
,,,,,,28/05/2013 Total,,1,4,1053,8676
,,,,,,30/05/2013,$50K - $70K,1,4,7189,8740
,,,,,,30/05/2013 Total,,1,4,7189,8740
,,,,,,01/06/2013,$10K - $30K,1,5,467,8814
,,,,,,01/06/2013 Total,,1,5,467,8814
,,,,,,18/06/2013,$50K - $70K,1,5,1991,9252
,,,,,,18/06/2013 Total,,1,5,1991,9252
,,,,,,04/07/2013,$30K - $50K,1,5,1429,9668
,,,,,,04/07/2013 Total,,1,5,1429,9668
,,,,,,03/08/2013,$90K - $110K,1,3,5452,10495
,,,,,,03/08/2013 Total,,1,3,5452,10495
,,,,,,21/08/2013,$70K - $90K,1,5,6592,10994
,,,,,,21/08/2013 Total,,1,5,6592,10994
,,,,,,11/11/2013,$30K - $50K,1,3,9032,13231
,,,,,,11/11/2013 Total,,1,3,9032,13231
,,,,,,14/11/2013,$10K - $30K,1,5,4490,13321
,,,,,,14/11/2013 Total,,1,5,4490,13321
,,,,,,16/11/2013,$110K - $130K,1,4,6531,13392
,,,,,,16/11/2013 Total,,1,4,6531,13392
,,,,,,22/11/2013,$50K - $70K,1,5,8504,13524
,,,,,,22/11/2013 Total,,1,5,8504,13524
,,,,,,26/12/2013,$30K - $50K,1,4,1429,14043
,,,,,,26/12/2013 Total,,1,4,1429,14043
,,,,,USA Total,,,31,132,140202,199639
,,,,OR Total,,,,31,132,140202,199639
,,,Salem Total,,,,,31,132,140202,199639
,,,San Andres,DF,Mexico,15/02/2013,$70K - $90K,1,6,9311,5905
,,,,,,15/02/2013 Total,,1,6,9311,5905
,,,,,,06/05/2013,$30K - $50K,1,3,6837,8082
,,,,,,06/05/2013 Total,,1,3,6837,8082
,,,,,,15/05/2013,$10K - $30K,1,5,5594,8326
,,,,,,15/05/2013 Total,,1,5,5594,8326
,,,,,,06/06/2013,$70K - $90K,1,5,7113,8921
,,,,,,06/06/2013 Total,,1,5,7113,8921
,,,,,,18/06/2013,$150K +,1,5,1958,9246
,,,,,,18/06/2013 Total,,1,5,1958,9246
,,,,,,13/08/2013,$10K - $30K,1,2,5594,10777
,,,,,,13/08/2013 Total,,1,2,5594,10777
,,,,,,26/08/2013,$90K - $110K,1,3,4384,11104
,,,,,,26/08/2013 Total,,1,3,4384,11104
,,,,,Mexico Total,,,7,29,40791,62361
,,,,DF Total,,,,7,29,40791,62361
,,,San Andres Total,,,,,7,29,40791,62361
,,,San Diego,CA,USA,19/03/2012,$50K - $70K,1,5,8123,924
,,,,,,19/03/2012 Total,,1,5,8123,924
,,,,,,11/04/2012,$10K - $30K,1,3,7236,1244
,,,,,,11/04/2012 Total,,1,3,7236,1244
,,,,,,26/07/2012,$90K - $110K,1,5,3679,2595
,,,,,,26/07/2012 Total,,1,5,3679,2595
,,,,,,28/08/2012,$30K - $50K,1,3,471,3006
,,,,,,28/08/2012 Total,,1,3,471,3006
,,,,,,01/10/2012,$30K - $50K,1,3,8354,3393
,,,,,,01/10/2012 Total,,1,3,8354,3393
,,,,,,21/02/2013,$70K - $90K,1,4,8602,6097
,,,,,,21/02/2013 Total,,1,4,8602,6097
,,,,,,20/04/2013,$70K - $90K,1,5,2936,7615
,,,,,,20/04/2013 Total,,1,5,2936,7615
,,,,,,22/04/2013,$70K - $90K,1,4,681,7674
,,,,,,22/04/2013 Total,,1,4,681,7674
,,,,,,02/08/2013,$50K - $70K,1,3,8872,10477
,,,,,,02/08/2013 Total,,1,3,8872,10477
,,,,,,04/08/2013,$10K - $30K,1,5,1421,10533
,,,,,,04/08/2013 Total,,1,5,1421,10533
,,,,,,11/08/2013,$130K - $150K,1,2,3410,10722
,,,,,,11/08/2013 Total,,1,2,3410,10722
,,,,,,29/08/2013,$30K - $50K,1,3,8784,11172
,,,,,,29/08/2013 Total,,1,3,8784,11172
,,,,,,04/12/2013,$70K - $90K,1,5,3066,13803
,,,,,,04/12/2013 Total,,1,5,3066,13803
,,,,,USA Total,,,13,50,65635,89255
,,,,CA Total,,,,13,50,65635,89255
,,,San Diego Total,,,,,13,50,65635,89255
,,,San Francisco,CA,USA,23/12/2012,$90K - $110K,1,2,8944,4561
,,,,,,23/12/2012 Total,,1,2,8944,4561
,,,,,USA Total,,,1,2,8944,4561
,,,,CA Total,,,,1,2,8944,4561
,,,San Francisco Total,,,,,1,2,8944,4561
,,,Seattle,WA,USA,27/03/2012,$10K - $30K,1,3,6880,1025
,,,,,,27/03/2012 Total,,1,3,6880,1025
,,,,,,29/06/2012,$110K - $130K,1,3,5799,2273
,,,,,,29/06/2012 Total,,1,3,5799,2273
,,,,,,15/10/2012,$30K - $50K,1,4,4697,3592
,,,,,,15/10/2012 Total,,1,4,4697,3592
,,,,,,23/11/2012,$10K - $30K,1,6,10168,4093
,,,,,,23/11/2012 Total,,1,6,10168,4093
,,,,,,07/12/2012,$30K - $50K,1,4,4287,4298
,,,,,,07/12/2012 Total,,1,4,4287,4298
,,,,,,18/12/2012,$110K - $130K,1,3,7103,4467
,,,,,,18/12/2012 Total,,1,3,7103,4467
,,,,,,27/02/2013,$30K - $50K,1,6,9543,6256
,,,,,,27/02/2013 Total,,1,6,9543,6256
,,,,,,21/03/2013,$110K - $130K,1,5,7842,6835
,,,,,,21/03/2013 Total,,1,5,7842,6835
,,,,,,07/04/2013,$50K - $70K,1,3,2228,7292
,,,,,,07/04/2013 Total,,1,3,2228,7292
,,,,,,13/05/2013,$10K - $30K,1,3,10168,8264
,,,,,,13/05/2013 Total,,1,3,10168,8264
,,,,,,24/05/2013,$10K - $30K,1,3,6646,8588
,,,,,,24/05/2013 Total,,1,3,6646,8588
,,,,,,17/07/2013,$70K - $90K,1,6,5746,10066
,,,,,,17/07/2013 Total,,1,6,5746,10066
,,,,,,08/08/2013,$70K - $90K,1,3,9674,10632
,,,,,,08/08/2013 Total,,1,3,9674,10632
,,,,,,21/08/2013,$30K - $50K,1,4,75,10993
,,,,,,21/08/2013 Total,,1,4,75,10993
,,,,,,18/10/2013,$110K - $130K,1,6,6134,12547
,,,,,,18/10/2013 Total,,1,6,6134,12547
,,,,,,07/11/2013,$30K - $50K,1,4,3633,13137
,,,,,,07/11/2013 Total,,1,4,3633,13137
,,,,,,03/12/2013,$110K - $130K,1,5,1995,13789
,,,,,,03/12/2013 Total,,1,5,1995,13789
,,,,,USA Total,,,17,71,102618,128147
,,,,WA Total,,,,17,71,102618,128147
,,,Seattle Total,,,,,17,71,102618,128147
,,,Spokane,WA,USA,12/01/2012,$30K - $50K,1,4,769,97
,,,,,,12/01/2012 Total,,1,4,769,97
,,,,,,27/04/2012,$30K - $50K,1,4,6114,1489
,,,,,,27/04/2012 Total,,1,4,6114,1489
,,,,,,23/05/2012,$30K - $50K,1,2,769,1829
,,,,,,23/05/2012 Total,,1,2,769,1829
,,,,,,08/07/2012,$10K - $30K,1,2,9928,2370
,,,,,,08/07/2012 Total,,1,2,9928,2370
,,,,,,30/08/2012,$50K - $70K,1,4,4925,3023
,,,,,,30/08/2012 Total,,1,4,4925,3023
,,,,,,15/11/2012,$70K - $90K,1,6,9510,3960
,,,,,,15/11/2012 Total,,1,6,9510,3960
,,,,,,19/12/2012,$30K - $50K,1,4,1720,4481
,,,,,,19/12/2012 Total,,1,4,1720,4481
,,,,,,17/02/2013,$50K - $70K,1,5,663,5968
,,,,,,17/02/2013 Total,,1,5,663,5968
,,,,,,11/04/2013,$10K - $30K,1,6,9928,7410
,,,,,,11/04/2013 Total,,1,6,9928,7410
,,,,,,24/04/2013,$130K - $150K,1,5,6113,7747
,,,,,,24/04/2013 Total,,1,5,6113,7747
,,,,,,09/07/2013,$90K - $110K,1,4,7072,9827
,,,,,,09/07/2013 Total,,1,4,7072,9827
,,,,,,30/07/2013,$50K - $70K,1,4,663,10397
,,,,,,30/07/2013 Total,,1,4,663,10397
,,,,,,22/11/2013,$30K - $50K,1,6,769,13541
,,,,,,22/11/2013 Total,,1,6,769,13541
,,,,,,31/12/2013,$50K - $70K,1,2,6153,14058
,,,,,,31/12/2013 Total,,1,2,6153,14058
,,,,,USA Total,,,14,58,65096,86197
,,,,WA Total,,,,14,58,65096,86197
,,,Spokane Total,,,,,14,58,65096,86197
,,,Tacoma,WA,USA,15/08/2012,$70K - $90K,1,3,8089,2840
,,,,,,15/08/2012 Total,,1,3,8089,2840
,,,,,,22/09/2012,$70K - $90K,1,4,9715,3301
,,,,,,22/09/2012 Total,,1,4,9715,3301
,,,,,,17/10/2012,$70K - $90K,1,3,5419,3610
,,,,,,17/10/2012 Total,,1,3,5419,3610
,,,,,,03/12/2012,$30K - $50K,1,5,9111,4227
,,,,,,03/12/2012 Total,,1,5,9111,4227
,,,,,,07/04/2013,$30K - $50K,1,6,3245,7279
,,,,,,07/04/2013 Total,,1,6,3245,7279
,,,,,,19/05/2013,$70K - $90K,1,6,6560,8433
,,,,,,19/05/2013 Total,,1,6,6560,8433
,,,,,,05/06/2013,$30K - $50K,1,6,5971,8902
,,,,,,05/06/2013 Total,,1,6,5971,8902
,,,,,,13/07/2013,$10K - $30K,1,2,770,9937
,,,,,,13/07/2013 Total,,1,2,770,9937
,,,,,,12/11/2013,$130K - $150K,1,3,9956,13276
,,,,,,,$30K - $50K,1,3,8840,13275
,,,,,,12/11/2013 Total,,2,6,18796,26551
,,,,,,15/11/2013,$70K - $90K,1,4,5419,13354
,,,,,,15/11/2013 Total,,1,4,5419,13354
,,,,,USA Total,,,11,45,73095,88434
,,,,WA Total,,,,11,45,73095,88434
,,,Tacoma Total,,,,,11,45,73095,88434
,,,Vancouver,BC,Canada,24/01/2013,$30K - $50K,1,5,4244,5290
,,,,,,24/01/2013 Total,,1,5,4244,5290
,,,,,,16/03/2013,$50K - $70K,1,3,724,6711
,,,,,,16/03/2013 Total,,1,3,724,6711
,,,,,,20/04/2013,$30K - $50K,1,4,9076,7640
,,,,,,20/04/2013 Total,,1,4,9076,7640
,,,,,,07/05/2013,$10K - $30K,1,4,7726,8108
,,,,,,07/05/2013 Total,,1,4,7726,8108
,,,,,,23/05/2013,$90K - $110K,1,6,10137,8538
,,,,,,23/05/2013 Total,,1,6,10137,8538
,,,,,,25/05/2013,$30K - $50K,1,3,3625,8608
,,,,,,25/05/2013 Total,,1,3,3625,8608
,,,,,,09/06/2013,$10K - $30K,1,3,822,9026
,,,,,,09/06/2013 Total,,1,3,822,9026
,,,,,,18/06/2013,$70K - $90K,1,4,87,9261
,,,,,,18/06/2013 Total,,1,4,87,9261
,,,,,,31/08/2013,$70K - $90K,1,6,305,11246
,,,,,,31/08/2013 Total,,1,6,305,11246
,,,,,,04/09/2013,$30K - $50K,1,4,4831,11341
,,,,,,04/09/2013 Total,,1,4,4831,11341
,,,,,,17/09/2013,$50K - $70K,1,4,7000,11686
,,,,,,17/09/2013 Total,,1,4,7000,11686
,,,,,,01/12/2013,$30K - $50K,1,2,1367,13746
,,,,,,01/12/2013 Total,,1,2,1367,13746
,,,,,Canada Total,,,12,48,49944,111201
,,,,BC Total,,,,12,48,49944,111201
,,,Vancouver Total,,,,,12,48,49944,111201
,,,Victoria,BC,Canada,04/04/2013,$110K - $130K,1,5,6305,7215
,,,,,,04/04/2013 Total,,1,5,6305,7215
,,,,,,13/05/2013,$30K - $50K,1,3,5424,8275
,,,,,,13/05/2013 Total,,1,3,5424,8275
,,,,,,15/09/2013,$10K - $30K,1,6,8434,11641
,,,,,,15/09/2013 Total,,1,6,8434,11641
,,,,,,10/11/2013,$50K - $70K,1,4,2057,13203
,,,,,,10/11/2013 Total,,1,4,2057,13203
,,,,,Canada Total,,,4,18,22220,40334
,,,,BC Total,,,,4,18,22220,40334
,,,Victoria Total,,,,,4,18,22220,40334
,,,Yakima,WA,USA,27/10/2012,$30K - $50K,1,3,3921,3714
,,,,,,27/10/2012 Total,,1,3,3921,3714
,,,,,,18/03/2013,$10K - $30K,1,3,4810,6762
,,,,,,18/03/2013 Total,,1,3,4810,6762
,,,,,,29/07/2013,$110K - $130K,1,5,9967,10389
,,,,,,29/07/2013 Total,,1,5,9967,10389
,,,,,USA Total,,,3,11,18698,20865
,,,,WA Total,,,,3,11,18698,20865
,,,Yakima Total,,,,,3,11,18698,20865
,,S Total,,,,,,210,857,1046015,1637997
,F Total,,,,,,,445,1819,2236149,3378873
,M,M,Acapulco,Guerrero,Mexico,06/02/2013,$30K - $50K,1,4,2341,5669
,,,,,,06/02/2013 Total,,1,4,2341,5669
,,,,,,16/02/2013,$10K - $30K,1,4,704,5940
,,,,,,16/02/2013 Total,,1,4,704,5940
,,,,,,09/03/2013,$130K - $150K,1,6,1948,6546
,,,,,,09/03/2013 Total,,1,6,1948,6546
,,,,,,19/03/2013,$30K - $50K,1,3,5852,6802
,,,,,,19/03/2013 Total,,1,3,5852,6802
,,,,,,19/04/2013,$10K - $30K,1,2,8491,7608
,,,,,,19/04/2013 Total,,1,2,8491,7608
,,,,,,09/08/2013,$50K - $70K,1,4,6027,10658
,,,,,,09/08/2013 Total,,1,4,6027,10658
,,,,,,05/10/2013,$10K - $30K,1,6,1745,12196
,,,,,,05/10/2013 Total,,1,6,1745,12196
,,,,,Mexico Total,,,7,29,27108,55419
,,,,Guerrero Total,,,,7,29,27108,55419
,,,Acapulco Total,,,,,7,29,27108,55419
,,,Bellingham,WA,USA,28/08/2012,$10K - $30K,1,2,8878,3002
,,,,,,28/08/2012 Total,,1,2,8878,3002
,,,,,,08/10/2012,$10K - $30K,1,3,372,3507
,,,,,,08/10/2012 Total,,1,3,372,3507
,,,,,,30/08/2013,$30K - $50K,1,1,6074,11213
,,,,,,30/08/2013 Total,,1,1,6074,11213
,,,,,USA Total,,,3,6,15324,17722
,,,,WA Total,,,,3,6,15324,17722
,,,Bellingham Total,,,,,3,6,15324,17722
,,,Beverly Hills,CA,USA,18/01/2012,$30K - $50K,1,5,6518,145
,,,,,,18/01/2012 Total,,1,5,6518,145
,,,,,,03/04/2012,$50K - $70K,1,3,3297,1134
,,,,,,03/04/2012 Total,,1,3,3297,1134
,,,,,,20/04/2012,$70K - $90K,1,3,1144,1396
,,,,,,20/04/2012 Total,,1,3,1144,1396
,,,,,,02/07/2012,$10K - $30K,1,3,7605,2313
,,,,,,02/07/2012 Total,,1,3,7605,2313
,,,,,,30/08/2012,$50K - $70K,1,3,4633,3028
,,,,,,30/08/2012 Total,,1,3,4633,3028
,,,,,,14/09/2012,$10K - $30K,1,3,6757,3204
,,,,,,14/09/2012 Total,,1,3,6757,3204
,,,,,,30/10/2012,$50K - $70K,1,5,7407,3762
,,,,,,30/10/2012 Total,,1,5,7407,3762
,,,,,,10/12/2012,$10K - $30K,1,5,4909,4327
,,,,,,10/12/2012 Total,,1,5,4909,4327
,,,,,,02/01/2013,$30K - $50K,1,4,4756,4758
,,,,,,,$70K - $90K,1,3,8739,4774
,,,,,,02/01/2013 Total,,2,7,13495,9532
,,,,,,12/01/2013,$110K - $130K,1,4,9499,5004
,,,,,,12/01/2013 Total,,1,4,9499,5004
,,,,,,05/04/2013,$10K - $30K,1,5,8834,7228
,,,,,,05/04/2013 Total,,1,5,8834,7228
,,,,,,05/05/2013,$30K - $50K,1,6,9522,8042
,,,,,,05/05/2013 Total,,1,6,9522,8042
,,,,,,03/08/2013,$30K - $50K,1,4,7684,10517
,,,,,,03/08/2013 Total,,1,4,7684,10517
,,,,,,15/09/2013,$70K - $90K,1,4,10192,11636
,,,,,,15/09/2013 Total,,1,4,10192,11636
,,,,,USA Total,,,15,60,101496,71268
,,,,CA Total,,,,15,60,101496,71268
,,,Beverly Hills Total,,,,,15,60,101496,71268
,,,Bremerton,WA,USA,26/02/2012,$30K - $50K,1,4,7573,604
,,,,,,26/02/2012 Total,,1,4,7573,604
,,,,,,25/06/2012,$70K - $90K,1,4,4417,2227
,,,,,,25/06/2012 Total,,1,4,4417,2227
,,,,,,23/08/2012,$70K - $90K,1,4,4417,2946
,,,,,,23/08/2012 Total,,1,4,4417,2946
,,,,,,11/11/2012,$30K - $50K,1,4,3442,3917
,,,,,,11/11/2012 Total,,1,4,3442,3917
,,,,,,21/11/2012,$90K - $110K,1,2,5973,4049
,,,,,,21/11/2012 Total,,1,2,5973,4049
,,,,,,12/12/2012,$50K - $70K,1,3,8404,4373
,,,,,,12/12/2012 Total,,1,3,8404,4373
,,,,,,08/02/2013,$30K - $50K,1,6,1533,5724
,,,,,,08/02/2013 Total,,1,6,1533,5724
,,,,,,30/03/2013,$10K - $30K,1,4,6841,7082
,,,,,,30/03/2013 Total,,1,4,6841,7082
,,,,,,06/04/2013,$10K - $30K,1,4,9642,7257
,,,,,,06/04/2013 Total,,1,4,9642,7257
,,,,,,03/05/2013,$90K - $110K,1,5,5973,7978
,,,,,,03/05/2013 Total,,1,5,5973,7978
,,,,,,09/05/2013,$50K - $70K,1,3,8404,8177
,,,,,,09/05/2013 Total,,1,3,8404,8177
,,,,,,23/06/2013,$30K - $50K,1,4,3442,9385
,,,,,,23/06/2013 Total,,1,4,3442,9385
,,,,,,25/07/2013,$30K - $50K,1,7,924,10264
,,,,,,25/07/2013 Total,,1,7,924,10264
,,,,,,24/08/2013,$70K - $90K,1,6,3878,11070
,,,,,,24/08/2013 Total,,1,6,3878,11070
,,,,,,06/11/2013,$50K - $70K,1,3,4903,13111
,,,,,,06/11/2013 Total,,1,3,4903,13111
,,,,,USA Total,,,15,63,79766,98164
,,,,WA Total,,,,15,63,79766,98164
,,,Bremerton Total,,,,,15,63,79766,98164
,,,Camacho,Zacatecas,Mexico,22/04/2013,$50K - $70K,1,4,4732,7675
,,,,,,22/04/2013 Total,,1,4,4732,7675
,,,,,,23/05/2013,$50K - $70K,1,4,48,8536
,,,,,,23/05/2013 Total,,1,4,48,8536
,,,,,Mexico Total,,,2,8,4780,16211
,,,,Zacatecas Total,,,,2,8,4780,16211
,,,Camacho Total,,,,,2,8,4780,16211
,,,Hidalgo,Zacatecas,Mexico,03/02/2013,$50K - $70K,1,5,9819,5566
,,,,,,03/02/2013 Total,,1,5,9819,5566
,,,,,,01/03/2013,$30K - $50K,1,6,5700,6314
,,,,,,01/03/2013 Total,,1,6,5700,6314
,,,,,,22/03/2013,$10K - $30K,1,5,6406,6860
,,,,,,22/03/2013 Total,,1,5,6406,6860
,,,,,,24/04/2013,$30K - $50K,1,2,1693,7753
,,,,,,24/04/2013 Total,,1,2,1693,7753
,,,,,,02/06/2013,$10K - $30K,1,5,7472,8824
,,,,,,02/06/2013 Total,,1,5,7472,8824
,,,,,,16/08/2013,$110K - $130K,1,2,10002,10868
,,,,,,16/08/2013 Total,,1,2,10002,10868
,,,,,,15/09/2013,$10K - $30K,1,2,6406,11642
,,,,,,15/09/2013 Total,,1,2,6406,11642
,,,,,,01/11/2013,$30K - $50K,1,4,6100,12935
,,,,,,01/11/2013 Total,,1,4,6100,12935
,,,,,,06/11/2013,$30K - $50K,1,5,1693,13110
,,,,,,06/11/2013 Total,,1,5,1693,13110
,,,,,Mexico Total,,,9,36,55291,83872
,,,,Zacatecas Total,,,,9,36,55291,83872
,,,Hidalgo Total,,,,,9,36,55291,83872
,,,Los Angeles,CA,USA,01/01/2012,$30K - $50K,1,5,6207,40
,,,,,,01/01/2012 Total,,1,5,6207,40
,,,,,,12/04/2012,$70K - $90K,1,5,3918,1261
,,,,,,12/04/2012 Total,,1,5,3918,1261
,,,,,,26/07/2012,$30K - $50K,1,5,8930,2601
,,,,,,26/07/2012 Total,,1,5,8930,2601
,,,,,,23/08/2012,$50K - $70K,1,5,3869,2942
,,,,,,23/08/2012 Total,,1,5,3869,2942
,,,,,,01/09/2012,$70K - $90K,1,2,5580,3042
,,,,,,01/09/2012 Total,,1,2,5580,3042
,,,,,,03/11/2012,$70K - $90K,1,4,436,3805
,,,,,,03/11/2012 Total,,1,4,436,3805
,,,,,,29/11/2012,$50K - $70K,1,4,6355,4166
,,,,,,29/11/2012 Total,,1,4,6355,4166
,,,,,,05/10/2013,$10K - $30K,1,5,2542,12192
,,,,,,05/10/2013 Total,,1,5,2542,12192
,,,,,,06/12/2013,$70K - $90K,1,5,3198,13843
,,,,,,06/12/2013 Total,,1,5,3198,13843
,,,,,USA Total,,,9,40,41035,43892
,,,,CA Total,,,,9,40,41035,43892
,,,Los Angeles Total,,,,,9,40,41035,43892
,,,Merida,Yucatan,Mexico,31/03/2013,$70K - $90K,1,5,7711,7118
,,,,,,31/03/2013 Total,,1,5,7711,7118
,,,,,,14/05/2013,$30K - $50K,1,3,2099,8306
,,,,,,14/05/2013 Total,,1,3,2099,8306
,,,,,,04/06/2013,$50K - $70K,1,3,9262,8878
,,,,,,04/06/2013 Total,,1,3,9262,8878
,,,,,,06/06/2013,$90K - $110K,1,3,8615,8944
,,,,,,06/06/2013 Total,,1,3,8615,8944
,,,,,,10/07/2013,$30K - $50K,1,6,9480,9852
,,,,,,10/07/2013 Total,,1,6,9480,9852
,,,,,,06/08/2013,$130K - $150K,1,5,2998,10579
,,,,,,06/08/2013 Total,,1,5,2998,10579
,,,,,,21/09/2013,$130K - $150K,1,5,2130,11804
,,,,,,21/09/2013 Total,,1,5,2130,11804
,,,,,,25/10/2013,$30K - $50K,1,4,8710,12771
,,,,,,25/10/2013 Total,,1,4,8710,12771
,,,,,,30/11/2013,$30K - $50K,1,5,8670,13732
,,,,,,30/11/2013 Total,,1,5,8670,13732
,,,,,Mexico Total,,,9,39,59675,91984
,,,,Yucatan Total,,,,9,39,59675,91984
,,,Merida Total,,,,,9,39,59675,91984
,,,Mexico City,DF,Mexico,06/01/2013,$110K - $130K,1,5,135,4863
,,,,,,06/01/2013 Total,,1,5,135,4863
,,,,,,15/04/2013,$130K - $150K,1,2,2868,7500
,,,,,,15/04/2013 Total,,1,2,2868,7500
,,,,,,07/06/2013,$70K - $90K,1,2,6216,8957
,,,,,,07/06/2013 Total,,1,2,6216,8957
,,,,,Mexico Total,,,3,9,9219,21320
,,,,DF Total,,,,3,9,9219,21320
,,,Mexico City Total,,,,,3,9,9219,21320
,,,Orizaba,Veracruz,Mexico,27/01/2013,$30K - $50K,1,6,6081,5385
,,,,,,27/01/2013 Total,,1,6,6081,5385
,,,,,,16/02/2013,$50K - $70K,1,5,5053,5944
,,,,,,16/02/2013 Total,,1,5,5053,5944
,,,,,,28/03/2013,$10K - $30K,1,4,5605,7029
,,,,,,28/03/2013 Total,,1,4,5605,7029
,,,,,,27/06/2013,$30K - $50K,1,4,3080,9485
,,,,,,27/06/2013 Total,,1,4,3080,9485
,,,,,,21/07/2013,$110K - $130K,1,4,7994,10183
,,,,,,21/07/2013 Total,,1,4,7994,10183
,,,,,,11/10/2013,$50K - $70K,1,6,7614,12367
,,,,,,11/10/2013 Total,,1,6,7614,12367
,,,,,,31/10/2013,$150K +,1,3,1641,12920
,,,,,,31/10/2013 Total,,1,3,1641,12920
,,,,,,06/12/2013,$10K - $30K,1,4,5605,13841
,,,,,,06/12/2013 Total,,1,4,5605,13841
,,,,,Mexico Total,,,8,36,42673,77154
,,,,Veracruz Total,,,,8,36,42673,77154
,,,Orizaba Total,,,,,8,36,42673,77154
,,,Portland,OR,USA,25/01/2012,$70K - $90K,1,3,1741,218
,,,,,,25/01/2012 Total,,1,3,1741,218
,,,,,,20/03/2012,$90K - $110K,1,3,638,935
,,,,,,20/03/2012 Total,,1,3,638,935
,,,,,,03/08/2012,$30K - $50K,1,5,2908,2693
,,,,,,03/08/2012 Total,,1,5,2908,2693
,,,,,,09/10/2012,$30K - $50K,1,4,6816,3519
,,,,,,09/10/2012 Total,,1,4,6816,3519
,,,,,,02/01/2013,$50K - $70K,1,4,260,4769
,,,,,,02/01/2013 Total,,1,4,260,4769
,,,,,,20/02/2013,$30K - $50K,1,4,9602,6047
,,,,,,20/02/2013 Total,,1,4,9602,6047
,,,,,,15/03/2013,$50K - $70K,1,5,1763,6683
,,,,,,15/03/2013 Total,,1,5,1763,6683
,,,,,,11/06/2013,$10K - $30K,1,4,1511,9058
,,,,,,11/06/2013 Total,,1,4,1511,9058
,,,,,,17/07/2013,$30K - $50K,1,5,7893,10052
,,,,,,17/07/2013 Total,,1,5,7893,10052
,,,,,,25/10/2013,$10K - $30K,1,5,8556,12753
,,,,,,25/10/2013 Total,,1,5,8556,12753
,,,,,,21/11/2013,$30K - $50K,1,5,2908,13507
,,,,,,21/11/2013 Total,,1,5,2908,13507
,,,,,USA Total,,,11,47,44596,70234
,,,,OR Total,,,,11,47,44596,70234
,,,Portland Total,,,,,11,47,44596,70234
,,,Salem,OR,USA,26/03/2012,$50K - $70K,1,3,8367,1009
,,,,,,26/03/2012 Total,,1,3,8367,1009
,,,,,,29/03/2012,$50K - $70K,1,5,8367,1066
,,,,,,29/03/2012 Total,,1,5,8367,1066
,,,,,,18/04/2012,$30K - $50K,1,3,5924,1352
,,,,,,18/04/2012 Total,,1,3,5924,1352
,,,,,,01/08/2012,$50K - $70K,1,5,1490,2667
,,,,,,01/08/2012 Total,,1,5,1490,2667
,,,,,,29/10/2012,$10K - $30K,1,3,7905,3749
,,,,,,29/10/2012 Total,,1,3,7905,3749
,,,,,,08/11/2012,$10K - $30K,1,3,2086,3882
,,,,,,08/11/2012 Total,,1,3,2086,3882
,,,,,,22/12/2012,$90K - $110K,1,5,7952,4547
,,,,,,22/12/2012 Total,,1,5,7952,4547
,,,,,,02/01/2013,$70K - $90K,1,4,6982,4762
,,,,,,02/01/2013 Total,,1,4,6982,4762
,,,,,,01/02/2013,$10K - $30K,1,5,4783,5523
,,,,,,01/02/2013 Total,,1,5,4783,5523
,,,,,,05/03/2013,$70K - $90K,1,4,3360,6432
,,,,,,05/03/2013 Total,,1,4,3360,6432
,,,,,,26/06/2013,$30K - $50K,1,3,346,9472
,,,,,,26/06/2013 Total,,1,3,346,9472
,,,,,,15/07/2013,$10K - $30K,1,4,5060,10014
,,,,,,15/07/2013 Total,,1,4,5060,10014
,,,,,,30/08/2013,$70K - $90K,1,4,619,11218
,,,,,,30/08/2013 Total,,1,4,619,11218
,,,,,,12/10/2013,$130K - $150K,1,4,4499,12382
,,,,,,12/10/2013 Total,,1,4,4499,12382
,,,,,,20/11/2013,$50K - $70K,1,6,4881,13481
,,,,,,20/11/2013 Total,,1,6,4881,13481
,,,,,USA Total,,,15,61,72621,91556
,,,,OR Total,,,,15,61,72621,91556
,,,Salem Total,,,,,15,61,72621,91556
,,,San Andres,DF,Mexico,14/02/2013,$10K - $30K,1,5,6209,5885
,,,,,,14/02/2013 Total,,1,5,6209,5885
,,,,,,03/03/2013,$10K - $30K,1,3,9244,6382
,,,,,,03/03/2013 Total,,1,3,9244,6382
,,,,,,06/04/2013,$30K - $50K,1,3,7107,7252
,,,,,,06/04/2013 Total,,1,3,7107,7252
,,,,,,09/04/2013,$50K - $70K,1,3,7409,7336
,,,,,,09/04/2013 Total,,1,3,7409,7336
,,,,,,05/05/2013,$30K - $50K,1,4,9596,8058
,,,,,,05/05/2013 Total,,1,4,9596,8058
,,,,,,18/05/2013,$10K - $30K,1,3,9268,8403
,,,,,,18/05/2013 Total,,1,3,9268,8403
,,,,,,21/05/2013,$30K - $50K,1,6,1815,8486
,,,,,,21/05/2013 Total,,1,6,1815,8486
,,,,,,30/05/2013,$110K - $130K,1,3,1376,8734
,,,,,,30/05/2013 Total,,1,3,1376,8734
,,,,,,20/08/2013,$50K - $70K,1,4,2115,10945
,,,,,,,$90K - $110K,1,5,2919,10946
,,,,,,20/08/2013 Total,,2,9,5034,21891
,,,,,,15/09/2013,$130K - $150K,1,3,9460,11652
,,,,,,15/09/2013 Total,,1,3,9460,11652
,,,,,,17/09/2013,$130K - $150K,1,5,2868,11690
,,,,,,17/09/2013 Total,,1,5,2868,11690
,,,,,,27/10/2013,$50K - $70K,1,5,4653,12816
,,,,,,27/10/2013 Total,,1,5,4653,12816
,,,,,,17/12/2013,$50K - $70K,1,6,7409,13972
,,,,,,17/12/2013 Total,,1,6,7409,13972
,,,,,Mexico Total,,,14,58,81448,132557
,,,,DF Total,,,,14,58,81448,132557
,,,San Andres Total,,,,,14,58,81448,132557
,,,San Diego,CA,USA,21/02/2012,$70K - $90K,1,2,5462,548
,,,,,,21/02/2012 Total,,1,2,5462,548
,,,,,,22/03/2012,$30K - $50K,1,4,4376,957
,,,,,,22/03/2012 Total,,1,4,4376,957
,,,,,,02/05/2012,$30K - $50K,1,4,1631,1543
,,,,,,02/05/2012 Total,,1,4,1631,1543
,,,,,,07/06/2012,$10K - $30K,1,3,1224,2021
,,,,,,07/06/2012 Total,,1,3,1224,2021
,,,,,,18/06/2012,$50K - $70K,1,4,9306,2121
,,,,,,18/06/2012 Total,,1,4,9306,2121
,,,,,,28/06/2012,$50K - $70K,1,4,5407,2252
,,,,,,28/06/2012 Total,,1,4,5407,2252
,,,,,,20/08/2012,$10K - $30K,1,5,6459,2906
,,,,,,20/08/2012 Total,,1,5,6459,2906
,,,,,,20/09/2012,$10K - $30K,1,3,6320,3288
,,,,,,20/09/2012 Total,,1,3,6320,3288
,,,,,,14/03/2013,$50K - $70K,1,5,3797,6661
,,,,,,14/03/2013 Total,,1,5,3797,6661
,,,,,,26/04/2013,$110K - $130K,1,4,5025,7807
,,,,,,26/04/2013 Total,,1,4,5025,7807
,,,,,,05/05/2013,$30K - $50K,1,4,8114,8030
,,,,,,05/05/2013 Total,,1,4,8114,8030
,,,,,,10/05/2013,$30K - $50K,1,4,1286,8206
,,,,,,10/05/2013 Total,,1,4,1286,8206
,,,,,,01/08/2013,$10K - $30K,1,4,409,10449
,,,,,,01/08/2013 Total,,1,4,409,10449
,,,,,,13/08/2013,$30K - $50K,1,5,2535,10776
,,,,,,13/08/2013 Total,,1,5,2535,10776
,,,,,,31/10/2013,$150K +,1,3,6083,12926
,,,,,,31/10/2013 Total,,1,3,6083,12926
,,,,,,01/11/2013,$30K - $50K,1,4,3037,12949
,,,,,,01/11/2013 Total,,1,4,3037,12949
,,,,,,23/11/2013,$30K - $50K,1,4,1157,13566
,,,,,,23/11/2013 Total,,1,4,1157,13566
,,,,,USA Total,,,17,66,71628,107006
,,,,CA Total,,,,17,66,71628,107006
,,,San Diego Total,,,,,17,66,71628,107006
,,,San Francisco,CA,USA,16/03/2012,$110K - $130K,1,3,7725,868
,,,,,,16/03/2012 Total,,1,3,7725,868
,,,,,,06/11/2012,$30K - $50K,1,4,3559,3862
,,,,,,06/11/2012 Total,,1,4,3559,3862
,,,,,,05/10/2013,$30K - $50K,1,3,4084,12186
,,,,,,05/10/2013 Total,,1,3,4084,12186
,,,,,USA Total,,,3,10,15368,16916
,,,,CA Total,,,,3,10,15368,16916
,,,San Francisco Total,,,,,3,10,15368,16916
,,,Seattle,WA,USA,24/02/2012,$30K - $50K,1,4,9310,586
,,,,,,24/02/2012 Total,,1,4,9310,586
,,,,,,17/04/2012,$50K - $70K,1,4,493,1345
,,,,,,17/04/2012 Total,,1,4,493,1345
,,,,,,30/09/2012,$30K - $50K,1,3,3466,3378
,,,,,,30/09/2012 Total,,1,3,3466,3378
,,,,,,16/12/2012,$30K - $50K,1,4,6720,4442
,,,,,,16/12/2012 Total,,1,4,6720,4442
,,,,,,26/12/2012,$50K - $70K,1,3,1507,4607
,,,,,,26/12/2012 Total,,1,3,1507,4607
,,,,,,12/02/2013,$150K +,1,3,6843,5836
,,,,,,12/02/2013 Total,,1,3,6843,5836
,,,,,,07/05/2013,$50K - $70K,1,4,4484,8110
,,,,,,07/05/2013 Total,,1,4,4484,8110
,,,,,,09/05/2013,$50K - $70K,1,3,7724,8171
,,,,,,09/05/2013 Total,,1,3,7724,8171
,,,,,,16/05/2013,$10K - $30K,1,6,3223,8350
,,,,,,16/05/2013 Total,,1,6,3223,8350
,,,,,,02/06/2013,$30K - $50K,1,5,4877,8818
,,,,,,02/06/2013 Total,,1,5,4877,8818
,,,,,,06/06/2013,$130K - $150K,1,6,2132,8945
,,,,,,06/06/2013 Total,,1,6,2132,8945
,,,,,,28/09/2013,$50K - $70K,1,4,1841,12025
,,,,,,28/09/2013 Total,,1,4,1841,12025
,,,,,USA Total,,,12,49,52620,74613
,,,,WA Total,,,,12,49,52620,74613
,,,Seattle Total,,,,,12,49,52620,74613
,,,Spokane,WA,USA,01/03/2012,$10K - $30K,1,3,9728,644
,,,,,,01/03/2012 Total,,1,3,9728,644
,,,,,,14/04/2012,$10K - $30K,1,5,9728,1304
,,,,,,14/04/2012 Total,,1,5,9728,1304
,,,,,,18/04/2012,$30K - $50K,1,5,7862,1361
,,,,,,18/04/2012 Total,,1,5,7862,1361
,,,,,,24/05/2012,$70K - $90K,1,5,3567,1842
,,,,,,24/05/2012 Total,,1,5,3567,1842
,,,,,,29/05/2012,$30K - $50K,1,6,7862,1898
,,,,,,29/05/2012 Total,,1,6,7862,1898
,,,,,,28/09/2012,$70K - $90K,1,3,3567,3358
,,,,,,28/09/2012 Total,,1,3,3567,3358
,,,,,,07/10/2012,$30K - $50K,1,3,5374,3490
,,,,,,07/10/2012 Total,,1,3,5374,3490
,,,,,,26/12/2012,$30K - $50K,1,5,4021,4600
,,,,,,26/12/2012 Total,,1,5,4021,4600
,,,,,,24/01/2013,$30K - $50K,1,3,9631,5310
,,,,,,24/01/2013 Total,,1,3,9631,5310
,,,,,,04/03/2013,$10K - $30K,1,5,9897,6401
,,,,,,04/03/2013 Total,,1,5,9897,6401
,,,,,,23/03/2013,$10K - $30K,1,3,8427,6870
,,,,,,23/03/2013 Total,,1,3,8427,6870
,,,,,,03/04/2013,$70K - $90K,1,4,2570,7172
,,,,,,03/04/2013 Total,,1,4,2570,7172
,,,,,,12/06/2013,$10K - $30K,1,6,5432,9092
,,,,,,12/06/2013 Total,,1,6,5432,9092
,,,,,,20/06/2013,$130K - $150K,1,5,8452,9298
,,,,,,20/06/2013 Total,,1,5,8452,9298
,,,,,,04/07/2013,$10K - $30K,1,4,8427,9686
,,,,,,04/07/2013 Total,,1,4,8427,9686
,,,,,,23/08/2013,$70K - $90K,1,3,5766,11035
,,,,,,23/08/2013 Total,,1,3,5766,11035
,,,,,,25/09/2013,$30K - $50K,1,6,9631,11939
,,,,,,25/09/2013 Total,,1,6,9631,11939
,,,,,,07/10/2013,$150K +,1,5,1690,12254
,,,,,,07/10/2013 Total,,1,5,1690,12254
,,,,,USA Total,,,18,79,121632,107554
,,,,WA Total,,,,18,79,121632,107554
,,,Spokane Total,,,,,18,79,121632,107554
,,,Tacoma,WA,USA,01/03/2012,$50K - $70K,1,6,3470,650
,,,,,,01/03/2012 Total,,1,6,3470,650
,,,,,,26/03/2012,$130K - $150K,1,3,9487,1019
,,,,,,26/03/2012 Total,,1,3,9487,1019
,,,,,,06/04/2012,$30K - $50K,1,5,10243,1188
,,,,,,06/04/2012 Total,,1,5,10243,1188
,,,,,,24/06/2012,$50K - $70K,1,3,8172,2216
,,,,,,24/06/2012 Total,,1,3,8172,2216
,,,,,,27/06/2012,$130K - $150K,1,5,8283,2248
,,,,,,27/06/2012 Total,,1,5,8283,2248
,,,,,,12/07/2012,$70K - $90K,1,4,5790,2427
,,,,,,12/07/2012 Total,,1,4,5790,2427
,,,,,,05/09/2012,$10K - $30K,1,7,5256,3099
,,,,,,05/09/2012 Total,,1,7,5256,3099
,,,,,,29/09/2012,$30K - $50K,1,7,4204,3370
,,,,,,29/09/2012 Total,,1,7,4204,3370
,,,,,,06/10/2012,$10K - $30K,1,6,4029,3478
,,,,,,06/10/2012 Total,,1,6,4029,3478
,,,,,,10/10/2012,$10K - $30K,1,6,4029,3535
,,,,,,10/10/2012 Total,,1,6,4029,3535
,,,,,,01/12/2012,$70K - $90K,1,4,8254,4188
,,,,,,01/12/2012 Total,,1,4,8254,4188
,,,,,,26/12/2012,$30K - $50K,1,6,9327,4619
,,,,,,26/12/2012 Total,,1,6,9327,4619
,,,,,,10/01/2013,$10K - $30K,1,2,8414,4946
,,,,,,10/01/2013 Total,,1,2,8414,4946
,,,,,,11/01/2013,$130K - $150K,1,7,3691,4966
,,,,,,,$50K - $70K,1,5,7241,4973
,,,,,,11/01/2013 Total,,2,12,10932,9939
,,,,,,05/04/2013,$50K - $70K,1,4,9271,7222
,,,,,,05/04/2013 Total,,1,4,9271,7222
,,,,,,20/04/2013,$50K - $70K,1,4,10167,7620
,,,,,,20/04/2013 Total,,1,4,10167,7620
,,,,,,30/04/2013,$70K - $90K,1,4,7655,7912
,,,,,,30/04/2013 Total,,1,4,7655,7912
,,,,,,17/06/2013,$70K - $90K,1,4,8777,9226
,,,,,,17/06/2013 Total,,1,4,8777,9226
,,,,,,08/08/2013,$10K - $30K,1,4,8336,10629
,,,,,,08/08/2013 Total,,1,4,8336,10629
,,,,,,01/09/2013,$70K - $90K,1,5,2594,11264
,,,,,,01/09/2013 Total,,1,5,2594,11264
,,,,,,07/10/2013,$30K - $50K,1,4,448,12252
,,,,,,07/10/2013 Total,,1,4,448,12252
,,,,,,08/11/2013,$70K - $90K,1,3,863,13145
,,,,,,08/11/2013 Total,,1,3,863,13145
,,,,,USA Total,,,23,108,148001,126192
,,,,WA Total,,,,23,108,148001,126192
,,,Tacoma Total,,,,,23,108,148001,126192
,,,Vancouver,BC,Canada,03/03/2013,$10K - $30K,1,3,2491,6387
,,,,,,03/03/2013 Total,,1,3,2491,6387
,,,,,,22/04/2013,$50K - $70K,1,7,5020,7693
,,,,,,22/04/2013 Total,,1,7,5020,7693
,,,,,,20/06/2013,$130K - $150K,1,3,2282,9300
,,,,,,20/06/2013 Total,,1,3,2282,9300
,,,,,,29/06/2013,$50K - $70K,1,5,6896,9542
,,,,,,29/06/2013 Total,,1,5,6896,9542
,,,,,,06/10/2013,$30K - $50K,1,3,7116,12217
,,,,,,06/10/2013 Total,,1,3,7116,12217
,,,,,,15/12/2013,$30K - $50K,1,3,5951,13956
,,,,,,15/12/2013 Total,,1,3,5951,13956
,,,,,,23/12/2013,$30K - $50K,1,3,6354,14018
,,,,,,23/12/2013 Total,,1,3,6354,14018
,,,,,Canada Total,,,7,27,36110,73113
,,,,BC Total,,,,7,27,36110,73113
,,,Vancouver Total,,,,,7,27,36110,73113
,,,Victoria,BC,Canada,13/02/2013,$30K - $50K,1,3,1478,5846
,,,,,,13/02/2013 Total,,1,3,1478,5846
,,,,,,08/05/2013,$50K - $70K,1,6,1843,8158
,,,,,,08/05/2013 Total,,1,6,1843,8158
,,,,,,29/06/2013,$50K - $70K,2,9,9341,19087
,,,,,,29/06/2013 Total,,2,9,9341,19087
,,,,,,18/07/2013,$30K - $50K,1,5,102,10091
,,,,,,18/07/2013 Total,,1,5,102,10091
,,,,,,14/11/2013,$10K - $30K,1,4,938,13336
,,,,,,14/11/2013 Total,,1,4,938,13336
,,,,,,26/11/2013,$50K - $70K,1,6,6245,13617
,,,,,,26/11/2013 Total,,1,6,6245,13617
,,,,,Canada Total,,,7,33,19947,70135
,,,,BC Total,,,,7,33,19947,70135
,,,Victoria Total,,,,,7,33,19947,70135
,,,Walla Walla,WA,USA,22/04/2013,$30K - $50K,1,2,2095,7681
,,,,,,22/04/2013 Total,,1,2,2095,7681
,,,,,,02/06/2013,$10K - $30K,1,3,6013,8831
,,,,,,02/06/2013 Total,,1,3,6013,8831
,,,,,USA Total,,,2,5,8108,16512
,,,,WA Total,,,,2,5,8108,16512
,,,Walla Walla Total,,,,,2,5,8108,16512
,,,Yakima,WA,USA,30/05/2012,$50K - $70K,1,5,4567,1919
,,,,,,30/05/2012 Total,,1,5,4567,1919
,,,,,,26/12/2012,$30K - $50K,1,4,588,4616
,,,,,,26/12/2012 Total,,1,4,588,4616
,,,,,,06/05/2013,$30K - $50K,1,4,1825,8071
,,,,,,06/05/2013 Total,,1,4,1825,8071
,,,,,,10/10/2013,$30K - $50K,1,3,8463,12336
,,,,,,10/10/2013 Total,,1,3,8463,12336
,,,,,,13/10/2013,$70K - $90K,1,5,9134,12401
,,,,,,13/10/2013 Total,,1,5,9134,12401
,,,,,,23/10/2013,$10K - $30K,1,4,1977,12686
,,,,,,23/10/2013 Total,,1,4,1977,12686
,,,,,USA Total,,,6,25,26554,52029
,,,,WA Total,,,,6,25,26554,52029
,,,Yakima Total,,,,,6,25,26554,52029
,,M Total,,,,,,215,894,1135000,1515423
,,S,Acapulco,Guerrero,Mexico,31/01/2013,$90K - $110K,1,5,3560,5491
,,,,,,31/01/2013 Total,,1,5,3560,5491
,,,,,,09/02/2013,$30K - $50K,1,3,4429,5751
,,,,,,09/02/2013 Total,,1,3,4429,5751
,,,,,,28/04/2013,$90K - $110K,1,3,7588,7855
,,,,,,28/04/2013 Total,,1,3,7588,7855
,,,,,,24/06/2013,$10K - $30K,1,4,4907,9418
,,,,,,24/06/2013 Total,,1,4,4907,9418
,,,,,,12/10/2013,$70K - $90K,1,4,8106,12390
,,,,,,12/10/2013 Total,,1,4,8106,12390
,,,,,,14/10/2013,$30K - $50K,1,4,4277,12436
,,,,,,14/10/2013 Total,,1,4,4277,12436
,,,,,,22/11/2013,$10K - $30K,1,4,4907,13522
,,,,,,22/11/2013 Total,,1,4,4907,13522
,,,,,,05/12/2013,$10K - $30K,1,6,4907,13821
,,,,,,05/12/2013 Total,,1,6,4907,13821
,,,,,Mexico Total,,,8,33,42681,80684
,,,,Guerrero Total,,,,8,33,42681,80684
,,,Acapulco Total,,,,,8,33,42681,80684
,,,Bellingham,WA,USA,25/05/2013,$50K - $70K,1,1,3703,8612
,,,,,,25/05/2013 Total,,1,1,3703,8612
,,,,,,30/06/2013,$90K - $110K,1,4,4411,9562
,,,,,,30/06/2013 Total,,1,4,4411,9562
,,,,,,13/12/2013,$50K - $70K,1,2,2518,13934
,,,,,,13/12/2013 Total,,1,2,2518,13934
,,,,,USA Total,,,3,7,10632,32108
,,,,WA Total,,,,3,7,10632,32108
,,,Bellingham Total,,,,,3,7,10632,32108
,,,Beverly Hills,CA,USA,15/01/2012,$30K - $50K,1,4,10213,119
,,,,,,15/01/2012 Total,,1,4,10213,119
,,,,,,05/05/2012,$10K - $30K,1,6,8557,1611
,,,,,,05/05/2012 Total,,1,6,8557,1611
,,,,,,09/06/2012,$50K - $70K,1,2,9998,2037
,,,,,,09/06/2012 Total,,1,2,9998,2037
,,,,,,20/06/2012,$50K - $70K,1,6,8070,2155
,,,,,,20/06/2012 Total,,1,6,8070,2155
,,,,,,22/07/2012,$130K - $150K,1,2,179,2546
,,,,,,22/07/2012 Total,,1,2,179,2546
,,,,,,14/08/2012,$50K - $70K,1,4,9814,2828
,,,,,,14/08/2012 Total,,1,4,9814,2828
,,,,,,10/11/2012,$130K - $150K,1,4,6271,3900
,,,,,,10/11/2012 Total,,1,4,6271,3900
,,,,,,18/01/2013,$150K +,1,3,7175,5149
,,,,,,,$30K - $50K,1,2,5773,5147
,,,,,,18/01/2013 Total,,2,5,12948,10296
,,,,,,06/02/2013,$30K - $50K,1,2,5754,5657
,,,,,,06/02/2013 Total,,1,2,5754,5657
,,,,,,23/02/2013,$10K - $30K,1,6,3969,6169
,,,,,,23/02/2013 Total,,1,6,3969,6169
,,,,,,09/04/2013,$30K - $50K,1,6,5589,7354
,,,,,,09/04/2013 Total,,1,6,5589,7354
,,,,,,16/04/2013,$30K - $50K,1,4,652,7516
,,,,,,16/04/2013 Total,,1,4,652,7516
,,,,,,09/05/2013,$30K - $50K,1,4,10174,8165
,,,,,,09/05/2013 Total,,1,4,10174,8165
,,,,,,19/05/2013,$30K - $50K,1,3,6141,8414
,,,,,,19/05/2013 Total,,1,3,6141,8414
,,,,,,22/06/2013,$130K - $150K,1,5,8787,9362
,,,,,,22/06/2013 Total,,1,5,8787,9362
,,,,,,05/11/2013,$10K - $30K,1,5,2830,13066
,,,,,,05/11/2013 Total,,1,5,2830,13066
,,,,,,25/11/2013,$30K - $50K,1,5,4375,13610
,,,,,,25/11/2013 Total,,1,5,4375,13610
,,,,,USA Total,,,18,73,114321,104805
,,,,CA Total,,,,18,73,114321,104805
,,,Beverly Hills Total,,,,,18,73,114321,104805
,,,Bremerton,WA,USA,18/01/2012,$10K - $30K,1,3,5898,154
,,,,,,18/01/2012 Total,,1,3,5898,154
,,,,,,19/04/2012,$30K - $50K,1,4,2689,1378
,,,,,,19/04/2012 Total,,1,4,2689,1378
,,,,,,14/08/2012,$30K - $50K,1,4,2689,2831
,,,,,,14/08/2012 Total,,1,4,2689,2831
,,,,,,20/09/2012,$30K - $50K,1,3,5944,3286
,,,,,,20/09/2012 Total,,1,3,5944,3286
,,,,,,10/10/2012,$50K - $70K,1,4,4460,3527
,,,,,,10/10/2012 Total,,1,4,4460,3527
,,,,,,13/10/2012,$10K - $30K,1,3,9851,3559
,,,,,,13/10/2012 Total,,1,3,9851,3559
,,,,,,28/10/2012,$50K - $70K,1,5,3065,3730
,,,,,,28/10/2012 Total,,1,5,3065,3730
,,,,,,07/01/2013,$30K - $50K,1,4,5944,4892
,,,,,,07/01/2013 Total,,1,4,5944,4892
,,,,,,09/01/2013,$70K - $90K,1,6,9866,4938
,,,,,,09/01/2013 Total,,1,6,9866,4938
,,,,,,30/03/2013,$30K - $50K,1,6,4693,7070
,,,,,,30/03/2013 Total,,1,6,4693,7070
,,,,,,17/05/2013,$30K - $50K,1,4,5813,8378
,,,,,,17/05/2013 Total,,1,4,5813,8378
,,,,,,12/11/2013,$50K - $70K,1,3,118,13263
,,,,,,12/11/2013 Total,,1,3,118,13263
,,,,,USA Total,,,12,49,61030,57006
,,,,WA Total,,,,12,49,61030,57006
,,,Bremerton Total,,,,,12,49,61030,57006
,,,Camacho,Zacatecas,Mexico,02/01/2013,$50K - $70K,1,3,7337,4773
,,,,,,02/01/2013 Total,,1,3,7337,4773
,,,,,,25/01/2013,$70K - $90K,1,4,4437,5318
,,,,,,25/01/2013 Total,,1,4,4437,5318
,,,,,,06/02/2013,$50K - $70K,1,5,5124,5675
,,,,,,06/02/2013 Total,,1,5,5124,5675
,,,,,,15/02/2013,$30K - $50K,1,4,6240,5913
,,,,,,15/02/2013 Total,,1,4,6240,5913
,,,,,,21/04/2013,$10K - $30K,1,4,9238,7651
,,,,,,21/04/2013 Total,,1,4,9238,7651
,,,,,,25/07/2013,$50K - $70K,1,5,5124,10270
,,,,,,25/07/2013 Total,,1,5,5124,10270
,,,,,,05/08/2013,$10K - $30K,1,4,4742,10557
,,,,,,05/08/2013 Total,,1,4,4742,10557
,,,,,,26/08/2013,$70K - $90K,1,5,3366,11106
,,,,,,26/08/2013 Total,,1,5,3366,11106
,,,,,,30/10/2013,$30K - $50K,1,4,1812,12883
,,,,,,30/10/2013 Total,,1,4,1812,12883
,,,,,,13/11/2013,$30K - $50K,1,4,1812,13308
,,,,,,13/11/2013 Total,,1,4,1812,13308
,,,,,Mexico Total,,,10,42,49232,87454
,,,,Zacatecas Total,,,,10,42,49232,87454
,,,Camacho Total,,,,,10,42,49232,87454
,,,Guadalajara,Jalisco,Mexico,11/07/2013,$10K - $30K,1,2,5755,9879
,,,,,,11/07/2013 Total,,1,2,5755,9879
,,,,,Mexico Total,,,1,2,5755,9879
,,,,Jalisco Total,,,,1,2,5755,9879
,,,Guadalajara Total,,,,,1,2,5755,9879
,,,Hidalgo,Zacatecas,Mexico,21/02/2013,$10K - $30K,1,5,8915,6083
,,,,,,21/02/2013 Total,,1,5,8915,6083
,,,,,,26/02/2013,$10K - $30K,1,4,2510,6222
,,,,,,26/02/2013 Total,,1,4,2510,6222
,,,,,,26/03/2013,$30K - $50K,1,7,3210,6952
,,,,,,26/03/2013 Total,,1,7,3210,6952
,,,,,,31/03/2013,$10K - $30K,1,5,4386,7119
,,,,,,31/03/2013 Total,,1,5,4386,7119
,,,,,,15/04/2013,$30K - $50K,1,3,7261,7494
,,,,,,15/04/2013 Total,,1,3,7261,7494
,,,,,,08/05/2013,$10K - $30K,1,3,322,8162
,,,,,,08/05/2013 Total,,1,3,322,8162
,,,,,,22/05/2013,$30K - $50K,1,5,5757,8527
,,,,,,22/05/2013 Total,,1,5,5757,8527
,,,,,,04/07/2013,$30K - $50K,1,5,597,9687
,,,,,,04/07/2013 Total,,1,5,597,9687
,,,,,,10/07/2013,$10K - $30K,1,5,2510,9859
,,,,,,10/07/2013 Total,,1,5,2510,9859
,,,,,,28/09/2013,$30K - $50K,2,13,15672,24024
,,,,,,28/09/2013 Total,,2,13,15672,24024
,,,,,,11/10/2013,$10K - $30K,1,4,9116,12360
,,,,,,11/10/2013 Total,,1,4,9116,12360
,,,,,,21/10/2013,$10K - $30K,1,3,322,12638
,,,,,,21/10/2013 Total,,1,3,322,12638
,,,,,Mexico Total,,,13,62,60578,119127
,,,,Zacatecas Total,,,,13,62,60578,119127
,,,Hidalgo Total,,,,,13,62,60578,119127
,,,Los Angeles,CA,USA,15/02/2012,$130K - $150K,1,4,2818,472
,,,,,,15/02/2012 Total,,1,4,2818,472
,,,,,,11/07/2012,$30K - $50K,1,6,857,2397
,,,,,,11/07/2012 Total,,1,6,857,2397
,,,,,,02/08/2012,$10K - $30K,1,4,5547,2685
,,,,,,02/08/2012 Total,,1,4,5547,2685
,,,,,,08/10/2012,$30K - $50K,1,6,44,3512
,,,,,,08/10/2012 Total,,1,6,44,3512
,,,,,,31/10/2012,$90K - $110K,1,2,2242,3778
,,,,,,31/10/2012 Total,,1,2,2242,3778
,,,,,,17/11/2012,$30K - $50K,1,2,3936,3997
,,,,,,17/11/2012 Total,,1,2,3936,3997
,,,,,,11/02/2013,$30K - $50K,1,5,9101,5799
,,,,,,11/02/2013 Total,,1,5,9101,5799
,,,,,,19/02/2013,$50K - $70K,1,3,9883,6041
,,,,,,19/02/2013 Total,,1,3,9883,6041
,,,,,,22/03/2013,$90K - $110K,1,4,2242,6854
,,,,,,22/03/2013 Total,,1,4,2242,6854
,,,,,,26/05/2013,$10K - $30K,1,4,5436,8637
,,,,,,26/05/2013 Total,,1,4,5436,8637
,,,,,,11/07/2013,$50K - $70K,1,4,9883,9894
,,,,,,11/07/2013 Total,,1,4,9883,9894
,,,,,,12/09/2013,$130K - $150K,1,3,9603,11565
,,,,,,12/09/2013 Total,,1,3,9603,11565
,,,,,USA Total,,,12,47,61592,65631
,,,,CA Total,,,,12,47,61592,65631
,,,Los Angeles Total,,,,,12,47,61592,65631
,,,Merida,Yucatan,Mexico,12/01/2013,$30K - $50K,1,4,9610,5006
,,,,,,12/01/2013 Total,,1,4,9610,5006
,,,,,,08/02/2013,$10K - $30K,1,3,1377,5716
,,,,,,08/02/2013 Total,,1,3,1377,5716
,,,,,,05/04/2013,$130K - $150K,1,2,6033,7244
,,,,,,05/04/2013 Total,,1,2,6033,7244
,,,,,,23/05/2013,$30K - $50K,1,6,5466,8561
,,,,,,23/05/2013 Total,,1,6,5466,8561
,,,,,,27/06/2013,$150K +,1,6,3125,9494
,,,,,,27/06/2013 Total,,1,6,3125,9494
,,,,,,02/08/2013,$90K - $110K,1,3,4913,10489
,,,,,,02/08/2013 Total,,1,3,4913,10489
,,,,,,05/08/2013,$90K - $110K,1,4,321,10563
,,,,,,05/08/2013 Total,,1,4,321,10563
,,,,,,04/09/2013,$10K - $30K,1,4,8204,11351
,,,,,,04/09/2013 Total,,1,4,8204,11351
,,,,,,21/09/2013,$30K - $50K,1,5,5466,11803
,,,,,,21/09/2013 Total,,1,5,5466,11803
,,,,,Mexico Total,,,9,37,44515,80227
,,,,Yucatan Total,,,,9,37,44515,80227
,,,Merida Total,,,,,9,37,44515,80227
,,,Mexico City,DF,Mexico,21/04/2013,$110K - $130K,1,5,2901,7649
,,,,,,21/04/2013 Total,,1,5,2901,7649
,,,,,,07/09/2013,$10K - $30K,1,6,1792,11422
,,,,,,07/09/2013 Total,,1,6,1792,11422
,,,,,Mexico Total,,,2,11,4693,19071
,,,,DF Total,,,,2,11,4693,19071
,,,Mexico City Total,,,,,2,11,4693,19071
,,,Orizaba,Veracruz,Mexico,03/02/2013,$130K - $150K,1,3,7376,5569
,,,,,,03/02/2013 Total,,1,3,7376,5569
,,,,,,17/06/2013,$30K - $50K,1,4,1325,9219
,,,,,,17/06/2013 Total,,1,4,1325,9219
,,,,,,10/07/2013,$50K - $70K,1,6,7158,9858
,,,,,,10/07/2013 Total,,1,6,7158,9858
,,,,,,13/07/2013,$110K - $130K,1,3,8952,9954
,,,,,,13/07/2013 Total,,1,3,8952,9954
,,,,,,18/10/2013,$50K - $70K,1,5,1183,12540
,,,,,,18/10/2013 Total,,1,5,1183,12540
,,,,,,12/11/2013,$30K - $50K,1,2,5172,13267
,,,,,,12/11/2013 Total,,1,2,5172,13267
,,,,,,20/11/2013,$30K - $50K,1,4,5172,13486
,,,,,,20/11/2013 Total,,1,4,5172,13486
,,,,,Mexico Total,,,7,27,36338,73893
,,,,Veracruz Total,,,,7,27,36338,73893
,,,Orizaba Total,,,,,7,27,36338,73893
,,,Portland,OR,USA,10/03/2012,$30K - $50K,1,4,8255,774
,,,,,,10/03/2012 Total,,1,4,8255,774
,,,,,,09/05/2012,$50K - $70K,1,3,9419,1662
,,,,,,09/05/2012 Total,,1,3,9419,1662
,,,,,,17/05/2012,$50K - $70K,1,4,4836,1757
,,,,,,17/05/2012 Total,,1,4,4836,1757
,,,,,,12/06/2012,$90K - $110K,1,6,2053,2068
,,,,,,12/06/2012 Total,,1,6,2053,2068
,,,,,,09/11/2012,$110K - $130K,1,4,1729,3891
,,,,,,09/11/2012 Total,,1,4,1729,3891
,,,,,,05/12/2012,$10K - $30K,1,3,36,4262
,,,,,,05/12/2012 Total,,1,3,36,4262
,,,,,,12/01/2013,$10K - $30K,1,4,8916,4997
,,,,,,12/01/2013 Total,,1,4,8916,4997
,,,,,,22/04/2013,$30K - $50K,1,7,6861,7679
,,,,,,22/04/2013 Total,,1,7,6861,7679
,,,,,,24/04/2013,$70K - $90K,1,2,6009,7754
,,,,,,24/04/2013 Total,,1,2,6009,7754
,,,,,,11/05/2013,$90K - $110K,1,3,6844,8231
,,,,,,11/05/2013 Total,,1,3,6844,8231
,,,,,,23/05/2013,$10K - $30K,1,5,7185,8548
,,,,,,23/05/2013 Total,,1,5,7185,8548
,,,,,,05/08/2013,$70K - $90K,1,4,6009,10565
,,,,,,05/08/2013 Total,,1,4,6009,10565
,,,,,,10/09/2013,$50K - $70K,1,3,4373,11488
,,,,,,10/09/2013 Total,,1,3,4373,11488
,,,,,USA Total,,,13,52,72525,73676
,,,,OR Total,,,,13,52,72525,73676
,,,Portland Total,,,,,13,52,72525,73676
,,,Salem,OR,USA,07/02/2012,$50K - $70K,1,4,1304,378
,,,,,,07/02/2012 Total,,1,4,1304,378
,,,,,,23/02/2012,$30K - $50K,1,2,2968,569
,,,,,,23/02/2012 Total,,1,2,2968,569
,,,,,,28/02/2012,$70K - $90K,1,4,3882,618
,,,,,,28/02/2012 Total,,1,4,3882,618
,,,,,,08/03/2012,$30K - $50K,1,4,1718,754
,,,,,,08/03/2012 Total,,1,4,1718,754
,,,,,,21/03/2012,$30K - $50K,1,5,3305,948
,,,,,,21/03/2012 Total,,1,5,3305,948
,,,,,,26/05/2012,$30K - $50K,1,3,2304,1861
,,,,,,26/05/2012 Total,,1,3,2304,1861
,,,,,,02/07/2012,$110K - $130K,1,3,780,2307
,,,,,,02/07/2012 Total,,1,3,780,2307
,,,,,,23/08/2012,$10K - $30K,1,2,9144,2940
,,,,,,23/08/2012 Total,,1,2,9144,2940
,,,,,,18/10/2012,$70K - $90K,1,5,625,3620
,,,,,,18/10/2012 Total,,1,5,625,3620
,,,,,,03/11/2012,$50K - $70K,1,5,1304,3817
,,,,,,03/11/2012 Total,,1,5,1304,3817
,,,,,,21/11/2012,$50K - $70K,1,4,9447,4060
,,,,,,21/11/2012 Total,,1,4,9447,4060
,,,,,,01/12/2012,$30K - $50K,1,5,1074,4186
,,,,,,01/12/2012 Total,,1,5,1074,4186
,,,,,,03/12/2012,$90K - $110K,1,5,3854,4235
,,,,,,03/12/2012 Total,,1,5,3854,4235
,,,,,,15/12/2012,$30K - $50K,1,5,10186,4420
,,,,,,15/12/2012 Total,,1,5,10186,4420
,,,,,,31/12/2012,$10K - $30K,1,2,3463,4712
,,,,,,31/12/2012 Total,,1,2,3463,4712
,,,,,,19/01/2013,$30K - $50K,1,4,3524,5157
,,,,,,19/01/2013 Total,,1,4,3524,5157
,,,,,,07/03/2013,$30K - $50K,1,6,7721,6482
,,,,,,07/03/2013 Total,,1,6,7721,6482
,,,,,,10/04/2013,$70K - $90K,1,6,6462,7367
,,,,,,10/04/2013 Total,,1,6,6462,7367
,,,,,,20/04/2013,$30K - $50K,1,3,9026,7613
,,,,,,20/04/2013 Total,,1,3,9026,7613
,,,,,,16/05/2013,$130K - $150K,1,5,4779,8346
,,,,,,16/05/2013 Total,,1,5,4779,8346
,,,,,,18/06/2013,$10K - $30K,1,5,9286,9268
,,,,,,18/06/2013 Total,,1,5,9286,9268
,,,,,,29/06/2013,$30K - $50K,1,3,6352,9546
,,,,,,29/06/2013 Total,,1,3,6352,9546
,,,,,,11/09/2013,$110K - $130K,1,4,780,11542
,,,,,,11/09/2013 Total,,1,4,780,11542
,,,,,,25/09/2013,$30K - $50K,1,5,9673,11917
,,,,,,25/09/2013 Total,,1,5,9673,11917
,,,,,,02/11/2013,$30K - $50K,1,5,1718,12979
,,,,,,02/11/2013 Total,,1,5,1718,12979
,,,,,,26/11/2013,$50K - $70K,1,6,1071,13626
,,,,,,26/11/2013 Total,,1,6,1071,13626
,,,,,,27/11/2013,$30K - $50K,1,4,3938,13646
,,,,,,27/11/2013 Total,,1,4,3938,13646
,,,,,USA Total,,,27,114,119688,156914
,,,,OR Total,,,,27,114,119688,156914
,,,Salem Total,,,,,27,114,119688,156914
,,,San Andres,DF,Mexico,20/01/2013,$30K - $50K,1,6,6804,5214
,,,,,,20/01/2013 Total,,1,6,6804,5214
,,,,,,12/02/2013,$30K - $50K,1,6,5464,5823
,,,,,,12/02/2013 Total,,1,6,5464,5823
,,,,,,27/02/2013,$150K +,1,3,5324,6273
,,,,,,27/02/2013 Total,,1,3,5324,6273
,,,,,,30/03/2013,$10K - $30K,1,7,57,7088
,,,,,,30/03/2013 Total,,1,7,57,7088
,,,,,,03/05/2013,$30K - $50K,1,4,732,7982
,,,,,,03/05/2013 Total,,1,4,732,7982
,,,,,,20/05/2013,$50K - $70K,1,5,8061,8448
,,,,,,20/05/2013 Total,,1,5,8061,8448
,,,,,,01/06/2013,$70K - $90K,1,3,4936,8804
,,,,,,01/06/2013 Total,,1,3,4936,8804
,,,,,,03/06/2013,$30K - $50K,2,7,15352,17694
,,,,,,03/06/2013 Total,,2,7,15352,17694
,,,,,,23/06/2013,$30K - $50K,1,7,3961,9396
,,,,,,23/06/2013 Total,,1,7,3961,9396
,,,,,,18/07/2013,$110K - $130K,1,5,5181,10100
,,,,,,18/07/2013 Total,,1,5,5181,10100
,,,,,,22/07/2013,$30K - $50K,1,3,911,10211
,,,,,,22/07/2013 Total,,1,3,911,10211
,,,,,,27/07/2013,$70K - $90K,1,5,3330,10336
,,,,,,27/07/2013 Total,,1,5,3330,10336
,,,,,,17/08/2013,$10K - $30K,1,3,8932,10875
,,,,,,17/08/2013 Total,,1,3,8932,10875
,,,,,,22/08/2013,$30K - $50K,1,4,3077,11016
,,,,,,22/08/2013 Total,,1,4,3077,11016
,,,,,,15/10/2013,$10K - $30K,1,2,8932,12479
,,,,,,15/10/2013 Total,,1,2,8932,12479
,,,,,,21/11/2013,$130K - $150K,1,4,9854,13503
,,,,,,21/11/2013 Total,,1,4,9854,13503
,,,,,,13/12/2013,$10K - $30K,1,4,540,13938
,,,,,,13/12/2013 Total,,1,4,540,13938
,,,,,Mexico Total,,,18,78,91448,169180
,,,,DF Total,,,,18,78,91448,169180
,,,San Andres Total,,,,,18,78,91448,169180
,,,San Diego,CA,USA,01/02/2012,$50K - $70K,1,6,6273,304
,,,,,,01/02/2012 Total,,1,6,6273,304
,,,,,,05/03/2012,$150K +,1,3,6929,706
,,,,,,05/03/2012 Total,,1,3,6929,706
,,,,,,04/05/2012,$70K - $90K,1,5,3758,1581
,,,,,,04/05/2012 Total,,1,5,3758,1581
,,,,,,13/05/2012,$10K - $30K,1,4,9703,1703
,,,,,,13/05/2012 Total,,1,4,9703,1703
,,,,,,23/10/2012,$30K - $50K,1,5,3041,3674
,,,,,,23/10/2012 Total,,1,5,3041,3674
,,,,,,02/12/2012,$70K - $90K,1,6,2747,4216
,,,,,,02/12/2012 Total,,1,6,2747,4216
,,,,,,04/12/2012,$50K - $70K,1,5,981,4242
,,,,,,04/12/2012 Total,,1,5,981,4242
,,,,,,22/12/2012,$70K - $90K,1,5,2747,4539
,,,,,,22/12/2012 Total,,1,5,2747,4539
,,,,,,13/05/2013,$30K - $50K,1,4,796,8276
,,,,,,13/05/2013 Total,,1,4,796,8276
,,,,,,21/06/2013,$30K - $50K,1,4,7729,9335
,,,,,,21/06/2013 Total,,1,4,7729,9335
,,,,,,30/06/2013,$30K - $50K,1,4,3166,9569
,,,,,,30/06/2013 Total,,1,4,3166,9569
,,,,,,25/09/2013,$10K - $30K,1,3,9703,11943
,,,,,,25/09/2013 Total,,1,3,9703,11943
,,,,,,10/12/2013,$30K - $50K,1,6,581,13896
,,,,,,10/12/2013 Total,,1,6,581,13896
,,,,,USA Total,,,13,60,58154,73984
,,,,CA Total,,,,13,60,58154,73984
,,,San Diego Total,,,,,13,60,58154,73984
,,,San Francisco,CA,USA,23/03/2012,$50K - $70K,1,1,9542,964
,,,,,,23/03/2012 Total,,1,1,9542,964
,,,,,,31/08/2012,$50K - $70K,1,4,5567,3039
,,,,,,31/08/2012 Total,,1,4,5567,3039
,,,,,,11/06/2013,$50K - $70K,1,3,6428,9064
,,,,,,11/06/2013 Total,,1,3,6428,9064
,,,,,,04/07/2013,$50K - $70K,1,3,3517,9699
,,,,,,04/07/2013 Total,,1,3,3517,9699
,,,,,USA Total,,,4,11,25054,22766
,,,,CA Total,,,,4,11,25054,22766
,,,San Francisco Total,,,,,4,11,25054,22766
,,,Seattle,WA,USA,24/02/2012,$70K - $90K,1,5,5792,584
,,,,,,24/02/2012 Total,,1,5,5792,584
,,,,,,14/04/2012,$110K - $130K,1,5,9085,1287
,,,,,,14/04/2012 Total,,1,5,9085,1287
,,,,,,03/05/2012,$30K - $50K,1,4,6266,1556
,,,,,,03/05/2012 Total,,1,4,6266,1556
,,,,,,29/05/2012,$10K - $30K,1,4,9900,1903
,,,,,,29/05/2012 Total,,1,4,9900,1903
,,,,,,21/09/2012,$50K - $70K,1,5,6945,3290
,,,,,,21/09/2012 Total,,1,5,6945,3290
,,,,,,27/02/2013,$50K - $70K,1,3,3604,6268
,,,,,,27/02/2013 Total,,1,3,3604,6268
,,,,,,14/04/2013,$110K - $130K,1,5,10081,7472
,,,,,,14/04/2013 Total,,1,5,10081,7472
,,,,,,20/04/2013,$30K - $50K,1,4,4349,7647
,,,,,,20/04/2013 Total,,1,4,4349,7647
,,,,,,25/05/2013,$70K - $90K,1,4,3634,8594
,,,,,,25/05/2013 Total,,1,4,3634,8594
,,,,,,01/07/2013,$70K - $90K,1,4,8926,9607
,,,,,,01/07/2013 Total,,1,4,8926,9607
,,,,,,06/09/2013,$70K - $90K,1,5,5977,11400
,,,,,,06/09/2013 Total,,1,5,5977,11400
,,,,,,13/10/2013,$30K - $50K,1,4,9247,12432
,,,,,,13/10/2013 Total,,1,4,9247,12432
,,,,,,11/11/2013,$50K - $70K,1,5,8314,13252
,,,,,,11/11/2013 Total,,1,5,8314,13252
,,,,,USA Total,,,13,57,92120,85292
,,,,WA Total,,,,13,57,92120,85292
,,,Seattle Total,,,,,13,57,92120,85292
,,,Spokane,WA,USA,17/03/2012,$30K - $50K,1,5,7702,873
,,,,,,17/03/2012 Total,,1,5,7702,873
,,,,,,30/06/2012,$30K - $50K,1,4,1297,2287
,,,,,,30/06/2012 Total,,1,4,1297,2287
,,,,,,18/07/2012,$10K - $30K,1,5,2371,2507
,,,,,,18/07/2012 Total,,1,5,2371,2507
,,,,,,21/08/2012,$50K - $70K,1,4,1415,2915
,,,,,,21/08/2012 Total,,1,4,1415,2915
,,,,,,06/12/2012,$130K - $150K,1,4,1850,4279
,,,,,,06/12/2012 Total,,1,4,1850,4279
,,,,,,22/12/2012,$30K - $50K,1,5,5542,4543
,,,,,,22/12/2012 Total,,1,5,5542,4543
,,,,,,01/01/2013,$70K - $90K,1,5,3692,4738
,,,,,,01/01/2013 Total,,1,5,3692,4738
,,,,,,25/01/2013,$30K - $50K,1,6,1297,5320
,,,,,,25/01/2013 Total,,1,6,1297,5320
,,,,,,02/04/2013,$30K - $50K,1,5,5295,7158
,,,,,,02/04/2013 Total,,1,5,5295,7158
,,,,,,28/04/2013,$30K - $50K,1,4,1297,7845
,,,,,,28/04/2013 Total,,1,4,1297,7845
,,,,,,03/05/2013,$30K - $50K,1,3,5542,7983
,,,,,,03/05/2013 Total,,1,3,5542,7983
,,,,,,23/05/2013,$30K - $50K,1,4,5542,8551
,,,,,,23/05/2013 Total,,1,4,5542,8551
,,,,,,14/06/2013,$130K - $150K,1,5,4767,9155
,,,,,,14/06/2013 Total,,1,5,4767,9155
,,,,,,12/11/2013,$30K - $50K,1,5,1297,13283
,,,,,,12/11/2013 Total,,1,5,1297,13283
,,,,,,12/12/2013,$10K - $30K,1,4,2019,13923
,,,,,,12/12/2013 Total,,1,4,2019,13923
,,,,,,28/12/2013,$30K - $50K,1,5,378,14052
,,,,,,28/12/2013 Total,,1,5,378,14052
,,,,,USA Total,,,16,73,51303,109412
,,,,WA Total,,,,16,73,51303,109412
,,,Spokane Total,,,,,16,73,51303,109412
,,,Tacoma,WA,USA,09/02/2012,$30K - $50K,1,5,4315,405
,,,,,,09/02/2012 Total,,1,5,4315,405
,,,,,,21/06/2012,$30K - $50K,1,3,9224,2178
,,,,,,21/06/2012 Total,,1,3,9224,2178
,,,,,,25/08/2012,$10K - $30K,1,6,3231,2965
,,,,,,25/08/2012 Total,,1,6,3231,2965
,,,,,,25/10/2012,$50K - $70K,1,5,4364,3696
,,,,,,25/10/2012 Total,,1,5,4364,3696
,,,,,,04/11/2012,$50K - $70K,1,5,4364,3838
,,,,,,04/11/2012 Total,,1,5,4364,3838
,,,,,,01/12/2012,$30K - $50K,1,3,5026,4196
,,,,,,01/12/2012 Total,,1,3,5026,4196
,,,,,,29/12/2012,$30K - $50K,1,4,5895,4669
,,,,,,29/12/2012 Total,,1,4,5895,4669
,,,,,,15/01/2013,$30K - $50K,1,4,9564,5065
,,,,,,15/01/2013 Total,,1,4,9564,5065
,,,,,,21/01/2013,$10K - $30K,1,3,4564,5223
,,,,,,21/01/2013 Total,,1,3,4564,5223
,,,,,,29/01/2013,$130K - $150K,1,4,1328,5430
,,,,,,29/01/2013 Total,,1,4,1328,5430
,,,,,,03/03/2013,$50K - $70K,1,4,5067,6361
,,,,,,03/03/2013 Total,,1,4,5067,6361
,,,,,,08/04/2013,$30K - $50K,1,3,4873,7318
,,,,,,08/04/2013 Total,,1,3,4873,7318
,,,,,,06/06/2013,$130K - $150K,1,5,5984,8928
,,,,,,06/06/2013 Total,,1,5,5984,8928
,,,,,,10/06/2013,$30K - $50K,1,5,4221,9042
,,,,,,10/06/2013 Total,,1,5,4221,9042
,,,,,,23/06/2013,$30K - $50K,1,6,5219,9389
,,,,,,23/06/2013 Total,,1,6,5219,9389
,,,,,,19/07/2013,$110K - $130K,1,3,7059,10139
,,,,,,19/07/2013 Total,,1,3,7059,10139
,,,,,,29/09/2013,$10K - $30K,1,6,2335,12057
,,,,,,29/09/2013 Total,,1,6,2335,12057
,,,,,,17/11/2013,$10K - $30K,1,5,6047,13411
,,,,,,17/11/2013 Total,,1,5,6047,13411
,,,,,,17/12/2013,$30K - $50K,1,4,4670,13969
,,,,,,17/12/2013 Total,,1,4,4670,13969
,,,,,USA Total,,,19,83,97350,128279
,,,,WA Total,,,,19,83,97350,128279
,,,Tacoma Total,,,,,19,83,97350,128279
,,,Vancouver,BC,Canada,23/04/2013,$110K - $130K,1,4,3598,7705
,,,,,,23/04/2013 Total,,1,4,3598,7705
,,,,,,24/04/2013,$30K - $50K,1,7,5055,7756
,,,,,,24/04/2013 Total,,1,7,5055,7756
,,,,,,29/04/2013,$30K - $50K,1,4,8877,7882
,,,,,,29/04/2013 Total,,1,4,8877,7882
,,,,,,13/05/2013,$130K - $150K,1,3,2324,8265
,,,,,,13/05/2013 Total,,1,3,2324,8265
,,,,,,17/05/2013,$10K - $30K,1,5,7620,8370
,,,,,,17/05/2013 Total,,1,5,7620,8370
,,,,,,21/06/2013,$30K - $50K,1,2,5290,9337
,,,,,,21/06/2013 Total,,1,2,5290,9337
,,,,,,25/06/2013,$30K - $50K,1,3,4346,9435
,,,,,,25/06/2013 Total,,1,3,4346,9435
,,,,,,18/07/2013,$10K - $30K,1,3,4586,10098
,,,,,,18/07/2013 Total,,1,3,4586,10098
,,,,,,02/09/2013,$70K - $90K,1,5,7166,11290
,,,,,,02/09/2013 Total,,1,5,7166,11290
,,,,,,25/09/2013,$30K - $50K,1,4,3525,11926
,,,,,,25/09/2013 Total,,1,4,3525,11926
,,,,,,15/10/2013,$10K - $30K,1,3,7392,12459
,,,,,,15/10/2013 Total,,1,3,7392,12459
,,,,,,28/12/2013,$50K - $70K,1,5,6251,14051
,,,,,,28/12/2013 Total,,1,5,6251,14051
,,,,,Canada Total,,,12,48,66030,118574
,,,,BC Total,,,,12,48,66030,118574
,,,Vancouver Total,,,,,12,48,66030,118574
,,,Victoria,BC,Canada,14/07/2013,$30K - $50K,1,5,3489,9978
,,,,,,14/07/2013 Total,,1,5,3489,9978
,,,,,,23/11/2013,$30K - $50K,1,7,3916,13562
,,,,,,23/11/2013 Total,,1,7,3916,13562
,,,,,Canada Total,,,2,12,7405,23540
,,,,BC Total,,,,2,12,7405,23540
,,,Victoria Total,,,,,2,12,7405,23540
,,,Walla Walla,WA,USA,17/02/2013,$30K - $50K,1,1,1107,5975
,,,,,,17/02/2013 Total,,1,1,1107,5975
,,,,,,18/03/2013,$50K - $70K,1,3,1508,6753
,,,,,,18/03/2013 Total,,1,3,1508,6753
,,,,,,16/08/2013,$30K - $50K,1,4,1107,10842
,,,,,,16/08/2013 Total,,1,4,1107,10842
,,,,,,26/11/2013,$70K - $90K,1,3,5068,13644
,,,,,,26/11/2013 Total,,1,3,5068,13644
,,,,,USA Total,,,4,11,8790,37214
,,,,WA Total,,,,4,11,8790,37214
,,,Walla Walla Total,,,,,4,11,8790,37214
,,,Yakima,WA,USA,12/02/2012,$50K - $70K,1,4,7276,441
,,,,,,12/02/2012 Total,,1,4,7276,441
,,,,,,19/02/2012,$30K - $50K,1,4,7171,522
,,,,,,19/02/2012 Total,,1,4,7171,522
,,,,,,07/01/2013,$30K - $50K,1,4,6105,4877
,,,,,,07/01/2013 Total,,1,4,6105,4877
,,,,,,15/01/2013,$50K - $70K,1,6,4803,5060
,,,,,,15/01/2013 Total,,1,6,4803,5060
,,,,,,11/07/2013,$30K - $50K,1,4,7171,9900
,,,,,,11/07/2013 Total,,1,4,7171,9900
,,,,,,14/11/2013,$30K - $50K,1,4,3422,13334
,,,,,,14/11/2013 Total,,1,4,3422,13334
,,,,,,23/12/2013,$10K - $30K,1,4,7696,14019
,,,,,,23/12/2013 Total,,1,4,7696,14019
,,,,,USA Total,,,7,30,43644,48153
,,,,WA Total,,,,7,30,43644,48153
,,,Yakima Total,,,,,7,30,43644,48153
,,S Total,,,,,,243,1019,1224878,1776869
,M Total,,,,,,,458,1913,2359878,3292292
Dairy Total,,,,,,,,903,3732,4596027,6671165
Decongestants,F,M,Beverly Hills,CA,USA,19/10/2013,$130K - $150K,1,3,2571,12582
,,,,,,19/10/2013 Total,,1,3,2571,12582
,,,,,USA Total,,,1,3,2571,12582
,,,,CA Total,,,,1,3,2571,12582
,,,Beverly Hills Total,,,,,1,3,2571,12582
,,,Camacho,Zacatecas,Mexico,23/02/2013,$30K - $50K,1,6,4571,6134
,,,,,,23/02/2013 Total,,1,6,4571,6134
,,,,,,06/11/2013,$10K - $30K,1,4,8564,13115
,,,,,,06/11/2013 Total,,1,4,8564,13115
,,,,,Mexico Total,,,2,10,13135,19249
,,,,Zacatecas Total,,,,2,10,13135,19249
,,,Camacho Total,,,,,2,10,13135,19249
,,,Hidalgo,Zacatecas,Mexico,18/01/2013,$70K - $90K,1,4,7977,5141
,,,,,,18/01/2013 Total,,1,4,7977,5141
,,,,,Mexico Total,,,1,4,7977,5141
,,,,Zacatecas Total,,,,1,4,7977,5141
,,,Hidalgo Total,,,,,1,4,7977,5141
,,,Los Angeles,CA,USA,17/09/2013,$10K - $30K,1,2,2601,11706
,,,,,,17/09/2013 Total,,1,2,2601,11706
,,,,,,16/11/2013,$10K - $30K,1,5,2366,13377
,,,,,,16/11/2013 Total,,1,5,2366,13377
,,,,,USA Total,,,2,7,4967,25083
,,,,CA Total,,,,2,7,4967,25083
,,,Los Angeles Total,,,,,2,7,4967,25083
,,,Merida,Yucatan,Mexico,01/02/2013,$70K - $90K,1,4,9844,5516
,,,,,,01/02/2013 Total,,1,4,9844,5516
,,,,,,05/02/2013,$10K - $30K,1,3,7356,5640
,,,,,,05/02/2013 Total,,1,3,7356,5640
,,,,,,29/04/2013,$30K - $50K,1,4,3501,7875
,,,,,,29/04/2013 Total,,1,4,3501,7875
,,,,,Mexico Total,,,3,11,20701,19031
,,,,Yucatan Total,,,,3,11,20701,19031
,,,Merida Total,,,,,3,11,20701,19031
,,,Orizaba,Veracruz,Mexico,21/10/2013,$130K - $150K,1,4,4250,12634
,,,,,,21/10/2013 Total,,1,4,4250,12634
,,,,,,22/10/2013,$70K - $90K,1,5,4198,12669
,,,,,,22/10/2013 Total,,1,5,4198,12669
,,,,,,08/12/2013,$30K - $50K,1,3,8821,13861
,,,,,,08/12/2013 Total,,1,3,8821,13861
,,,,,Mexico Total,,,3,12,17269,39164
,,,,Veracruz Total,,,,3,12,17269,39164
,,,Orizaba Total,,,,,3,12,17269,39164
,,,Portland,OR,USA,05/05/2012,$30K - $50K,1,3,9231,1604
,,,,,,05/05/2012 Total,,1,3,9231,1604
,,,,,USA Total,,,1,3,9231,1604
,,,,OR Total,,,,1,3,9231,1604
,,,Portland Total,,,,,1,3,9231,1604
,,,San Andres,DF,Mexico,05/07/2013,$130K - $150K,1,7,9319,9701
,,,,,,05/07/2013 Total,,1,7,9319,9701
,,,,,Mexico Total,,,1,7,9319,9701
,,,,DF Total,,,,1,7,9319,9701
,,,San Andres Total,,,,,1,7,9319,9701
,,,Seattle,WA,USA,21/02/2012,$90K - $110K,1,6,3373,541
,,,,,,21/02/2012 Total,,1,6,3373,541
,,,,,,09/09/2012,$50K - $70K,1,4,1485,3145
,,,,,,09/09/2012 Total,,1,4,1485,3145
,,,,,,26/06/2013,$30K - $50K,1,4,3749,9476
,,,,,,26/06/2013 Total,,1,4,3749,9476
,,,,,,19/08/2013,$50K - $70K,1,2,8975,10943
,,,,,,19/08/2013 Total,,1,2,8975,10943
,,,,,,22/11/2013,$70K - $90K,1,2,742,13535
,,,,,,22/11/2013 Total,,1,2,742,13535
,,,,,USA Total,,,5,18,18324,37640
,,,,WA Total,,,,5,18,18324,37640
,,,Seattle Total,,,,,5,18,18324,37640
,,,Spokane,WA,USA,22/09/2012,$70K - $90K,1,4,2587,3295
,,,,,,22/09/2012 Total,,1,4,2587,3295
,,,,,,24/01/2013,$30K - $50K,1,3,4391,5289
,,,,,,24/01/2013 Total,,1,3,4391,5289
,,,,,USA Total,,,2,7,6978,8584
,,,,WA Total,,,,2,7,6978,8584
,,,Spokane Total,,,,,2,7,6978,8584
,,,Tacoma,WA,USA,30/12/2012,$30K - $50K,1,4,472,4687
,,,,,,30/12/2012 Total,,1,4,472,4687
,,,,,USA Total,,,1,4,472,4687
,,,,WA Total,,,,1,4,472,4687
,,,Tacoma Total,,,,,1,4,472,4687
,,,Walla Walla,WA,USA,12/07/2012,$10K - $30K,1,1,3549,2425
,,,,,,12/07/2012 Total,,1,1,3549,2425
,,,,,USA Total,,,1,1,3549,2425
,,,,WA Total,,,,1,1,3549,2425
,,,Walla Walla Total,,,,,1,1,3549,2425
,,M Total,,,,,,23,87,114493,184891
,,S,Acapulco,Guerrero,Mexico,14/04/2013,$30K - $50K,1,5,7563,7459
,,,,,,14/04/2013 Total,,1,5,7563,7459
,,,,,,25/06/2013,$130K - $150K,1,3,5652,9453
,,,,,,25/06/2013 Total,,1,3,5652,9453
,,,,,Mexico Total,,,2,8,13215,16912
,,,,Guerrero Total,,,,2,8,13215,16912
,,,Acapulco Total,,,,,2,8,13215,16912
,,,Beverly Hills,CA,USA,05/05/2012,$30K - $50K,1,2,7659,1596
,,,,,,05/05/2012 Total,,1,2,7659,1596
,,,,,,19/09/2012,$10K - $30K,1,5,10209,3270
,,,,,,19/09/2012 Total,,1,5,10209,3270
,,,,,,04/11/2013,$70K - $90K,1,3,8195,13049
,,,,,,04/11/2013 Total,,1,3,8195,13049
,,,,,USA Total,,,3,10,26063,17915
,,,,CA Total,,,,3,10,26063,17915
,,,Beverly Hills Total,,,,,3,10,26063,17915
,,,Camacho,Zacatecas,Mexico,21/02/2013,$10K - $30K,1,2,8498,6090
,,,,,,21/02/2013 Total,,1,2,8498,6090
,,,,,Mexico Total,,,1,2,8498,6090
,,,,Zacatecas Total,,,,1,2,8498,6090
,,,Camacho Total,,,,,1,2,8498,6090
,,,Hidalgo,Zacatecas,Mexico,11/02/2013,$30K - $50K,1,2,272,5792
,,,,,,11/02/2013 Total,,1,2,272,5792
,,,,,Mexico Total,,,1,2,272,5792
,,,,Zacatecas Total,,,,1,2,272,5792
,,,Hidalgo Total,,,,,1,2,272,5792
,,,Los Angeles,CA,USA,18/03/2012,$110K - $130K,1,5,5241,903
,,,,,,18/03/2012 Total,,1,5,5241,903
,,,,,,22/07/2012,$10K - $30K,1,4,4180,2549
,,,,,,22/07/2012 Total,,1,4,4180,2549
,,,,,,17/09/2012,$70K - $90K,1,3,9527,3241
,,,,,,17/09/2012 Total,,1,3,9527,3241
,,,,,USA Total,,,3,12,18948,6693
,,,,CA Total,,,,3,12,18948,6693
,,,Los Angeles Total,,,,,3,12,18948,6693
,,,Mexico City,DF,Mexico,25/12/2013,$90K - $110K,1,4,7663,14031
,,,,,,25/12/2013 Total,,1,4,7663,14031
,,,,,Mexico Total,,,1,4,7663,14031
,,,,DF Total,,,,1,4,7663,14031
,,,Mexico City Total,,,,,1,4,7663,14031
,,,Portland,OR,USA,09/05/2012,$110K - $130K,1,5,9383,1649
,,,,,,09/05/2012 Total,,1,5,9383,1649
,,,,,,26/06/2012,$10K - $30K,1,3,4143,2235
,,,,,,26/06/2012 Total,,1,3,4143,2235
,,,,,,02/10/2012,$30K - $50K,1,5,4595,3412
,,,,,,02/10/2012 Total,,1,5,4595,3412
,,,,,USA Total,,,3,13,18121,7296
,,,,OR Total,,,,3,13,18121,7296
,,,Portland Total,,,,,3,13,18121,7296
,,,Salem,OR,USA,09/01/2012,$50K - $70K,1,5,6021,79
,,,,,,09/01/2012 Total,,1,5,6021,79
,,,,,,04/05/2012,$90K - $110K,1,4,5958,1583
,,,,,,04/05/2012 Total,,1,4,5958,1583
,,,,,USA Total,,,2,9,11979,1662
,,,,OR Total,,,,2,9,11979,1662
,,,Salem Total,,,,,2,9,11979,1662
,,,San Andres,DF,Mexico,12/06/2013,$70K - $90K,1,4,7332,9093
,,,,,,12/06/2013 Total,,1,4,7332,9093
,,,,,Mexico Total,,,1,4,7332,9093
,,,,DF Total,,,,1,4,7332,9093
,,,San Andres Total,,,,,1,4,7332,9093
,,,San Diego,CA,USA,16/06/2012,$50K - $70K,1,4,282,2098
,,,,,,16/06/2012 Total,,1,4,282,2098
,,,,,,15/01/2013,$90K - $110K,1,6,6341,5090
,,,,,,15/01/2013 Total,,1,6,6341,5090
,,,,,,02/07/2013,$50K - $70K,1,6,8872,9643
,,,,,,02/07/2013 Total,,1,6,8872,9643
,,,,,,24/07/2013,$110K - $130K,1,4,2478,10256
,,,,,,24/07/2013 Total,,1,4,2478,10256
,,,,,USA Total,,,4,20,17973,27087
,,,,CA Total,,,,4,20,17973,27087
,,,San Diego Total,,,,,4,20,17973,27087
,,,Spokane,WA,USA,16/02/2012,$30K - $50K,1,2,6957,482
,,,,,,16/02/2012 Total,,1,2,6957,482
,,,,,USA Total,,,1,2,6957,482
,,,,WA Total,,,,1,2,6957,482
,,,Spokane Total,,,,,1,2,6957,482
,,,Tacoma,WA,USA,10/03/2013,$30K - $50K,1,3,4231,6566
,,,,,,10/03/2013 Total,,1,3,4231,6566
,,,,,,30/10/2013,$10K - $30K,1,7,2918,12888
,,,,,,30/10/2013 Total,,1,7,2918,12888
,,,,,USA Total,,,2,10,7149,19454
,,,,WA Total,,,,2,10,7149,19454
,,,Tacoma Total,,,,,2,10,7149,19454
,,,Vancouver,BC,Canada,03/07/2013,$30K - $50K,1,5,6558,9666
,,,,,,03/07/2013 Total,,1,5,6558,9666
,,,,,Canada Total,,,1,5,6558,9666
,,,,BC Total,,,,1,5,6558,9666
,,,Vancouver Total,,,,,1,5,6558,9666
,,S Total,,,,,,25,101,150728,142173
,F Total,,,,,,,48,188,265221,327064
,M,M,Bremerton,WA,USA,19/09/2013,$30K - $50K,1,6,6496,11746
,,,,,,19/09/2013 Total,,1,6,6496,11746
,,,,,USA Total,,,1,6,6496,11746
,,,,WA Total,,,,1,6,6496,11746
,,,Bremerton Total,,,,,1,6,6496,11746
,,,Hidalgo,Zacatecas,Mexico,06/10/2013,$10K - $30K,1,4,6406,12216
,,,,,,06/10/2013 Total,,1,4,6406,12216
,,,,,Mexico Total,,,1,4,6406,12216
,,,,Zacatecas Total,,,,1,4,6406,12216
,,,Hidalgo Total,,,,,1,4,6406,12216
,,,Los Angeles,CA,USA,21/11/2012,$10K - $30K,1,7,8296,4052
,,,,,,21/11/2012 Total,,1,7,8296,4052
,,,,,,12/09/2013,$30K - $50K,1,3,3922,11568
,,,,,,12/09/2013 Total,,1,3,3922,11568
,,,,,USA Total,,,2,10,12218,15620
,,,,CA Total,,,,2,10,12218,15620
,,,Los Angeles Total,,,,,2,10,12218,15620
,,,Orizaba,Veracruz,Mexico,29/09/2013,$10K - $30K,1,5,7700,12053
,,,,,,29/09/2013 Total,,1,5,7700,12053
,,,,,Mexico Total,,,1,5,7700,12053
,,,,Veracruz Total,,,,1,5,7700,12053
,,,Orizaba Total,,,,,1,5,7700,12053
,,,Salem,OR,USA,11/05/2012,$30K - $50K,1,2,2251,1674
,,,,,,11/05/2012 Total,,1,2,2251,1674
,,,,,USA Total,,,1,2,2251,1674
,,,,OR Total,,,,1,2,2251,1674
,,,Salem Total,,,,,1,2,2251,1674
,,,San Andres,DF,Mexico,14/09/2013,$10K - $30K,1,4,1975,11627
,,,,,,14/09/2013 Total,,1,4,1975,11627
,,,,,Mexico Total,,,1,4,1975,11627
,,,,DF Total,,,,1,4,1975,11627
,,,San Andres Total,,,,,1,4,1975,11627
,,,San Diego,CA,USA,29/06/2012,$90K - $110K,1,4,9251,2274
,,,,,,29/06/2012 Total,,1,4,9251,2274
,,,,,USA Total,,,1,4,9251,2274
,,,,CA Total,,,,1,4,9251,2274
,,,San Diego Total,,,,,1,4,9251,2274
,,,Seattle,WA,USA,07/10/2012,$30K - $50K,1,6,4063,3495
,,,,,,07/10/2012 Total,,1,6,4063,3495
,,,,,,19/02/2013,$30K - $50K,1,5,4127,6039
,,,,,,19/02/2013 Total,,1,5,4127,6039
,,,,,,10/11/2013,$30K - $50K,1,5,1932,13212
,,,,,,10/11/2013 Total,,1,5,1932,13212
,,,,,USA Total,,,3,16,10122,22746
,,,,WA Total,,,,3,16,10122,22746
,,,Seattle Total,,,,,3,16,10122,22746
,,,Spokane,WA,USA,27/01/2012,$10K - $30K,1,5,8427,245
,,,,,,27/01/2012 Total,,1,5,8427,245
,,,,,,04/01/2013,$10K - $30K,1,2,8427,4806
,,,,,,04/01/2013 Total,,1,2,8427,4806
,,,,,,08/04/2013,$10K - $30K,1,5,9728,7315
,,,,,,08/04/2013 Total,,1,5,9728,7315
,,,,,USA Total,,,3,12,26582,12366
,,,,WA Total,,,,3,12,26582,12366
,,,Spokane Total,,,,,3,12,26582,12366
,,,Tacoma,WA,USA,07/06/2012,$30K - $50K,1,5,448,2018
,,,,,,07/06/2012 Total,,1,5,448,2018
,,,,,USA Total,,,1,5,448,2018
,,,,WA Total,,,,1,5,448,2018
,,,Tacoma Total,,,,,1,5,448,2018
,,,Vancouver,BC,Canada,26/06/2013,$30K - $50K,1,4,10016,9469
,,,,,,26/06/2013 Total,,1,4,10016,9469
,,,,,,28/09/2013,$30K - $50K,1,4,2219,12037
,,,,,,28/09/2013 Total,,1,4,2219,12037
,,,,,Canada Total,,,2,8,12235,21506
,,,,BC Total,,,,2,8,12235,21506
,,,Vancouver Total,,,,,2,8,12235,21506
,,,Yakima,WA,USA,30/09/2013,$70K - $90K,1,4,9134,12070
,,,,,,30/09/2013 Total,,1,4,9134,12070
,,,,,USA Total,,,1,4,9134,12070
,,,,WA Total,,,,1,4,9134,12070
,,,Yakima Total,,,,,1,4,9134,12070
,,M Total,,,,,,18,80,104818,137916
,,S,Beverly Hills,CA,USA,25/02/2013,$30K - $50K,1,6,10205,6206
,,,,,,25/02/2013 Total,,1,6,10205,6206
,,,,,,11/04/2013,$70K - $90K,1,4,3087,7407
,,,,,,11/04/2013 Total,,1,4,3087,7407
,,,,,,30/10/2013,$50K - $70K,1,4,4861,12893
,,,,,,30/10/2013 Total,,1,4,4861,12893
,,,,,USA Total,,,3,14,18153,26506
,,,,CA Total,,,,3,14,18153,26506
,,,Beverly Hills Total,,,,,3,14,18153,26506
,,,Los Angeles,CA,USA,08/11/2012,$30K - $50K,1,5,9101,3876
,,,,,,08/11/2012 Total,,1,5,9101,3876
,,,,,USA Total,,,1,5,9101,3876
,,,,CA Total,,,,1,5,9101,3876
,,,Los Angeles Total,,,,,1,5,9101,3876
,,,Merida,Yucatan,Mexico,23/06/2013,$30K - $50K,1,5,5466,9392
,,,,,,23/06/2013 Total,,1,5,5466,9392
,,,,,Mexico Total,,,1,5,5466,9392
,,,,Yucatan Total,,,,1,5,5466,9392
,,,Merida Total,,,,,1,5,5466,9392
,,,Mexico City,DF,Mexico,07/04/2013,$30K - $50K,1,5,6608,7287
,,,,,,07/04/2013 Total,,1,5,6608,7287
,,,,,Mexico Total,,,1,5,6608,7287
,,,,DF Total,,,,1,5,6608,7287
,,,Mexico City Total,,,,,1,5,6608,7287
,,,Orizaba,Veracruz,Mexico,19/02/2013,$50K - $70K,1,4,4235,6018
,,,,,,19/02/2013 Total,,1,4,4235,6018
,,,,,Mexico Total,,,1,4,4235,6018
,,,,Veracruz Total,,,,1,4,4235,6018
,,,Orizaba Total,,,,,1,4,4235,6018
,,,Portland,OR,USA,23/01/2012,$30K - $50K,1,3,3412,199
,,,,,,23/01/2012 Total,,1,3,3412,199
,,,,,,31/01/2012,$10K - $30K,1,3,9331,283
,,,,,,31/01/2012 Total,,1,3,9331,283
,,,,,,17/04/2012,$30K - $50K,1,3,4467,1346
,,,,,,17/04/2012 Total,,1,3,4467,1346
,,,,,,24/01/2013,$110K - $130K,1,6,7180,5311
,,,,,,24/01/2013 Total,,1,6,7180,5311
,,,,,,14/05/2013,$10K - $30K,1,5,4829,8304
,,,,,,14/05/2013 Total,,1,5,4829,8304
,,,,,,18/09/2013,$30K - $50K,1,6,1235,11730
,,,,,,18/09/2013 Total,,1,6,1235,11730
,,,,,USA Total,,,6,26,30454,27173
,,,,OR Total,,,,6,26,30454,27173
,,,Portland Total,,,,,6,26,30454,27173
,,,Salem,OR,USA,15/11/2013,$130K - $150K,1,4,1253,13356
,,,,,,15/11/2013 Total,,1,4,1253,13356
,,,,,USA Total,,,1,4,1253,13356
,,,,OR Total,,,,1,4,1253,13356
,,,Salem Total,,,,,1,4,1253,13356
,,,San Diego,CA,USA,28/01/2013,$10K - $30K,1,3,6925,5398
,,,,,,28/01/2013 Total,,1,3,6925,5398
,,,,,,16/04/2013,$30K - $50K,1,6,733,7506
,,,,,,16/04/2013 Total,,1,6,733,7506
,,,,,USA Total,,,2,9,7658,12904
,,,,CA Total,,,,2,9,7658,12904
,,,San Diego Total,,,,,2,9,7658,12904
,,,Seattle,WA,USA,19/01/2012,$50K - $70K,1,5,7781,162
,,,,,,19/01/2012 Total,,1,5,7781,162
,,,,,USA Total,,,1,5,7781,162
,,,,WA Total,,,,1,5,7781,162
,,,Seattle Total,,,,,1,5,7781,162
,,,Tacoma,WA,USA,04/06/2013,$10K - $30K,1,4,5877,8864
,,,,,,04/06/2013 Total,,1,4,5877,8864
,,,,,USA Total,,,1,4,5877,8864
,,,,WA Total,,,,1,4,5877,8864
,,,Tacoma Total,,,,,1,4,5877,8864
,,,Victoria,BC,Canada,13/06/2013,$10K - $30K,1,3,5666,9123
,,,,,,13/06/2013 Total,,1,3,5666,9123
,,,,,Canada Total,,,1,3,5666,9123
,,,,BC Total,,,,1,3,5666,9123
,,,Victoria Total,,,,,1,3,5666,9123
,,S Total,,,,,,19,84,102252,124661
,M Total,,,,,,,37,164,207070,262577
Decongestants Total,,,,,,,,85,352,472291,589641
Drinks,F,M,Acapulco,Guerrero,Mexico,20/02/2013,$30K - $50K,1,2,2634,6062
,,,,,,20/02/2013 Total,,1,2,2634,6062
,,,,,Mexico Total,,,1,2,2634,6062
,,,,Guerrero Total,,,,1,2,2634,6062
,,,Acapulco Total,,,,,1,2,2634,6062
,,,Beverly Hills,CA,USA,24/11/2012,$10K - $30K,1,4,4426,4096
,,,,,,24/11/2012 Total,,1,4,4426,4096
,,,,,USA Total,,,1,4,4426,4096
,,,,CA Total,,,,1,4,4426,4096
,,,Beverly Hills Total,,,,,1,4,4426,4096
,,,Bremerton,WA,USA,15/05/2013,$50K - $70K,1,5,8374,8309
,,,,,,15/05/2013 Total,,1,5,8374,8309
,,,,,USA Total,,,1,5,8374,8309
,,,,WA Total,,,,1,5,8374,8309
,,,Bremerton Total,,,,,1,5,8374,8309
,,,Camacho,Zacatecas,Mexico,01/02/2013,$10K - $30K,1,5,8564,5514
,,,,,,01/02/2013 Total,,1,5,8564,5514
,,,,,Mexico Total,,,1,5,8564,5514
,,,,Zacatecas Total,,,,1,5,8564,5514
,,,Camacho Total,,,,,1,5,8564,5514
,,,Hidalgo,Zacatecas,Mexico,21/02/2013,$10K - $30K,1,2,4256,6082
,,,,,,21/02/2013 Total,,1,2,4256,6082
,,,,,,30/03/2013,$70K - $90K,1,6,9868,7090
,,,,,,30/03/2013 Total,,1,6,9868,7090
,,,,,,20/04/2013,$110K - $130K,1,5,7063,7618
,,,,,,20/04/2013 Total,,1,5,7063,7618
,,,,,,23/04/2013,$10K - $30K,1,5,3495,7716
,,,,,,23/04/2013 Total,,1,5,3495,7716
,,,,,,06/06/2013,$70K - $90K,1,4,9868,8929
,,,,,,06/06/2013 Total,,1,4,9868,8929
,,,,,,15/07/2013,$30K - $50K,1,3,1495,9990
,,,,,,15/07/2013 Total,,1,3,1495,9990
,,,,,Mexico Total,,,6,25,36045,47425
,,,,Zacatecas Total,,,,6,25,36045,47425
,,,Hidalgo Total,,,,,6,25,36045,47425
,,,Los Angeles,CA,USA,09/03/2012,$50K - $70K,1,6,5539,771
,,,,,,09/03/2012 Total,,1,6,5539,771
,,,,,,16/04/2012,$50K - $70K,1,6,5431,1330
,,,,,,16/04/2012 Total,,1,6,5431,1330
,,,,,,24/08/2013,$50K - $70K,1,4,6129,11043
,,,,,,24/08/2013 Total,,1,4,6129,11043
,,,,,USA Total,,,3,16,17099,13144
,,,,CA Total,,,,3,16,17099,13144
,,,Los Angeles Total,,,,,3,16,17099,13144
,,,Merida,Yucatan,Mexico,14/01/2013,$30K - $50K,1,4,6603,5052
,,,,,,14/01/2013 Total,,1,4,6603,5052
,,,,,,07/03/2013,$30K - $50K,1,3,1578,6486
,,,,,,07/03/2013 Total,,1,3,1578,6486
,,,,,,01/06/2013,$10K - $30K,1,5,4761,8813
,,,,,,01/06/2013 Total,,1,5,4761,8813
,,,,,Mexico Total,,,3,12,12942,20351
,,,,Yucatan Total,,,,3,12,12942,20351
,,,Merida Total,,,,,3,12,12942,20351
,,,Mexico City,DF,Mexico,25/04/2013,$10K - $30K,1,5,8326,7780
,,,,,,25/04/2013 Total,,1,5,8326,7780
,,,,,Mexico Total,,,1,5,8326,7780
,,,,DF Total,,,,1,5,8326,7780
,,,Mexico City Total,,,,,1,5,8326,7780
,,,Orizaba,Veracruz,Mexico,20/10/2013,$50K - $70K,1,5,9743,12621
,,,,,,20/10/2013 Total,,1,5,9743,12621
,,,,,Mexico Total,,,1,5,9743,12621
,,,,Veracruz Total,,,,1,5,9743,12621
,,,Orizaba Total,,,,,1,5,9743,12621
,,,Portland,OR,USA,15/10/2013,$30K - $50K,1,4,2886,12475
,,,,,,15/10/2013 Total,,1,4,2886,12475
,,,,,USA Total,,,1,4,2886,12475
,,,,OR Total,,,,1,4,2886,12475
,,,Portland Total,,,,,1,4,2886,12475
,,,Salem,OR,USA,09/09/2013,$30K - $50K,1,6,9256,11479
,,,,,,09/09/2013 Total,,1,6,9256,11479
,,,,,,12/09/2013,$70K - $90K,1,4,9668,11569
,,,,,,12/09/2013 Total,,1,4,9668,11569
,,,,,,29/11/2013,$70K - $90K,1,4,893,13713
,,,,,,29/11/2013 Total,,1,4,893,13713
,,,,,USA Total,,,3,14,19817,36761
,,,,OR Total,,,,3,14,19817,36761
,,,Salem Total,,,,,3,14,19817,36761
,,,San Andres,DF,Mexico,17/08/2013,$30K - $50K,1,4,4111,10878
,,,,,,17/08/2013 Total,,1,4,4111,10878
,,,,,Mexico Total,,,1,4,4111,10878
,,,,DF Total,,,,1,4,4111,10878
,,,San Andres Total,,,,,1,4,4111,10878
,,,San Diego,CA,USA,01/08/2012,$50K - $70K,1,3,5150,2671
,,,,,,01/08/2012 Total,,1,3,5150,2671
,,,,,,28/10/2012,$70K - $90K,1,6,1643,3734
,,,,,,28/10/2012 Total,,1,6,1643,3734
,,,,,,22/04/2013,$130K - $150K,1,5,654,7673
,,,,,,22/04/2013 Total,,1,5,654,7673
,,,,,,05/06/2013,$30K - $50K,1,8,9533,8898
,,,,,,05/06/2013 Total,,1,8,9533,8898
,,,,,USA Total,,,4,22,16980,22976
,,,,CA Total,,,,4,22,16980,22976
,,,San Diego Total,,,,,4,22,16980,22976
,,,San Francisco,CA,USA,07/02/2013,$10K - $30K,1,2,5828,5693
,,,,,,07/02/2013 Total,,1,2,5828,5693
,,,,,USA Total,,,1,2,5828,5693
,,,,CA Total,,,,1,2,5828,5693
,,,San Francisco Total,,,,,1,2,5828,5693
,,,Seattle,WA,USA,15/12/2012,$110K - $130K,1,3,8606,4407
,,,,,,15/12/2012 Total,,1,3,8606,4407
,,,,,,18/01/2013,$30K - $50K,1,5,1659,5140
,,,,,,18/01/2013 Total,,1,5,1659,5140
,,,,,,10/05/2013,$50K - $70K,1,4,5823,8187
,,,,,,10/05/2013 Total,,1,4,5823,8187
,,,,,USA Total,,,3,12,16088,17734
,,,,WA Total,,,,3,12,16088,17734
,,,Seattle Total,,,,,3,12,16088,17734
,,,Spokane,WA,USA,22/12/2013,$10K - $30K,1,5,6307,14013
,,,,,,22/12/2013 Total,,1,5,6307,14013
,,,,,USA Total,,,1,5,6307,14013
,,,,WA Total,,,,1,5,6307,14013
,,,Spokane Total,,,,,1,5,6307,14013
,,,Tacoma,WA,USA,18/04/2013,$30K - $50K,1,4,1168,7566
,,,,,,18/04/2013 Total,,1,4,1168,7566
,,,,,,19/11/2013,$30K - $50K,1,4,472,13469
,,,,,,19/11/2013 Total,,1,4,472,13469
,,,,,USA Total,,,2,8,1640,21035
,,,,WA Total,,,,2,8,1640,21035
,,,Tacoma Total,,,,,2,8,1640,21035
,,,Victoria,BC,Canada,24/08/2013,$30K - $50K,1,4,7658,11069
,,,,,,24/08/2013 Total,,1,4,7658,11069
,,,,,Canada Total,,,1,4,7658,11069
,,,,BC Total,,,,1,4,7658,11069
,,,Victoria Total,,,,,1,4,7658,11069
,,,Walla Walla,WA,USA,10/04/2012,$10K - $30K,1,1,1974,1243
,,,,,,10/04/2012 Total,,1,1,1974,1243
,,,,,,20/08/2012,$110K - $130K,1,2,612,2902
,,,,,,20/08/2012 Total,,1,2,612,2902
,,,,,USA Total,,,2,3,2586,4145
,,,,WA Total,,,,2,3,2586,4145
,,,Walla Walla Total,,,,,2,3,2586,4145
,,,Yakima,WA,USA,15/07/2012,$50K - $70K,1,6,5707,2459
,,,,,,15/07/2012 Total,,1,6,5707,2459
,,,,,,17/07/2012,$110K - $130K,1,6,2981,2486
,,,,,,17/07/2012 Total,,1,6,2981,2486
,,,,,USA Total,,,2,12,8688,4945
,,,,WA Total,,,,2,12,8688,4945
,,,Yakima Total,,,,,2,12,8688,4945
,,M Total,,,,,,39,169,200742,287026
,,S,Bellingham,WA,USA,22/05/2012,$30K - $50K,1,2,4487,1820
,,,,,,22/05/2012 Total,,1,2,4487,1820
,,,,,,15/05/2013,$90K - $110K,1,3,4018,8311
,,,,,,15/05/2013 Total,,1,3,4018,8311
,,,,,USA Total,,,2,5,8505,10131
,,,,WA Total,,,,2,5,8505,10131
,,,Bellingham Total,,,,,2,5,8505,10131
,,,Beverly Hills,CA,USA,29/03/2013,$30K - $50K,1,4,992,7044
,,,,,,29/03/2013 Total,,1,4,992,7044
,,,,,,06/08/2013,$150K +,1,4,6019,10589
,,,,,,06/08/2013 Total,,1,4,6019,10589
,,,,,USA Total,,,2,8,7011,17633
,,,,CA Total,,,,2,8,7011,17633
,,,Beverly Hills Total,,,,,2,8,7011,17633
,,,Camacho,Zacatecas,Mexico,23/08/2013,$30K - $50K,1,4,8973,11018
,,,,,,23/08/2013 Total,,1,4,8973,11018
,,,,,Mexico Total,,,1,4,8973,11018
,,,,Zacatecas Total,,,,1,4,8973,11018
,,,Camacho Total,,,,,1,4,8973,11018
,,,Guadalajara,Jalisco,Mexico,23/06/2013,$10K - $30K,1,3,4981,9401
,,,,,,23/06/2013 Total,,1,3,4981,9401
,,,,,Mexico Total,,,1,3,4981,9401
,,,,Jalisco Total,,,,1,3,4981,9401
,,,Guadalajara Total,,,,,1,3,4981,9401
,,,Hidalgo,Zacatecas,Mexico,03/03/2013,$70K - $90K,1,6,8279,6372
,,,,,,03/03/2013 Total,,1,6,8279,6372
,,,,,,19/06/2013,$70K - $90K,1,5,6934,9280
,,,,,,19/06/2013 Total,,1,5,6934,9280
,,,,,,29/11/2013,$130K - $150K,1,5,5740,13692
,,,,,,29/11/2013 Total,,1,5,5740,13692
,,,,,Mexico Total,,,3,16,20953,29344
,,,,Zacatecas Total,,,,3,16,20953,29344
,,,Hidalgo Total,,,,,3,16,20953,29344
,,,Merida,Yucatan,Mexico,19/07/2013,$30K - $50K,1,4,4285,10123
,,,,,,19/07/2013 Total,,1,4,4285,10123
,,,,,Mexico Total,,,1,4,4285,10123
,,,,Yucatan Total,,,,1,4,4285,10123
,,,Merida Total,,,,,1,4,4285,10123
,,,Salem,OR,USA,17/02/2012,$50K - $70K,1,5,8504,498
,,,,,,17/02/2012 Total,,1,5,8504,498
,,,,,,05/04/2012,$30K - $50K,1,3,2422,1164
,,,,,,05/04/2012 Total,,1,3,2422,1164
,,,,,,12/04/2012,$30K - $50K,1,5,8844,1262
,,,,,,12/04/2012 Total,,1,5,8844,1262
,,,,,,30/07/2012,$90K - $110K,1,4,7292,2644
,,,,,,30/07/2012 Total,,1,4,7292,2644
,,,,,,09/08/2012,$10K - $30K,1,4,9648,2770
,,,,,,09/08/2012 Total,,1,4,9648,2770
,,,,,USA Total,,,5,21,36710,8338
,,,,OR Total,,,,5,21,36710,8338
,,,Salem Total,,,,,5,21,36710,8338
,,,San Andres,DF,Mexico,08/02/2013,$70K - $90K,1,5,7113,5731
,,,,,,08/02/2013 Total,,1,5,7113,5731
,,,,,,28/03/2013,$30K - $50K,1,4,5343,7011
,,,,,,28/03/2013 Total,,1,4,5343,7011
,,,,,Mexico Total,,,2,9,12456,12742
,,,,DF Total,,,,2,9,12456,12742
,,,San Andres Total,,,,,2,9,12456,12742
,,,San Diego,CA,USA,28/12/2011,$10K - $30K,1,5,3458,20
,,,,,,28/12/2011 Total,,1,5,3458,20
,,,,,,20/03/2012,$10K - $30K,1,4,5167,931
,,,,,,20/03/2012 Total,,1,4,5167,931
,,,,,,07/10/2012,$30K - $50K,1,4,8324,3488
,,,,,,07/10/2012 Total,,1,4,8324,3488
,,,,,,18/10/2013,$10K - $30K,1,4,3588,12554
,,,,,,18/10/2013 Total,,1,4,3588,12554
,,,,,USA Total,,,4,17,20537,16993
,,,,CA Total,,,,4,17,20537,16993
,,,San Diego Total,,,,,4,17,20537,16993
,,,San Francisco,CA,USA,08/04/2013,$30K - $50K,1,1,8830,7330
,,,,,,08/04/2013 Total,,1,1,8830,7330
,,,,,,04/08/2013,$130K - $150K,1,3,10060,10535
,,,,,,04/08/2013 Total,,1,3,10060,10535
,,,,,USA Total,,,2,4,18890,17865
,,,,CA Total,,,,2,4,18890,17865
,,,San Francisco Total,,,,,2,4,18890,17865
,,,Seattle,WA,USA,24/01/2013,$30K - $50K,1,4,9543,5306
,,,,,,24/01/2013 Total,,1,4,9543,5306
,,,,,,10/03/2013,$130K - $150K,1,5,7654,6561
,,,,,,10/03/2013 Total,,1,5,7654,6561
,,,,,,10/04/2013,$110K - $130K,1,5,9129,7356
,,,,,,10/04/2013 Total,,1,5,9129,7356
,,,,,,27/05/2013,$130K - $150K,1,4,9776,8657
,,,,,,27/05/2013 Total,,1,4,9776,8657
,,,,,,26/06/2013,$50K - $70K,1,5,4005,9473
,,,,,,26/06/2013 Total,,1,5,4005,9473
,,,,,USA Total,,,5,23,40107,37353
,,,,WA Total,,,,5,23,40107,37353
,,,Seattle Total,,,,,5,23,40107,37353
,,,Spokane,WA,USA,22/02/2012,$30K - $50K,1,3,769,550
,,,,,,22/02/2012 Total,,1,3,769,550
,,,,,USA Total,,,1,3,769,550
,,,,WA Total,,,,1,3,769,550
,,,Spokane Total,,,,,1,3,769,550
,,,Tacoma,WA,USA,20/01/2013,$110K - $130K,1,4,2493,5191
,,,,,,20/01/2013 Total,,1,4,2493,5191
,,,,,,13/08/2013,$70K - $90K,1,4,8454,10793
,,,,,,13/08/2013 Total,,1,4,8454,10793
,,,,,USA Total,,,2,8,10947,15984
,,,,WA Total,,,,2,8,10947,15984
,,,Tacoma Total,,,,,2,8,10947,15984
,,,Yakima,WA,USA,03/02/2013,$30K - $50K,1,2,2682,5567
,,,,,,03/02/2013 Total,,1,2,2682,5567
,,,,,USA Total,,,1,2,2682,5567
,,,,WA Total,,,,1,2,2682,5567
,,,Yakima Total,,,,,1,2,2682,5567
,,S Total,,,,,,32,127,197806,203042
,F Total,,,,,,,71,296,398548,490068
,M,M,Beverly Hills,CA,USA,15/05/2012,$30K - $50K,1,4,2381,1722
,,,,,,15/05/2012 Total,,1,4,2381,1722
,,,,,,29/10/2013,$10K - $30K,1,3,3996,12858
,,,,,,29/10/2013 Total,,1,3,3996,12858
,,,,,USA Total,,,2,7,6377,14580
,,,,CA Total,,,,2,7,6377,14580
,,,Beverly Hills Total,,,,,2,7,6377,14580
,,,Bremerton,WA,USA,17/05/2012,$110K - $130K,1,5,2556,1744
,,,,,,17/05/2012 Total,,1,5,2556,1744
,,,,,,07/10/2012,$10K - $30K,1,4,7704,3497
,,,,,,07/10/2012 Total,,1,4,7704,3497
,,,,,,22/03/2013,$10K - $30K,1,5,7486,6848
,,,,,,22/03/2013 Total,,1,5,7486,6848
,,,,,,07/07/2013,$30K - $50K,1,4,1533,9753
,,,,,,07/07/2013 Total,,1,4,1533,9753
,,,,,USA Total,,,4,18,19279,21842
,,,,WA Total,,,,4,18,19279,21842
,,,Bremerton Total,,,,,4,18,19279,21842
,,,Hidalgo,Zacatecas,Mexico,19/04/2013,$130K - $150K,1,6,1612,7596
,,,,,,19/04/2013 Total,,1,6,1612,7596
,,,,,Mexico Total,,,1,6,1612,7596
,,,,Zacatecas Total,,,,1,6,1612,7596
,,,Hidalgo Total,,,,,1,6,1612,7596
,,,Los Angeles,CA,USA,17/07/2012,$30K - $50K,1,4,3099,2479
,,,,,,17/07/2012 Total,,1,4,3099,2479
,,,,,,26/09/2012,$10K - $30K,1,4,2472,3331
,,,,,,26/09/2012 Total,,1,4,2472,3331
,,,,,,09/10/2012,$50K - $70K,1,2,2599,3520
,,,,,,09/10/2012 Total,,1,2,2599,3520
,,,,,,04/08/2013,$90K - $110K,1,6,7139,10537
,,,,,,04/08/2013 Total,,1,6,7139,10537
,,,,,USA Total,,,4,16,15309,19867
,,,,CA Total,,,,4,16,15309,19867
,,,Los Angeles Total,,,,,4,16,15309,19867
,,,Mexico City,DF,Mexico,03/07/2013,$150K +,1,4,9777,9664
,,,,,,03/07/2013 Total,,1,4,9777,9664
,,,,,,06/07/2013,$150K +,1,4,9777,9746
,,,,,,06/07/2013 Total,,1,4,9777,9746
,,,,,Mexico Total,,,2,8,19554,19410
,,,,DF Total,,,,2,8,19554,19410
,,,Mexico City Total,,,,,2,8,19554,19410
,,,Salem,OR,USA,25/08/2012,$30K - $50K,1,3,3302,2976
,,,,,,25/08/2012 Total,,1,3,3302,2976
,,,,,,23/04/2013,$50K - $70K,1,5,3695,7713
,,,,,,23/04/2013 Total,,1,5,3695,7713
,,,,,USA Total,,,2,8,6997,10689
,,,,OR Total,,,,2,8,6997,10689
,,,Salem Total,,,,,2,8,6997,10689
,,,San Diego,CA,USA,19/06/2013,$70K - $90K,1,4,9869,9290
,,,,,,19/06/2013 Total,,1,4,9869,9290
,,,,,,27/09/2013,$10K - $30K,1,6,140,11979
,,,,,,27/09/2013 Total,,1,6,140,11979
,,,,,USA Total,,,2,10,10009,21269
,,,,CA Total,,,,2,10,10009,21269
,,,San Diego Total,,,,,2,10,10009,21269
,,,Seattle,WA,USA,04/05/2012,$50K - $70K,1,4,1507,1590
,,,,,,04/05/2012 Total,,1,4,1507,1590
,,,,,,26/02/2013,$30K - $50K,1,4,4127,6248
,,,,,,26/02/2013 Total,,1,4,4127,6248
,,,,,,25/03/2013,$30K - $50K,1,5,639,6926
,,,,,,25/03/2013 Total,,1,5,639,6926
,,,,,,17/04/2013,$70K - $90K,1,6,4528,7549
,,,,,,17/04/2013 Total,,1,6,4528,7549
,,,,,USA Total,,,4,19,10801,22313
,,,,WA Total,,,,4,19,10801,22313
,,,Seattle Total,,,,,4,19,10801,22313
,,,Spokane,WA,USA,12/10/2012,$110K - $130K,1,5,6712,3551
,,,,,,12/10/2012 Total,,1,5,6712,3551
,,,,,,10/03/2013,$30K - $50K,1,6,7862,6556
,,,,,,10/03/2013 Total,,1,6,7862,6556
,,,,,,19/12/2013,$110K - $130K,1,4,9318,13994
,,,,,,19/12/2013 Total,,1,4,9318,13994
,,,,,USA Total,,,3,15,23892,24101
,,,,WA Total,,,,3,15,23892,24101
,,,Spokane Total,,,,,3,15,23892,24101
,,,Tacoma,WA,USA,21/05/2013,$30K - $50K,1,4,8860,8500
,,,,,,21/05/2013 Total,,1,4,8860,8500
,,,,,,21/07/2013,$10K - $30K,1,3,8963,10173
,,,,,,21/07/2013 Total,,1,3,8963,10173
,,,,,USA Total,,,2,7,17823,18673
,,,,WA Total,,,,2,7,17823,18673
,,,Tacoma Total,,,,,2,7,17823,18673
,,,Vancouver,BC,Canada,10/11/2013,$10K - $30K,1,5,9,13194
,,,,,,10/11/2013 Total,,1,5,9,13194
,,,,,Canada Total,,,1,5,9,13194
,,,,BC Total,,,,1,5,9,13194
,,,Vancouver Total,,,,,1,5,9,13194
,,,Walla Walla,WA,USA,17/12/2012,$50K - $70K,1,2,4557,4456
,,,,,,17/12/2012 Total,,1,2,4557,4456
,,,,,,12/01/2013,$10K - $30K,1,3,9321,5000
,,,,,,12/01/2013 Total,,1,3,9321,5000
,,,,,USA Total,,,2,5,13878,9456
,,,,WA Total,,,,2,5,13878,9456
,,,Walla Walla Total,,,,,2,5,13878,9456
,,,Yakima,WA,USA,05/02/2013,$30K - $50K,1,6,1289,5626
,,,,,,05/02/2013 Total,,1,6,1289,5626
,,,,,USA Total,,,1,6,1289,5626
,,,,WA Total,,,,1,6,1289,5626
,,,Yakima Total,,,,,1,6,1289,5626
,,M Total,,,,,,30,130,146829,208616
,,S,Beverly Hills,CA,USA,11/08/2012,$150K +,1,4,4582,2800
,,,,,,11/08/2012 Total,,1,4,4582,2800
,,,,,USA Total,,,1,4,4582,2800
,,,,CA Total,,,,1,4,4582,2800
,,,Beverly Hills Total,,,,,1,4,4582,2800
,,,Bremerton,WA,USA,15/04/2012,$30K - $50K,1,5,3693,1322
,,,,,,15/04/2012 Total,,1,5,3693,1322
,,,,,,28/03/2013,$10K - $30K,1,3,7153,7003
,,,,,,28/03/2013 Total,,1,3,7153,7003
,,,,,,09/05/2013,$10K - $30K,1,3,8571,8179
,,,,,,09/05/2013 Total,,1,3,8571,8179
,,,,,,06/07/2013,$30K - $50K,1,3,1430,9730
,,,,,,06/07/2013 Total,,1,3,1430,9730
,,,,,USA Total,,,4,14,20847,26234
,,,,WA Total,,,,4,14,20847,26234
,,,Bremerton Total,,,,,4,14,20847,26234
,,,Camacho,Zacatecas,Mexico,25/03/2013,$50K - $70K,1,3,7337,6920
,,,,,,25/03/2013 Total,,1,3,7337,6920
,,,,,,21/04/2013,$10K - $30K,1,3,2446,7658
,,,,,,21/04/2013 Total,,1,3,2446,7658
,,,,,,11/05/2013,$10K - $30K,1,3,9238,8220
,,,,,,11/05/2013 Total,,1,3,9238,8220
,,,,,,18/05/2013,$30K - $50K,1,3,7110,8399
,,,,,,18/05/2013 Total,,1,3,7110,8399
,,,,,Mexico Total,,,4,12,26131,31197
,,,,Zacatecas Total,,,,4,12,26131,31197
,,,Camacho Total,,,,,4,12,26131,31197
,,,Los Angeles,CA,USA,22/02/2012,$70K - $90K,1,2,746,560
,,,,,,22/02/2012 Total,,1,2,746,560
,,,,,,29/07/2012,$30K - $50K,1,6,6836,2628
,,,,,,29/07/2012 Total,,1,6,6836,2628
,,,,,,10/12/2012,$30K - $50K,1,5,9943,4336
,,,,,,10/12/2012 Total,,1,5,9943,4336
,,,,,USA Total,,,3,13,17525,7524
,,,,CA Total,,,,3,13,17525,7524
,,,Los Angeles Total,,,,,3,13,17525,7524
,,,Merida,Yucatan,Mexico,05/04/2013,$130K - $150K,1,5,6033,7245
,,,,,,05/04/2013 Total,,1,5,6033,7245
,,,,,,20/10/2013,$70K - $90K,1,3,1419,12593
,,,,,,20/10/2013 Total,,1,3,1419,12593
,,,,,Mexico Total,,,2,8,7452,19838
,,,,Yucatan Total,,,,2,8,7452,19838
,,,Merida Total,,,,,2,8,7452,19838
,,,Orizaba,Veracruz,Mexico,28/12/2012,$50K - $70K,1,3,4235,4656
,,,,,,28/12/2012 Total,,1,3,4235,4656
,,,,,Mexico Total,,,1,3,4235,4656
,,,,Veracruz Total,,,,1,3,4235,4656
,,,Orizaba Total,,,,,1,3,4235,4656
,,,Salem,OR,USA,01/03/2012,$30K - $50K,1,5,6180,649
,,,,,,01/03/2012 Total,,1,5,6180,649
,,,,,,26/03/2012,$10K - $30K,1,5,7470,1018
,,,,,,26/03/2012 Total,,1,5,7470,1018
,,,,,,15/04/2013,$10K - $30K,1,6,8110,7503
,,,,,,15/04/2013 Total,,1,6,8110,7503
,,,,,USA Total,,,3,16,21760,9170
,,,,OR Total,,,,3,16,21760,9170
,,,Salem Total,,,,,3,16,21760,9170
,,,San Andres,DF,Mexico,22/01/2013,$10K - $30K,1,5,7628,5254
,,,,,,22/01/2013 Total,,1,5,7628,5254
,,,,,,24/12/2013,$130K - $150K,1,3,5985,14022
,,,,,,24/12/2013 Total,,1,3,5985,14022
,,,,,Mexico Total,,,2,8,13613,19276
,,,,DF Total,,,,2,8,13613,19276
,,,San Andres Total,,,,,2,8,13613,19276
,,,San Diego,CA,USA,29/02/2012,$70K - $90K,1,4,4041,643
,,,,,,29/02/2012 Total,,1,4,4041,643
,,,,,,18/05/2012,$30K - $50K,1,6,7247,1758
,,,,,,18/05/2012 Total,,1,6,7247,1758
,,,,,,12/07/2012,$30K - $50K,1,2,7596,2423
,,,,,,12/07/2012 Total,,1,2,7596,2423
,,,,,,20/10/2012,$70K - $90K,1,5,4041,3635
,,,,,,20/10/2012 Total,,1,5,4041,3635
,,,,,USA Total,,,4,17,22925,8459
,,,,CA Total,,,,4,17,22925,8459
,,,San Diego Total,,,,,4,17,22925,8459
,,,Seattle,WA,USA,08/09/2013,$50K - $70K,1,4,3912,11442
,,,,,,08/09/2013 Total,,1,4,3912,11442
,,,,,USA Total,,,1,4,3912,11442
,,,,WA Total,,,,1,4,3912,11442
,,,Seattle Total,,,,,1,4,3912,11442
,,,Spokane,WA,USA,11/11/2013,$30K - $50K,1,5,5542,13229
,,,,,,11/11/2013 Total,,1,5,5542,13229
,,,,,USA Total,,,1,5,5542,13229
,,,,WA Total,,,,1,5,5542,13229
,,,Spokane Total,,,,,1,5,5542,13229
,,,Tacoma,WA,USA,19/01/2013,$30K - $50K,1,2,5219,5178
,,,,,,19/01/2013 Total,,1,2,5219,5178
,,,,,,19/06/2013,$50K - $70K,1,5,4973,9292
,,,,,,19/06/2013 Total,,1,5,4973,9292
,,,,,,30/06/2013,$30K - $50K,1,5,4315,9575
,,,,,,30/06/2013 Total,,1,5,4315,9575
,,,,,USA Total,,,3,12,14507,24045
,,,,WA Total,,,,3,12,14507,24045
,,,Tacoma Total,,,,,3,12,14507,24045
,,,Vancouver,BC,Canada,24/02/2013,$30K - $50K,1,4,9808,6185
,,,,,,24/02/2013 Total,,1,4,9808,6185
,,,,,,17/04/2013,$30K - $50K,1,5,1374,7547
,,,,,,17/04/2013 Total,,1,5,1374,7547
,,,,,,14/12/2013,$50K - $70K,1,4,9142,13944
,,,,,,14/12/2013 Total,,1,4,9142,13944
,,,,,Canada Total,,,3,13,20324,27676
,,,,BC Total,,,,3,13,20324,27676
,,,Vancouver Total,,,,,3,13,20324,27676
,,,Victoria,BC,Canada,25/03/2013,$10K - $30K,1,5,2048,6927
,,,,,,25/03/2013 Total,,1,5,2048,6927
,,,,,Canada Total,,,1,5,2048,6927
,,,,BC Total,,,,1,5,2048,6927
,,,Victoria Total,,,,,1,5,2048,6927
,,,Yakima,WA,USA,17/07/2012,$70K - $90K,1,4,921,2483
,,,,,,17/07/2012 Total,,1,4,921,2483
,,,,,USA Total,,,1,4,921,2483
,,,,WA Total,,,,1,4,921,2483
,,,Yakima Total,,,,,1,4,921,2483
,,S Total,,,,,,34,138,186324,214956
,M Total,,,,,,,64,268,333153,423572
Drinks Total,,,,,,,,135,564,731701,913640
Eggs,F,M,Acapulco,Guerrero,Mexico,10/02/2013,$30K - $50K,1,6,2634,5771
,,,,,,10/02/2013 Total,,1,6,2634,5771
,,,,,Mexico Total,,,1,6,2634,5771
,,,,Guerrero Total,,,,1,6,2634,5771
,,,Acapulco Total,,,,,1,6,2634,5771
,,,Beverly Hills,CA,USA,23/08/2012,$10K - $30K,1,5,7856,2939
,,,,,,23/08/2012 Total,,1,5,7856,2939
,,,,,,07/02/2013,$90K - $110K,1,6,10049,5683
,,,,,,07/02/2013 Total,,1,6,10049,5683
,,,,,,09/11/2013,$30K - $50K,1,6,5095,13167
,,,,,,09/11/2013 Total,,1,6,5095,13167
,,,,,USA Total,,,3,17,23000,21789
,,,,CA Total,,,,3,17,23000,21789
,,,Beverly Hills Total,,,,,3,17,23000,21789
,,,Camacho,Zacatecas,Mexico,27/09/2013,$70K - $90K,1,3,5712,11982
,,,,,,27/09/2013 Total,,1,3,5712,11982
,,,,,Mexico Total,,,1,3,5712,11982
,,,,Zacatecas Total,,,,1,3,5712,11982
,,,Camacho Total,,,,,1,3,5712,11982
,,,Guadalajara,Jalisco,Mexico,10/06/2013,$30K - $50K,1,2,7698,9051
,,,,,,10/06/2013 Total,,1,2,7698,9051
,,,,,,18/11/2013,$50K - $70K,1,1,1740,13435
,,,,,,18/11/2013 Total,,1,1,1740,13435
,,,,,Mexico Total,,,2,3,9438,22486
,,,,Jalisco Total,,,,2,3,9438,22486
,,,Guadalajara Total,,,,,2,3,9438,22486
,,,Hidalgo,Zacatecas,Mexico,26/03/2013,$90K - $110K,1,6,4026,6972
,,,,,,26/03/2013 Total,,1,6,4026,6972
,,,,,,16/04/2013,$50K - $70K,1,4,6227,7508
,,,,,,16/04/2013 Total,,1,4,6227,7508
,,,,,,06/07/2013,$30K - $50K,1,4,7134,9745
,,,,,,06/07/2013 Total,,1,4,7134,9745
,,,,,,28/07/2013,$10K - $30K,1,5,1259,10350
,,,,,,28/07/2013 Total,,1,5,1259,10350
,,,,,,20/10/2013,$50K - $70K,1,5,4579,12597
,,,,,,20/10/2013 Total,,1,5,4579,12597
,,,,,Mexico Total,,,5,24,23225,47172
,,,,Zacatecas Total,,,,5,24,23225,47172
,,,Hidalgo Total,,,,,5,24,23225,47172
,,,Los Angeles,CA,USA,26/01/2012,$70K - $90K,1,3,4813,225
,,,,,,26/01/2012 Total,,1,3,4813,225
,,,,,,17/07/2013,$110K - $130K,1,4,7808,10071
,,,,,,17/07/2013 Total,,1,4,7808,10071
,,,,,,04/08/2013,$90K - $110K,1,4,10049,10529
,,,,,,04/08/2013 Total,,1,4,10049,10529
,,,,,USA Total,,,3,11,22670,20825
,,,,CA Total,,,,3,11,22670,20825
,,,Los Angeles Total,,,,,3,11,22670,20825
,,,Merida,Yucatan,Mexico,18/05/2013,$110K - $130K,1,5,9790,8405
,,,,,,18/05/2013 Total,,1,5,9790,8405
,,,,,,24/07/2013,$30K - $50K,1,5,5481,10247
,,,,,,24/07/2013 Total,,1,5,5481,10247
,,,,,,27/07/2013,$30K - $50K,1,5,3753,10319
,,,,,,27/07/2013 Total,,1,5,3753,10319
,,,,,Mexico Total,,,3,15,19024,28971
,,,,Yucatan Total,,,,3,15,19024,28971
,,,Merida Total,,,,,3,15,19024,28971
,,,Mexico City,DF,Mexico,12/06/2013,$130K - $150K,1,5,8708,9100
,,,,,,12/06/2013 Total,,1,5,8708,9100
,,,,,Mexico Total,,,1,5,8708,9100
,,,,DF Total,,,,1,5,8708,9100
,,,Mexico City Total,,,,,1,5,8708,9100
,,,Orizaba,Veracruz,Mexico,23/09/2013,$50K - $70K,1,3,1265,11875
,,,,,,23/09/2013 Total,,1,3,1265,11875
,,,,,,22/12/2013,$10K - $30K,1,6,1062,14010
,,,,,,22/12/2013 Total,,1,6,1062,14010
,,,,,Mexico Total,,,2,9,2327,25885
,,,,Veracruz Total,,,,2,9,2327,25885
,,,Orizaba Total,,,,,2,9,2327,25885
,,,Portland,OR,USA,23/07/2012,$30K - $50K,1,4,9225,2566
,,,,,,23/07/2012 Total,,1,4,9225,2566
,,,,,,16/04/2013,$30K - $50K,1,6,7406,7526
,,,,,,16/04/2013 Total,,1,6,7406,7526
,,,,,,26/04/2013,$130K - $150K,1,3,5130,7784
,,,,,,26/04/2013 Total,,1,3,5130,7784
,,,,,,24/10/2013,$10K - $30K,1,4,238,12709
,,,,,,24/10/2013 Total,,1,4,238,12709
,,,,,,09/11/2013,$70K - $90K,1,4,4080,13188
,,,,,,09/11/2013 Total,,1,4,4080,13188
,,,,,USA Total,,,5,21,26079,43773
,,,,OR Total,,,,5,21,26079,43773
,,,Portland Total,,,,,5,21,26079,43773
,,,Salem,OR,USA,29/12/2012,$70K - $90K,1,4,9823,4667
,,,,,,29/12/2012 Total,,1,4,9823,4667
,,,,,USA Total,,,1,4,9823,4667
,,,,OR Total,,,,1,4,9823,4667
,,,Salem Total,,,,,1,4,9823,4667
,,,San Andres,DF,Mexico,17/04/2013,$30K - $50K,1,4,4796,7545
,,,,,,17/04/2013 Total,,1,4,4796,7545
,,,,,,25/09/2013,$30K - $50K,1,4,2641,11923
,,,,,,25/09/2013 Total,,1,4,2641,11923
,,,,,Mexico Total,,,2,8,7437,19468
,,,,DF Total,,,,2,8,7437,19468
,,,San Andres Total,,,,,2,8,7437,19468
,,,San Diego,CA,USA,09/07/2012,$70K - $90K,1,3,3012,2380
,,,,,,09/07/2012 Total,,1,3,3012,2380
,,,,,,04/02/2013,$10K - $30K,1,4,2220,5607
,,,,,,04/02/2013 Total,,1,4,2220,5607
,,,,,USA Total,,,2,7,5232,7987
,,,,CA Total,,,,2,7,5232,7987
,,,San Diego Total,,,,,2,7,5232,7987
,,,San Francisco,CA,USA,25/08/2012,$10K - $30K,1,1,1603,2970
,,,,,,25/08/2012 Total,,1,1,1603,2970
,,,,,USA Total,,,1,1,1603,2970
,,,,CA Total,,,,1,1,1603,2970
,,,San Francisco Total,,,,,1,1,1603,2970
,,,Seattle,WA,USA,09/03/2013,$30K - $50K,1,3,9451,6541
,,,,,,09/03/2013 Total,,1,3,9451,6541
,,,,,,14/03/2013,$10K - $30K,1,3,3172,6657
,,,,,,14/03/2013 Total,,1,3,3172,6657
,,,,,USA Total,,,2,6,12623,13198
,,,,WA Total,,,,2,6,12623,13198
,,,Seattle Total,,,,,2,6,12623,13198
,,,Spokane,WA,USA,07/07/2012,$50K - $70K,1,5,8275,2357
,,,,,,07/07/2012 Total,,1,5,8275,2357
,,,,,,07/05/2013,$130K - $150K,1,4,1491,8119
,,,,,,07/05/2013 Total,,1,4,1491,8119
,,,,,USA Total,,,2,9,9766,10476
,,,,WA Total,,,,2,9,9766,10476
,,,Spokane Total,,,,,2,9,9766,10476
,,,Tacoma,WA,USA,10/06/2012,$30K - $50K,1,6,7275,2045
,,,,,,10/06/2012 Total,,1,6,7275,2045
,,,,,,12/08/2013,$70K - $90K,1,4,3334,10758
,,,,,,12/08/2013 Total,,1,4,3334,10758
,,,,,USA Total,,,2,10,10609,12803
,,,,WA Total,,,,2,10,10609,12803
,,,Tacoma Total,,,,,2,10,10609,12803
,,,Vancouver,BC,Canada,14/07/2013,$30K - $50K,1,4,5083,9963
,,,,,,14/07/2013 Total,,1,4,5083,9963
,,,,,Canada Total,,,1,4,5083,9963
,,,,BC Total,,,,1,4,5083,9963
,,,Vancouver Total,,,,,1,4,5083,9963
,,,Victoria,BC,Canada,21/01/2013,$30K - $50K,1,5,3108,5226
,,,,,,21/01/2013 Total,,1,5,3108,5226
,,,,,,16/07/2013,$50K - $70K,1,6,971,10040
,,,,,,16/07/2013 Total,,1,6,971,10040
,,,,,Canada Total,,,2,11,4079,15266
,,,,BC Total,,,,2,11,4079,15266
,,,Victoria Total,,,,,2,11,4079,15266
,,,Yakima,WA,USA,04/02/2013,$50K - $70K,1,2,5019,5595
,,,,,,04/02/2013 Total,,1,2,5019,5595
,,,,,USA Total,,,1,2,5019,5595
,,,,WA Total,,,,1,2,5019,5595
,,,Yakima Total,,,,,1,2,5019,5595
,,M Total,,,,,,42,176,214091,340147
,,S,Acapulco,Guerrero,Mexico,16/10/2013,$50K - $70K,1,4,4698,12498
,,,,,,16/10/2013 Total,,1,4,4698,12498
,,,,,Mexico Total,,,1,4,4698,12498
,,,,Guerrero Total,,,,1,4,4698,12498
,,,Acapulco Total,,,,,1,4,4698,12498
,,,Bellingham,WA,USA,27/12/2012,$30K - $50K,1,3,4487,4631
,,,,,,27/12/2012 Total,,1,3,4487,4631
,,,,,USA Total,,,1,3,4487,4631
,,,,WA Total,,,,1,3,4487,4631
,,,Bellingham Total,,,,,1,3,4487,4631
,,,Beverly Hills,CA,USA,14/10/2013,$70K - $90K,1,5,4520,12443
,,,,,,14/10/2013 Total,,1,5,4520,12443
,,,,,USA Total,,,1,5,4520,12443
,,,,CA Total,,,,1,5,4520,12443
,,,Beverly Hills Total,,,,,1,5,4520,12443
,,,Bremerton,WA,USA,07/04/2012,$10K - $30K,1,4,3242,1200
,,,,,,07/04/2012 Total,,1,4,3242,1200
,,,,,,30/06/2012,$50K - $70K,1,3,8647,2291
,,,,,,30/06/2012 Total,,1,3,8647,2291
,,,,,,06/03/2013,$30K - $50K,1,5,5537,6458
,,,,,,06/03/2013 Total,,1,5,5537,6458
,,,,,,10/07/2013,$50K - $70K,1,5,6367,9861
,,,,,,10/07/2013 Total,,1,5,6367,9861
,,,,,USA Total,,,4,17,23793,19810
,,,,WA Total,,,,4,17,23793,19810
,,,Bremerton Total,,,,,4,17,23793,19810
,,,Camacho,Zacatecas,Mexico,15/04/2013,$10K - $30K,1,4,5294,7481
,,,,,,15/04/2013 Total,,1,4,5294,7481
,,,,,,20/04/2013,$50K - $70K,1,4,838,7625
,,,,,,20/04/2013 Total,,1,4,838,7625
,,,,,,07/06/2013,$130K - $150K,1,4,4374,8963
,,,,,,07/06/2013 Total,,1,4,4374,8963
,,,,,,26/07/2013,$30K - $50K,1,5,9811,10316
,,,,,,26/07/2013 Total,,1,5,9811,10316
,,,,,Mexico Total,,,4,17,20317,34385
,,,,Zacatecas Total,,,,4,17,20317,34385
,,,Camacho Total,,,,,4,17,20317,34385
,,,Hidalgo,Zacatecas,Mexico,27/03/2013,$70K - $90K,1,3,4325,6985
,,,,,,27/03/2013 Total,,1,3,4325,6985
,,,,,,01/06/2013,$10K - $30K,1,4,4731,8808
,,,,,,01/06/2013 Total,,1,4,4731,8808
,,,,,,06/06/2013,$10K - $30K,1,3,5348,8926
,,,,,,06/06/2013 Total,,1,3,5348,8926
,,,,,Mexico Total,,,3,10,14404,24719
,,,,Zacatecas Total,,,,3,10,14404,24719
,,,Hidalgo Total,,,,,3,10,14404,24719
,,,Los Angeles,CA,USA,06/07/2013,$30K - $50K,1,4,9775,9729
,,,,,,06/07/2013 Total,,1,4,9775,9729
,,,,,,17/10/2013,$30K - $50K,1,5,4616,12522
,,,,,,17/10/2013 Total,,1,5,4616,12522
,,,,,USA Total,,,2,9,14391,22251
,,,,CA Total,,,,2,9,14391,22251
,,,Los Angeles Total,,,,,2,9,14391,22251
,,,Merida,Yucatan,Mexico,03/02/2013,$50K - $70K,1,2,7315,5582
,,,,,,03/02/2013 Total,,1,2,7315,5582
,,,,,,27/03/2013,$30K - $50K,1,2,2475,6984
,,,,,,27/03/2013 Total,,1,2,2475,6984
,,,,,,14/05/2013,$10K - $30K,1,3,2118,8300
,,,,,,14/05/2013 Total,,1,3,2118,8300
,,,,,,08/06/2013,$30K - $50K,1,4,4068,8988
,,,,,,08/06/2013 Total,,1,4,4068,8988
,,,,,,06/08/2013,$30K - $50K,1,3,8345,10584
,,,,,,06/08/2013 Total,,1,3,8345,10584
,,,,,Mexico Total,,,5,14,24321,40438
,,,,Yucatan Total,,,,5,14,24321,40438
,,,Merida Total,,,,,5,14,24321,40438
,,,Mexico City,DF,Mexico,07/10/2013,$130K - $150K,1,6,8683,12256
,,,,,,07/10/2013 Total,,1,6,8683,12256
,,,,,Mexico Total,,,1,6,8683,12256
,,,,DF Total,,,,1,6,8683,12256
,,,Mexico City Total,,,,,1,6,8683,12256
,,,Orizaba,Veracruz,Mexico,16/02/2013,$10K - $30K,1,4,3468,5950
,,,,,,16/02/2013 Total,,1,4,3468,5950
,,,,,,28/03/2013,$50K - $70K,1,5,2481,7023
,,,,,,28/03/2013 Total,,1,5,2481,7023
,,,,,,29/04/2013,$90K - $110K,1,3,6812,7879
,,,,,,29/04/2013 Total,,1,3,6812,7879
,,,,,,11/09/2013,$10K - $30K,1,5,9349,11534
,,,,,,11/09/2013 Total,,1,5,9349,11534
,,,,,Mexico Total,,,4,17,22110,32386
,,,,Veracruz Total,,,,4,17,22110,32386
,,,Orizaba Total,,,,,4,17,22110,32386
,,,Portland,OR,USA,09/04/2012,$30K - $50K,1,4,2662,1228
,,,,,,09/04/2012 Total,,1,4,2662,1228
,,,,,USA Total,,,1,4,2662,1228
,,,,OR Total,,,,1,4,2662,1228
,,,Portland Total,,,,,1,4,2662,1228
,,,Salem,OR,USA,14/04/2012,$70K - $90K,1,2,1794,1292
,,,,,,14/04/2012 Total,,1,2,1794,1292
,,,,,,22/10/2013,$10K - $30K,1,5,6288,12681
,,,,,,22/10/2013 Total,,1,5,6288,12681
,,,,,USA Total,,,2,7,8082,13973
,,,,OR Total,,,,2,7,8082,13973
,,,Salem Total,,,,,2,7,8082,13973
,,,San Diego,CA,USA,22/04/2012,$50K - $70K,1,5,8518,1415
,,,,,,22/04/2012 Total,,1,5,8518,1415
,,,,,,24/10/2012,$50K - $70K,1,5,2405,3690
,,,,,,24/10/2012 Total,,1,5,2405,3690
,,,,,,26/05/2013,$50K - $70K,1,6,9440,8632
,,,,,,26/05/2013 Total,,1,6,9440,8632
,,,,,,17/10/2013,$10K - $30K,1,4,5528,12533
,,,,,,17/10/2013 Total,,1,4,5528,12533
,,,,,USA Total,,,4,20,25891,26270
,,,,CA Total,,,,4,20,25891,26270
,,,San Diego Total,,,,,4,20,25891,26270
,,,Seattle,WA,USA,21/04/2012,$70K - $90K,1,6,8859,1409
,,,,,,21/04/2012 Total,,1,6,8859,1409
,,,,,,21/03/2013,$70K - $90K,1,5,5746,6830
,,,,,,21/03/2013 Total,,1,5,5746,6830
,,,,,,21/04/2013,$50K - $70K,1,5,3667,7672
,,,,,,21/04/2013 Total,,1,5,3667,7672
,,,,,USA Total,,,3,16,18272,15911
,,,,WA Total,,,,3,16,18272,15911
,,,Seattle Total,,,,,3,16,18272,15911
,,,Spokane,WA,USA,27/07/2012,$10K - $30K,1,5,5592,2605
,,,,,,27/07/2012 Total,,1,5,5592,2605
,,,,,,06/09/2012,$130K - $150K,1,5,6113,3105
,,,,,,06/09/2012 Total,,1,5,6113,3105
,,,,,,30/11/2013,$130K - $150K,1,6,6113,13738
,,,,,,30/11/2013 Total,,1,6,6113,13738
,,,,,USA Total,,,3,16,17818,19448
,,,,WA Total,,,,3,16,17818,19448
,,,Spokane Total,,,,,3,16,17818,19448
,,,Tacoma,WA,USA,05/10/2012,$10K - $30K,1,4,770,3465
,,,,,,05/10/2012 Total,,1,4,770,3465
,,,,,,24/12/2012,$50K - $70K,1,3,2664,4569
,,,,,,24/12/2012 Total,,1,3,2664,4569
,,,,,,26/01/2013,$10K - $30K,1,3,3310,5357
,,,,,,26/01/2013 Total,,1,3,3310,5357
,,,,,,21/03/2013,$10K - $30K,1,4,3552,6837
,,,,,,21/03/2013 Total,,1,4,3552,6837
,,,,,,01/11/2013,$30K - $50K,1,2,817,12972
,,,,,,01/11/2013 Total,,1,2,817,12972
,,,,,USA Total,,,5,16,11113,33200
,,,,WA Total,,,,5,16,11113,33200
,,,Tacoma Total,,,,,5,16,11113,33200
,,,Vancouver,BC,Canada,06/05/2013,$30K - $50K,1,6,9076,8072
,,,,,,06/05/2013 Total,,1,6,9076,8072
,,,,,,22/09/2013,$30K - $50K,1,4,3644,11833
,,,,,,22/09/2013 Total,,1,4,3644,11833
,,,,,,29/09/2013,$30K - $50K,1,6,1408,12044
,,,,,,29/09/2013 Total,,1,6,1408,12044
,,,,,Canada Total,,,3,16,14128,31949
,,,,BC Total,,,,3,16,14128,31949
,,,Vancouver Total,,,,,3,16,14128,31949
,,,Walla Walla,WA,USA,29/06/2013,$10K - $30K,1,2,8970,9533
,,,,,,29/06/2013 Total,,1,2,8970,9533
,,,,,USA Total,,,1,2,8970,9533
,,,,WA Total,,,,1,2,8970,9533
,,,Walla Walla Total,,,,,1,2,8970,9533
,,,Yakima,WA,USA,26/01/2013,$50K - $70K,1,4,1449,5349
,,,,,,26/01/2013 Total,,1,4,1449,5349
,,,,,,01/04/2013,$110K - $130K,1,6,9967,7127
,,,,,,01/04/2013 Total,,1,6,9967,7127
,,,,,,12/10/2013,$30K - $50K,1,4,2952,12375
,,,,,,12/10/2013 Total,,1,4,2952,12375
,,,,,USA Total,,,3,14,14368,24851
,,,,WA Total,,,,3,14,14368,24851
,,,Yakima Total,,,,,3,14,14368,24851
,,S Total,,,,,,51,213,263028,392180
,F Total,,,,,,,93,389,477119,732327
,M,M,Acapulco,Guerrero,Mexico,13/03/2013,$30K - $50K,1,5,5852,6647
,,,,,,13/03/2013 Total,,1,5,5852,6647
,,,,,Mexico Total,,,1,5,5852,6647
,,,,Guerrero Total,,,,1,5,5852,6647
,,,Acapulco Total,,,,,1,5,5852,6647
,,,Beverly Hills,CA,USA,10/04/2012,$10K - $30K,1,5,7708,1239
,,,,,,10/04/2012 Total,,1,5,7708,1239
,,,,,,02/06/2012,$50K - $70K,1,2,3790,1955
,,,,,,02/06/2012 Total,,1,2,3790,1955
,,,,,,15/08/2012,$30K - $50K,1,5,3100,2839
,,,,,,15/08/2012 Total,,1,5,3100,2839
,,,,,,08/09/2012,$10K - $30K,1,3,4169,3127
,,,,,,08/09/2012 Total,,1,3,4169,3127
,,,,,USA Total,,,4,15,18767,9160
,,,,CA Total,,,,4,15,18767,9160
,,,Beverly Hills Total,,,,,4,15,18767,9160
,,,Bremerton,WA,USA,29/04/2012,$10K - $30K,1,4,7486,1509
,,,,,,29/04/2012 Total,,1,4,7486,1509
,,,,,,23/02/2013,$30K - $50K,1,4,924,6165
,,,,,,23/02/2013 Total,,1,4,924,6165
,,,,,,01/11/2013,$30K - $50K,1,3,924,12947
,,,,,,01/11/2013 Total,,1,3,924,12947
,,,,,USA Total,,,3,11,9334,20621
,,,,WA Total,,,,3,11,9334,20621
,,,Bremerton Total,,,,,3,11,9334,20621
,,,Camacho,Zacatecas,Mexico,08/03/2013,$50K - $70K,1,4,4732,6501
,,,,,,08/03/2013 Total,,1,4,4732,6501
,,,,,,12/05/2013,$10K - $30K,1,6,4956,8237
,,,,,,12/05/2013 Total,,1,6,4956,8237
,,,,,,25/06/2013,$110K - $130K,1,3,5672,9428
,,,,,,25/06/2013 Total,,1,3,5672,9428
,,,,,Mexico Total,,,3,13,15360,24166
,,,,Zacatecas Total,,,,3,13,15360,24166
,,,Camacho Total,,,,,3,13,15360,24166
,,,Hidalgo,Zacatecas,Mexico,15/03/2013,$130K - $150K,1,6,7055,6698
,,,,,,15/03/2013 Total,,1,6,7055,6698
,,,,,,31/07/2013,$10K - $30K,1,3,6406,10423
,,,,,,31/07/2013 Total,,1,3,6406,10423
,,,,,Mexico Total,,,2,9,13461,17121
,,,,Zacatecas Total,,,,2,9,13461,17121
,,,Hidalgo Total,,,,,2,9,13461,17121
,,,Los Angeles,CA,USA,11/07/2012,$50K - $70K,1,3,5777,2404
,,,,,,11/07/2012 Total,,1,3,5777,2404
,,,,,,05/12/2012,$30K - $50K,1,3,1389,4261
,,,,,,05/12/2012 Total,,1,3,1389,4261
,,,,,,27/02/2013,$10K - $30K,1,4,4392,6279
,,,,,,27/02/2013 Total,,1,4,4392,6279
,,,,,,18/05/2013,$30K - $50K,1,4,8709,8409
,,,,,,18/05/2013 Total,,1,4,8709,8409
,,,,,USA Total,,,4,14,20267,21353
,,,,CA Total,,,,4,14,20267,21353
,,,Los Angeles Total,,,,,4,14,20267,21353
,,,Merida,Yucatan,Mexico,27/04/2013,$30K - $50K,1,4,6569,7825
,,,,,,27/04/2013 Total,,1,4,6569,7825
,,,,,,08/11/2013,$30K - $50K,1,5,6569,13152
,,,,,,08/11/2013 Total,,1,5,6569,13152
,,,,,Mexico Total,,,2,9,13138,20977
,,,,Yucatan Total,,,,2,9,13138,20977
,,,Merida Total,,,,,2,9,13138,20977
,,,Orizaba,Veracruz,Mexico,20/03/2013,$110K - $130K,1,3,9634,6813
,,,,,,20/03/2013 Total,,1,3,9634,6813
,,,,,Mexico Total,,,1,3,9634,6813
,,,,Veracruz Total,,,,1,3,9634,6813
,,,Orizaba Total,,,,,1,3,9634,6813
,,,Portland,OR,USA,12/04/2012,$110K - $130K,1,5,5857,1265
,,,,,,12/04/2012 Total,,1,5,5857,1265
,,,,,,29/05/2012,$70K - $90K,1,4,3101,1904
,,,,,,29/05/2012 Total,,1,4,3101,1904
,,,,,USA Total,,,2,9,8958,3169
,,,,OR Total,,,,2,9,8958,3169
,,,Portland Total,,,,,2,9,8958,3169
,,,Salem,OR,USA,07/02/2012,$70K - $90K,1,5,9554,379
,,,,,,07/02/2012 Total,,1,5,9554,379
,,,,,,11/08/2012,$30K - $50K,1,5,7250,2799
,,,,,,11/08/2012 Total,,1,5,7250,2799
,,,,,,27/12/2012,$70K - $90K,1,4,9578,4629
,,,,,,27/12/2012 Total,,1,4,9578,4629
,,,,,,31/12/2012,$90K - $110K,1,5,7952,4710
,,,,,,31/12/2012 Total,,1,5,7952,4710
,,,,,,10/02/2013,$30K - $50K,1,2,6713,5781
,,,,,,10/02/2013 Total,,1,2,6713,5781
,,,,,,29/05/2013,$30K - $50K,1,3,2808,8705
,,,,,,29/05/2013 Total,,1,3,2808,8705
,,,,,,01/06/2013,$70K - $90K,1,2,993,8811
,,,,,,01/06/2013 Total,,1,2,993,8811
,,,,,,13/09/2013,$130K - $150K,1,3,4499,11594
,,,,,,13/09/2013 Total,,1,3,4499,11594
,,,,,USA Total,,,8,29,49347,47408
,,,,OR Total,,,,8,29,49347,47408
,,,Salem Total,,,,,8,29,49347,47408
,,,San Andres,DF,Mexico,27/03/2013,$10K - $30K,1,3,6209,6999
,,,,,,27/03/2013 Total,,1,3,6209,6999
,,,,,,23/05/2013,$70K - $90K,1,5,3901,8553
,,,,,,23/05/2013 Total,,1,5,3901,8553
,,,,,,27/09/2013,$30K - $50K,1,2,5676,11978
,,,,,,27/09/2013 Total,,1,2,5676,11978
,,,,,,11/12/2013,$30K - $50K,1,4,1394,13914
,,,,,,11/12/2013 Total,,1,4,1394,13914
,,,,,Mexico Total,,,4,14,17180,41444
,,,,DF Total,,,,4,14,17180,41444
,,,San Andres Total,,,,,4,14,17180,41444
,,,San Diego,CA,USA,23/03/2012,$30K - $50K,1,4,7489,968
,,,,,,23/03/2012 Total,,1,4,7489,968
,,,,,,13/04/2012,$150K +,1,3,105,1282
,,,,,,13/04/2012 Total,,1,3,105,1282
,,,,,,22/07/2012,$30K - $50K,1,5,2535,2558
,,,,,,22/07/2012 Total,,1,5,2535,2558
,,,,,,10/10/2013,$30K - $50K,1,3,8271,12329
,,,,,,10/10/2013 Total,,1,3,8271,12329
,,,,,USA Total,,,4,15,18400,17137
,,,,CA Total,,,,4,15,18400,17137
,,,San Diego Total,,,,,4,15,18400,17137
,,,Spokane,WA,USA,25/06/2012,$50K - $70K,1,6,2553,2226
,,,,,,25/06/2012 Total,,1,6,2553,2226
,,,,,,09/07/2013,$70K - $90K,1,3,6835,9825
,,,,,,09/07/2013 Total,,1,3,6835,9825
,,,,,,30/07/2013,$30K - $50K,1,4,5174,10396
,,,,,,30/07/2013 Total,,1,4,5174,10396
,,,,,USA Total,,,3,13,14562,22447
,,,,WA Total,,,,3,13,14562,22447
,,,Spokane Total,,,,,3,13,14562,22447
,,,Tacoma,WA,USA,09/10/2012,$10K - $30K,1,4,7813,3518
,,,,,,09/10/2012 Total,,1,4,7813,3518
,,,,,,22/10/2012,$30K - $50K,1,5,7141,3651
,,,,,,22/10/2012 Total,,1,5,7141,3651
,,,,,,28/12/2012,$30K - $50K,1,4,6162,4652
,,,,,,28/12/2012 Total,,1,4,6162,4652
,,,,,,22/09/2013,$30K - $50K,1,5,8242,11850
,,,,,,22/09/2013 Total,,1,5,8242,11850
,,,,,USA Total,,,4,18,29358,23671
,,,,WA Total,,,,4,18,29358,23671
,,,Tacoma Total,,,,,4,18,29358,23671
,,,Vancouver,BC,Canada,06/03/2013,$30K - $50K,1,4,5951,6456
,,,,,,06/03/2013 Total,,1,4,5951,6456
,,,,,,09/03/2013,$130K - $150K,1,4,5159,6545
,,,,,,09/03/2013 Total,,1,4,5159,6545
,,,,,Canada Total,,,2,8,11110,13001
,,,,BC Total,,,,2,8,11110,13001
,,,Vancouver Total,,,,,2,8,11110,13001
,,,Yakima,WA,USA,29/01/2013,$10K - $30K,1,5,4070,5418
,,,,,,29/01/2013 Total,,1,5,4070,5418
,,,,,USA Total,,,1,5,4070,5418
,,,,WA Total,,,,1,5,4070,5418
,,,Yakima Total,,,,,1,5,4070,5418
,,M Total,,,,,,48,190,258798,300553
,,S,Acapulco,Guerrero,Mexico,28/05/2013,$50K - $70K,1,2,6187,8681
,,,,,,28/05/2013 Total,,1,2,6187,8681
,,,,,,08/06/2013,$50K - $70K,1,2,2082,8977
,,,,,,08/06/2013 Total,,1,2,2082,8977
,,,,,,24/10/2013,$110K - $130K,1,4,1174,12726
,,,,,,24/10/2013 Total,,1,4,1174,12726
,,,,,Mexico Total,,,3,8,9443,30384
,,,,Guerrero Total,,,,3,8,9443,30384
,,,Acapulco Total,,,,,3,8,9443,30384
,,,Beverly Hills,CA,USA,02/06/2012,$70K - $90K,1,5,4162,1953
,,,,,,02/06/2012 Total,,1,5,4162,1953
,,,,,,08/06/2012,$30K - $50K,1,5,4599,2027
,,,,,,08/06/2012 Total,,1,5,4599,2027
,,,,,,13/12/2012,$30K - $50K,1,3,1549,4388
,,,,,,13/12/2012 Total,,1,3,1549,4388
,,,,,,06/01/2013,$30K - $50K,1,3,4548,4868
,,,,,,06/01/2013 Total,,1,3,4548,4868
,,,,,USA Total,,,4,16,14858,13236
,,,,CA Total,,,,4,16,14858,13236
,,,Beverly Hills Total,,,,,4,16,14858,13236
,,,Bremerton,WA,USA,22/06/2012,$30K - $50K,1,4,1979,2190
,,,,,,22/06/2012 Total,,1,4,1979,2190
,,,,,,03/04/2013,$50K - $70K,1,5,8947,7187
,,,,,,03/04/2013 Total,,1,5,8947,7187
,,,,,,28/05/2013,$50K - $70K,1,5,4460,8696
,,,,,,28/05/2013 Total,,1,5,4460,8696
,,,,,,30/10/2013,$50K - $70K,1,3,3941,12887
,,,,,,30/10/2013 Total,,1,3,3941,12887
,,,,,USA Total,,,4,17,19327,30960
,,,,WA Total,,,,4,17,19327,30960
,,,Bremerton Total,,,,,4,17,19327,30960
,,,Hidalgo,Zacatecas,Mexico,28/01/2013,$150K +,1,4,3225,5395
,,,,,,28/01/2013 Total,,1,4,3225,5395
,,,,,,10/03/2013,$10K - $30K,1,3,4386,6554
,,,,,,10/03/2013 Total,,1,3,4386,6554
,,,,,,30/04/2013,$10K - $30K,1,5,8915,7922
,,,,,,30/04/2013 Total,,1,5,8915,7922
,,,,,,06/05/2013,$30K - $50K,1,6,7261,8085
,,,,,,06/05/2013 Total,,1,6,7261,8085
,,,,,,02/07/2013,$150K +,1,5,3225,9641
,,,,,,02/07/2013 Total,,1,5,3225,9641
,,,,,,13/11/2013,$30K - $50K,1,4,4771,13296
,,,,,,13/11/2013 Total,,1,4,4771,13296
,,,,,Mexico Total,,,6,27,31783,50893
,,,,Zacatecas Total,,,,6,27,31783,50893
,,,Hidalgo Total,,,,,6,27,31783,50893
,,,Los Angeles,CA,USA,08/03/2012,$90K - $110K,1,3,2242,757
,,,,,,08/03/2012 Total,,1,3,2242,757
,,,,,,05/10/2012,$30K - $50K,1,4,4061,3470
,,,,,,05/10/2012 Total,,1,4,4061,3470
,,,,,,07/07/2013,$110K - $130K,1,4,6916,9760
,,,,,,07/07/2013 Total,,1,4,6916,9760
,,,,,USA Total,,,3,11,13219,13987
,,,,CA Total,,,,3,11,13219,13987
,,,Los Angeles Total,,,,,3,11,13219,13987
,,,Merida,Yucatan,Mexico,02/08/2013,$90K - $110K,1,4,4913,10478
,,,,,,02/08/2013 Total,,1,4,4913,10478
,,,,,,16/09/2013,$90K - $110K,1,4,321,11675
,,,,,,16/09/2013 Total,,1,4,321,11675
,,,,,Mexico Total,,,2,8,5234,22153
,,,,Yucatan Total,,,,2,8,5234,22153
,,,Merida Total,,,,,2,8,5234,22153
,,,Mexico City,DF,Mexico,16/05/2013,$130K - $150K,1,3,7598,8366
,,,,,,16/05/2013 Total,,1,3,7598,8366
,,,,,Mexico Total,,,1,3,7598,8366
,,,,DF Total,,,,1,3,7598,8366
,,,Mexico City Total,,,,,1,3,7598,8366
,,,Orizaba,Veracruz,Mexico,15/08/2013,$110K - $130K,1,5,8952,10838
,,,,,,15/08/2013 Total,,1,5,8952,10838
,,,,,,10/10/2013,$130K - $150K,1,4,7376,12335
,,,,,,10/10/2013 Total,,1,4,7376,12335
,,,,,Mexico Total,,,2,9,16328,23173
,,,,Veracruz Total,,,,2,9,16328,23173
,,,Orizaba Total,,,,,2,9,16328,23173
,,,Portland,OR,USA,21/05/2013,$10K - $30K,1,5,7769,8492
,,,,,,21/05/2013 Total,,1,5,7769,8492
,,,,,,19/08/2013,$50K - $70K,1,4,4373,10931
,,,,,,19/08/2013 Total,,1,4,4373,10931
,,,,,USA Total,,,2,9,12142,19423
,,,,OR Total,,,,2,9,12142,19423
,,,Portland Total,,,,,2,9,12142,19423
,,,Salem,OR,USA,03/05/2012,$70K - $90K,1,4,7780,1565
,,,,,,03/05/2012 Total,,1,4,7780,1565
,,,,,,01/06/2012,$50K - $70K,1,4,8892,1942
,,,,,,01/06/2012 Total,,1,4,8892,1942
,,,,,,30/07/2012,$30K - $50K,1,5,9747,2641
,,,,,,30/07/2012 Total,,1,5,9747,2641
,,,,,,04/05/2013,$130K - $150K,1,3,5869,8016
,,,,,,04/05/2013 Total,,1,3,5869,8016
,,,,,,19/07/2013,$50K - $70K,1,5,2479,10141
,,,,,,19/07/2013 Total,,1,5,2479,10141
,,,,,USA Total,,,5,21,34767,24305
,,,,OR Total,,,,5,21,34767,24305
,,,Salem Total,,,,,5,21,34767,24305
,,,San Andres,DF,Mexico,21/07/2013,$30K - $50K,1,3,875,10199
,,,,,,21/07/2013 Total,,1,3,875,10199
,,,,,Mexico Total,,,1,3,875,10199
,,,,DF Total,,,,1,3,875,10199
,,,San Andres Total,,,,,1,3,875,10199
,,,San Diego,CA,USA,16/04/2012,$10K - $30K,1,4,3735,1332
,,,,,,16/04/2012 Total,,1,4,3735,1332
,,,,,,18/10/2013,$130K - $150K,1,3,2903,12550
,,,,,,18/10/2013 Total,,1,3,2903,12550
,,,,,USA Total,,,2,7,6638,13882
,,,,CA Total,,,,2,7,6638,13882
,,,San Diego Total,,,,,2,7,6638,13882
,,,San Francisco,CA,USA,19/04/2012,$10K - $30K,1,1,4163,1379
,,,,,,19/04/2012 Total,,1,1,4163,1379
,,,,,,14/11/2013,$50K - $70K,1,2,4660,13344
,,,,,,14/11/2013 Total,,1,2,4660,13344
,,,,,USA Total,,,2,3,8823,14723
,,,,CA Total,,,,2,3,8823,14723
,,,San Francisco Total,,,,,2,3,8823,14723
,,,Seattle,WA,USA,23/04/2013,$150K +,1,5,9999,7728
,,,,,,23/04/2013 Total,,1,5,9999,7728
,,,,,,25/06/2013,$130K - $150K,1,4,9379,9436
,,,,,,25/06/2013 Total,,1,4,9379,9436
,,,,,,19/07/2013,$30K - $50K,1,2,8818,10147
,,,,,,19/07/2013 Total,,1,2,8818,10147
,,,,,,11/08/2013,$50K - $70K,1,5,4120,10713
,,,,,,11/08/2013 Total,,1,5,4120,10713
,,,,,,18/11/2013,$50K - $70K,1,4,5032,13427
,,,,,,18/11/2013 Total,,1,4,5032,13427
,,,,,USA Total,,,5,20,37348,51451
,,,,WA Total,,,,5,20,37348,51451
,,,Seattle Total,,,,,5,20,37348,51451
,,,Spokane,WA,USA,03/09/2013,$10K - $30K,1,5,2371,11318
,,,,,,03/09/2013 Total,,1,5,2371,11318
,,,,,,09/09/2013,$10K - $30K,1,4,2769,11485
,,,,,,09/09/2013 Total,,1,4,2769,11485
,,,,,,13/09/2013,$90K - $110K,1,6,430,11599
,,,,,,13/09/2013 Total,,1,6,430,11599
,,,,,USA Total,,,3,15,5570,34402
,,,,WA Total,,,,3,15,5570,34402
,,,Spokane Total,,,,,3,15,5570,34402
,,,Tacoma,WA,USA,22/06/2012,$30K - $50K,1,2,6647,2183
,,,,,,22/06/2012 Total,,1,2,6647,2183
,,,,,,29/06/2012,$30K - $50K,1,4,4315,2279
,,,,,,29/06/2012 Total,,1,4,4315,2279
,,,,,,14/07/2012,$30K - $50K,1,3,3000,2445
,,,,,,14/07/2012 Total,,1,3,3000,2445
,,,,,,28/07/2013,$30K - $50K,1,5,4858,10357
,,,,,,28/07/2013 Total,,1,5,4858,10357
,,,,,,10/08/2013,$30K - $50K,1,5,5844,10686
,,,,,,10/08/2013 Total,,1,5,5844,10686
,,,,,,30/10/2013,$90K - $110K,1,5,3539,12884
,,,,,,30/10/2013 Total,,1,5,3539,12884
,,,,,,16/12/2013,$30K - $50K,1,5,4670,13963
,,,,,,16/12/2013 Total,,1,5,4670,13963
,,,,,USA Total,,,7,29,32873,54797
,,,,WA Total,,,,7,29,32873,54797
,,,Tacoma Total,,,,,7,29,32873,54797
,,,Yakima,WA,USA,17/08/2012,$70K - $90K,1,5,921,2873
,,,,,,17/08/2012 Total,,1,5,921,2873
,,,,,,30/09/2012,$30K - $50K,1,6,5353,3379
,,,,,,30/09/2012 Total,,1,6,5353,3379
,,,,,,23/03/2013,$50K - $70K,1,4,4609,6886
,,,,,,23/03/2013 Total,,1,4,4609,6886
,,,,,,05/04/2013,$30K - $50K,1,3,6105,7233
,,,,,,05/04/2013 Total,,1,3,6105,7233
,,,,,,06/08/2013,$50K - $70K,1,5,1197,10582
,,,,,,06/08/2013 Total,,1,5,1197,10582
,,,,,USA Total,,,5,23,18185,30953
,,,,WA Total,,,,5,23,18185,30953
,,,Yakima Total,,,,,5,23,18185,30953
,,S Total,,,,,,57,229,275011,447287
,M Total,,,,,,,105,419,533809,747840
Eggs Total,,,,,,,,198,808,1010928,1480167
Electrical,F,M,Acapulco,Guerrero,Mexico,01/06/2013,$10K - $30K,1,5,9574,8810
,,,,,,01/06/2013 Total,,1,5,9574,8810
,,,,,,07/06/2013,$30K - $50K,1,5,1260,8971
,,,,,,07/06/2013 Total,,1,5,1260,8971
,,,,,,08/06/2013,$30K - $50K,1,3,3032,8993
,,,,,,08/06/2013 Total,,1,3,3032,8993
,,,,,Mexico Total,,,3,13,13866,26774
,,,,Guerrero Total,,,,3,13,13866,26774
,,,Acapulco Total,,,,,3,13,13866,26774
,,,Beverly Hills,CA,USA,31/07/2012,$90K - $110K,1,2,1234,2650
,,,,,,31/07/2012 Total,,1,2,1234,2650
,,,,,,08/10/2012,$50K - $70K,1,3,2688,3511
,,,,,,08/10/2012 Total,,1,3,2688,3511
,,,,,,15/11/2012,$30K - $50K,1,3,7459,3964
,,,,,,15/11/2012 Total,,1,3,7459,3964
,,,,,,23/12/2012,$10K - $30K,1,4,2842,4551
,,,,,,23/12/2012 Total,,1,4,2842,4551
,,,,,,26/02/2013,$10K - $30K,1,5,816,6237
,,,,,,26/02/2013 Total,,1,5,816,6237
,,,,,,14/08/2013,$10K - $30K,1,4,9157,10815
,,,,,,14/08/2013 Total,,1,4,9157,10815
,,,,,USA Total,,,6,21,24196,31728
,,,,CA Total,,,,6,21,24196,31728
,,,Beverly Hills Total,,,,,6,21,24196,31728
,,,Bremerton,WA,USA,24/08/2012,$30K - $50K,1,3,1551,2960
,,,,,,24/08/2012 Total,,1,3,1551,2960
,,,,,,25/01/2013,$50K - $70K,1,3,9524,5324
,,,,,,25/01/2013 Total,,1,3,9524,5324
,,,,,,12/11/2013,$30K - $50K,1,4,3533,13261
,,,,,,12/11/2013 Total,,1,4,3533,13261
,,,,,USA Total,,,3,10,14608,21545
,,,,WA Total,,,,3,10,14608,21545
,,,Bremerton Total,,,,,3,10,14608,21545
,,,Camacho,Zacatecas,Mexico,18/03/2013,$30K - $50K,1,4,4003,6776
,,,,,,18/03/2013 Total,,1,4,4003,6776
,,,,,,25/03/2013,$70K - $90K,1,2,2551,6940
,,,,,,25/03/2013 Total,,1,2,2551,6940
,,,,,,31/03/2013,$70K - $90K,1,2,965,7101
,,,,,,31/03/2013 Total,,1,2,965,7101
,,,,,,03/10/2013,$30K - $50K,1,6,4003,12148
,,,,,,03/10/2013 Total,,1,6,4003,12148
,,,,,Mexico Total,,,4,14,11522,32965
,,,,Zacatecas Total,,,,4,14,11522,32965
,,,Camacho Total,,,,,4,14,11522,32965
,,,Hidalgo,Zacatecas,Mexico,21/06/2013,$10K - $30K,1,5,1787,9350
,,,,,,21/06/2013 Total,,1,5,1787,9350
,,,,,,11/07/2013,$70K - $90K,1,6,6652,9883
,,,,,,11/07/2013 Total,,1,6,6652,9883
,,,,,,16/09/2013,$50K - $70K,1,2,4780,11664
,,,,,,16/09/2013 Total,,1,2,4780,11664
,,,,,,22/10/2013,$10K - $30K,1,5,9644,12661
,,,,,,22/10/2013 Total,,1,5,9644,12661
,,,,,,05/11/2013,$50K - $70K,1,3,4780,13060
,,,,,,05/11/2013 Total,,1,3,4780,13060
,,,,,,13/11/2013,$110K - $130K,1,2,3808,13299
,,,,,,13/11/2013 Total,,1,2,3808,13299
,,,,,,22/11/2013,$30K - $50K,1,7,5114,13519
,,,,,,22/11/2013 Total,,1,7,5114,13519
,,,,,Mexico Total,,,7,30,36565,83436
,,,,Zacatecas Total,,,,7,30,36565,83436
,,,Hidalgo Total,,,,,7,30,36565,83436
,,,Los Angeles,CA,USA,25/04/2012,$70K - $90K,1,3,9145,1465
,,,,,,25/04/2012 Total,,1,3,9145,1465
,,,,,,29/06/2012,$50K - $70K,1,6,7611,2269
,,,,,,29/06/2012 Total,,1,6,7611,2269
,,,,,,06/08/2012,$50K - $70K,1,6,6014,2736
,,,,,,06/08/2012 Total,,1,6,6014,2736
,,,,,,06/10/2012,$70K - $90K,1,2,6590,3472
,,,,,,06/10/2012 Total,,1,2,6590,3472
,,,,,USA Total,,,4,17,29360,9942
,,,,CA Total,,,,4,17,29360,9942
,,,Los Angeles Total,,,,,4,17,29360,9942
,,,Merida,Yucatan,Mexico,26/01/2013,$50K - $70K,1,2,4655,5359
,,,,,,26/01/2013 Total,,1,2,4655,5359
,,,,,,06/05/2013,$70K - $90K,1,3,9844,8075
,,,,,,06/05/2013 Total,,1,3,9844,8075
,,,,,,24/07/2013,$50K - $70K,1,3,4655,10251
,,,,,,24/07/2013 Total,,1,3,4655,10251
,,,,,,13/10/2013,$110K - $130K,1,5,9790,12421
,,,,,,13/10/2013 Total,,1,5,9790,12421
,,,,,Mexico Total,,,4,13,28944,36106
,,,,Yucatan Total,,,,4,13,28944,36106
,,,Merida Total,,,,,4,13,28944,36106
,,,Mexico City,DF,Mexico,01/09/2013,$30K - $50K,1,3,1135,11288
,,,,,,01/09/2013 Total,,1,3,1135,11288
,,,,,Mexico Total,,,1,3,1135,11288
,,,,DF Total,,,,1,3,1135,11288
,,,Mexico City Total,,,,,1,3,1135,11288
,,,Orizaba,Veracruz,Mexico,02/01/2013,$10K - $30K,1,5,9037,4760
,,,,,,02/01/2013 Total,,1,5,9037,4760
,,,,,,04/04/2013,$30K - $50K,1,4,3601,7208
,,,,,,04/04/2013 Total,,1,4,3601,7208
,,,,,Mexico Total,,,2,9,12638,11968
,,,,Veracruz Total,,,,2,9,12638,11968
,,,Orizaba Total,,,,,2,9,12638,11968
,,,Portland,OR,USA,31/12/2011,$10K - $30K,1,4,7617,35
,,,,,,31/12/2011 Total,,1,4,7617,35
,,,,,,11/04/2012,$10K - $30K,1,3,7617,1249
,,,,,,11/04/2012 Total,,1,3,7617,1249
,,,,,,02/06/2012,$70K - $90K,1,6,10166,1950
,,,,,,02/06/2012 Total,,1,6,10166,1950
,,,,,,21/03/2013,$70K - $90K,1,4,352,6828
,,,,,,21/03/2013 Total,,1,4,352,6828
,,,,,,12/12/2013,$10K - $30K,1,5,238,13927
,,,,,,12/12/2013 Total,,1,5,238,13927
,,,,,USA Total,,,5,22,25990,23989
,,,,OR Total,,,,5,22,25990,23989
,,,Portland Total,,,,,5,22,25990,23989
,,,Salem,OR,USA,30/01/2012,$110K - $130K,1,2,6204,277
,,,,,,30/01/2012 Total,,1,2,6204,277
,,,,,,09/04/2012,$30K - $50K,1,3,8304,1220
,,,,,,09/04/2012 Total,,1,3,8304,1220
,,,,,,13/01/2013,$90K - $110K,1,4,39,5014
,,,,,,13/01/2013 Total,,1,4,39,5014
,,,,,,31/05/2013,$30K - $50K,1,5,7569,8762
,,,,,,31/05/2013 Total,,1,5,7569,8762
,,,,,,21/07/2013,$70K - $90K,1,5,6564,10176
,,,,,,21/07/2013 Total,,1,5,6564,10176
,,,,,,14/08/2013,$130K - $150K,1,5,4396,10820
,,,,,,14/08/2013 Total,,1,5,4396,10820
,,,,,,29/11/2013,$30K - $50K,1,5,3388,13689
,,,,,,,$90K - $110K,1,4,644,13693
,,,,,,29/11/2013 Total,,2,9,4032,27382
,,,,,USA Total,,,8,33,37108,63651
,,,,OR Total,,,,8,33,37108,63651
,,,Salem Total,,,,,8,33,37108,63651
,,,San Andres,DF,Mexico,05/06/2013,$70K - $90K,1,5,2070,8889
,,,,,,05/06/2013 Total,,1,5,2070,8889
,,,,,,23/09/2013,$30K - $50K,1,5,1135,11889
,,,,,,23/09/2013 Total,,1,5,1135,11889
,,,,,Mexico Total,,,2,10,3205,20778
,,,,DF Total,,,,2,10,3205,20778
,,,San Andres Total,,,,,2,10,3205,20778
,,,San Diego,CA,USA,05/05/2012,$50K - $70K,1,5,9846,1607
,,,,,,05/05/2012 Total,,1,5,9846,1607
,,,,,USA Total,,,1,5,9846,1607
,,,,CA Total,,,,1,5,9846,1607
,,,San Diego Total,,,,,1,5,9846,1607
,,,San Francisco,CA,USA,10/05/2013,$30K - $50K,1,1,5045,8208
,,,,,,10/05/2013 Total,,1,1,5045,8208
,,,,,USA Total,,,1,1,5045,8208
,,,,CA Total,,,,1,1,5045,8208
,,,San Francisco Total,,,,,1,1,5045,8208
,,,Seattle,WA,USA,21/04/2012,$110K - $130K,1,3,182,1408
,,,,,,21/04/2012 Total,,1,3,182,1408
,,,,,,17/09/2012,$10K - $30K,1,2,6471,3244
,,,,,,17/09/2012 Total,,1,2,6471,3244
,,,,,,14/06/2013,$130K - $150K,1,5,6002,9158
,,,,,,14/06/2013 Total,,1,5,6002,9158
,,,,,,07/09/2013,$70K - $90K,1,5,8640,11416
,,,,,,07/09/2013 Total,,1,5,8640,11416
,,,,,,03/10/2013,$50K - $70K,1,4,8975,12141
,,,,,,03/10/2013 Total,,1,4,8975,12141
,,,,,USA Total,,,5,19,30270,37367
,,,,WA Total,,,,5,19,30270,37367
,,,Seattle Total,,,,,5,19,30270,37367
,,,Spokane,WA,USA,22/10/2013,$70K - $90K,1,3,976,12655
,,,,,,22/10/2013 Total,,1,3,976,12655
,,,,,USA Total,,,1,3,976,12655
,,,,WA Total,,,,1,3,976,12655
,,,Spokane Total,,,,,1,3,976,12655
,,,Tacoma,WA,USA,16/02/2012,$50K - $70K,1,4,9752,489
,,,,,,16/02/2012 Total,,1,4,9752,489
,,,,,,07/09/2012,$50K - $70K,1,2,9555,3118
,,,,,,07/09/2012 Total,,1,2,9555,3118
,,,,,,02/10/2012,$30K - $50K,1,3,6347,3406
,,,,,,02/10/2012 Total,,1,3,6347,3406
,,,,,,17/01/2013,$110K - $130K,1,4,7065,5116
,,,,,,17/01/2013 Total,,1,4,7065,5116
,,,,,,27/07/2013,$70K - $90K,1,5,4498,10320
,,,,,,27/07/2013 Total,,1,5,4498,10320
,,,,,,11/08/2013,$150K +,1,4,10280,10734
,,,,,,11/08/2013 Total,,1,4,10280,10734
,,,,,,02/10/2013,$30K - $50K,1,4,472,12133
,,,,,,02/10/2013 Total,,1,4,472,12133
,,,,,,09/10/2013,$50K - $70K,1,3,930,12318
,,,,,,09/10/2013 Total,,1,3,930,12318
,,,,,,21/11/2013,$10K - $30K,1,5,7989,13500
,,,,,,21/11/2013 Total,,1,5,7989,13500
,,,,,USA Total,,,9,34,56888,71134
,,,,WA Total,,,,9,34,56888,71134
,,,Tacoma Total,,,,,9,34,56888,71134
,,,Vancouver,BC,Canada,08/06/2013,$10K - $30K,1,5,6618,9004
,,,,,,08/06/2013 Total,,1,5,6618,9004
,,,,,,13/08/2013,$30K - $50K,1,6,5252,10779
,,,,,,13/08/2013 Total,,1,6,5252,10779
,,,,,Canada Total,,,2,11,11870,19783
,,,,BC Total,,,,2,11,11870,19783
,,,Vancouver Total,,,,,2,11,11870,19783
,,,Victoria,BC,Canada,24/04/2013,$130K - $150K,1,3,8995,7742
,,,,,,24/04/2013 Total,,1,3,8995,7742
,,,,,,01/11/2013,$10K - $30K,1,2,6597,12965
,,,,,,01/11/2013 Total,,1,2,6597,12965
,,,,,Canada Total,,,2,5,15592,20707
,,,,BC Total,,,,2,5,15592,20707
,,,Victoria Total,,,,,2,5,15592,20707
,,,Walla Walla,WA,USA,07/04/2013,$50K - $70K,1,1,6751,7293
,,,,,,07/04/2013 Total,,1,1,6751,7293
,,,,,USA Total,,,1,1,6751,7293
,,,,WA Total,,,,1,1,6751,7293
,,,Walla Walla Total,,,,,1,1,6751,7293
,,,Yakima,WA,USA,20/04/2012,$110K - $130K,1,3,2981,1394
,,,,,,20/04/2012 Total,,1,3,2981,1394
,,,,,,22/09/2012,$110K - $130K,1,2,2981,3300
,,,,,,22/09/2012 Total,,1,2,2981,3300
,,,,,,03/12/2012,$50K - $70K,1,4,5707,4228
,,,,,,03/12/2012 Total,,1,4,5707,4228
,,,,,USA Total,,,3,9,11669,8922
,,,,WA Total,,,,3,9,11669,8922
,,,Yakima Total,,,,,3,9,11669,8922
,,M Total,,,,,,74,283,388044,561846
,,S,Acapulco,Guerrero,Mexico,05/02/2013,$30K - $50K,1,4,8544,5646
,,,,,,05/02/2013 Total,,1,4,8544,5646
,,,,,,30/04/2013,$130K - $150K,1,5,5606,7915
,,,,,,30/04/2013 Total,,1,5,5606,7915
,,,,,,24/07/2013,$50K - $70K,1,4,6563,10255
,,,,,,24/07/2013 Total,,1,4,6563,10255
,,,,,,08/09/2013,$50K - $70K,1,3,4698,11449
,,,,,,08/09/2013 Total,,1,3,4698,11449
,,,,,,26/09/2013,$10K - $30K,1,3,8121,11959
,,,,,,26/09/2013 Total,,1,3,8121,11959
,,,,,Mexico Total,,,5,19,33532,47224
,,,,Guerrero Total,,,,5,19,33532,47224
,,,Acapulco Total,,,,,5,19,33532,47224
,,,Bellingham,WA,USA,11/03/2013,$90K - $110K,1,4,1418,6591
,,,,,,11/03/2013 Total,,1,4,1418,6591
,,,,,USA Total,,,1,4,1418,6591
,,,,WA Total,,,,1,4,1418,6591
,,,Bellingham Total,,,,,1,4,1418,6591
,,,Beverly Hills,CA,USA,25/12/2012,$110K - $130K,1,4,9932,4585
,,,,,,25/12/2012 Total,,1,4,9932,4585
,,,,,,03/11/2013,$70K - $90K,1,5,8991,13030
,,,,,,03/11/2013 Total,,1,5,8991,13030
,,,,,,05/12/2013,$130K - $150K,1,4,3370,13827
,,,,,,05/12/2013 Total,,1,4,3370,13827
,,,,,USA Total,,,3,13,22293,31442
,,,,CA Total,,,,3,13,22293,31442
,,,Beverly Hills Total,,,,,3,13,22293,31442
,,,Bremerton,WA,USA,10/01/2012,$70K - $90K,1,5,76,85
,,,,,,10/01/2012 Total,,1,5,76,85
,,,,,,05/11/2012,$30K - $50K,1,2,1758,3844
,,,,,,05/11/2012 Total,,1,2,1758,3844
,,,,,,29/11/2012,$30K - $50K,1,5,1610,4162
,,,,,,29/11/2012 Total,,1,5,1610,4162
,,,,,,08/12/2012,$30K - $50K,1,3,1282,4310
,,,,,,08/12/2012 Total,,1,3,1282,4310
,,,,,,28/02/2013,$30K - $50K,1,4,3288,6297
,,,,,,28/02/2013 Total,,1,4,3288,6297
,,,,,,10/10/2013,$90K - $110K,1,5,753,12344
,,,,,,10/10/2013 Total,,1,5,753,12344
,,,,,,15/12/2013,$30K - $50K,1,4,1610,13959
,,,,,,15/12/2013 Total,,1,4,1610,13959
,,,,,USA Total,,,7,28,10377,45001
,,,,WA Total,,,,7,28,10377,45001
,,,Bremerton Total,,,,,7,28,10377,45001
,,,Camacho,Zacatecas,Mexico,18/01/2013,$50K - $70K,1,4,2015,5139
,,,,,,18/01/2013 Total,,1,4,2015,5139
,,,,,,13/02/2013,$50K - $70K,1,5,7969,5857
,,,,,,13/02/2013 Total,,1,5,7969,5857
,,,,,,26/04/2013,$10K - $30K,1,3,8498,7806
,,,,,,26/04/2013 Total,,1,3,8498,7806
,,,,,,06/06/2013,$50K - $70K,1,3,9820,8935
,,,,,,06/06/2013 Total,,1,3,9820,8935
,,,,,,08/08/2013,$50K - $70K,1,5,838,10625
,,,,,,08/08/2013 Total,,1,5,838,10625
,,,,,,19/09/2013,$50K - $70K,1,6,4174,11737
,,,,,,19/09/2013 Total,,1,6,4174,11737
,,,,,Mexico Total,,,6,26,33314,50099
,,,,Zacatecas Total,,,,6,26,33314,50099
,,,Camacho Total,,,,,6,26,33314,50099
,,,Guadalajara,Jalisco,Mexico,16/03/2013,$90K - $110K,1,2,2954,6719
,,,,,,16/03/2013 Total,,1,2,2954,6719
,,,,,,16/04/2013,$30K - $50K,1,2,4483,7504
,,,,,,16/04/2013 Total,,1,2,4483,7504
,,,,,Mexico Total,,,2,4,7437,14223
,,,,Jalisco Total,,,,2,4,7437,14223
,,,Guadalajara Total,,,,,2,4,7437,14223
,,,Hidalgo,Zacatecas,Mexico,26/07/2013,$30K - $50K,1,5,7016,10304
,,,,,,26/07/2013 Total,,1,5,7016,10304
,,,,,,26/09/2013,$70K - $90K,1,6,8279,11955
,,,,,,26/09/2013 Total,,1,6,8279,11955
,,,,,,01/11/2013,$70K - $90K,1,4,8279,12973
,,,,,,01/11/2013 Total,,1,4,8279,12973
,,,,,Mexico Total,,,3,15,23574,35232
,,,,Zacatecas Total,,,,3,15,23574,35232
,,,Hidalgo Total,,,,,3,15,23574,35232
,,,Los Angeles,CA,USA,01/01/2012,$50K - $70K,1,5,4686,39
,,,,,,01/01/2012 Total,,1,5,4686,39
,,,,,,28/05/2012,$30K - $50K,1,4,329,1889
,,,,,,28/05/2012 Total,,1,4,329,1889
,,,,,USA Total,,,2,9,5015,1928
,,,,CA Total,,,,2,9,5015,1928
,,,Los Angeles Total,,,,,2,9,5015,1928
,,,Merida,Yucatan,Mexico,11/04/2013,$10K - $30K,1,2,1930,7406
,,,,,,11/04/2013 Total,,1,2,1930,7406
,,,,,,12/06/2013,$30K - $50K,1,3,1593,9082
,,,,,,12/06/2013 Total,,1,3,1593,9082
,,,,,,29/08/2013,$10K - $30K,1,3,2118,11173
,,,,,,29/08/2013 Total,,1,3,2118,11173
,,,,,,02/10/2013,$30K - $50K,1,3,4068,12132
,,,,,,02/10/2013 Total,,1,3,4068,12132
,,,,,,19/10/2013,$30K - $50K,1,4,4068,12561
,,,,,,19/10/2013 Total,,1,4,4068,12561
,,,,,,04/11/2013,$30K - $50K,1,2,3571,13045
,,,,,,04/11/2013 Total,,1,2,3571,13045
,,,,,Mexico Total,,,6,17,17348,65399
,,,,Yucatan Total,,,,6,17,17348,65399
,,,Merida Total,,,,,6,17,17348,65399
,,,Mexico City,DF,Mexico,30/03/2013,$70K - $90K,1,2,7403,7068
,,,,,,30/03/2013 Total,,1,2,7403,7068
,,,,,,24/05/2013,$70K - $90K,1,4,52,8580
,,,,,,24/05/2013 Total,,1,4,52,8580
,,,,,,28/05/2013,$30K - $50K,1,4,8285,8684
,,,,,,28/05/2013 Total,,1,4,8285,8684
,,,,,Mexico Total,,,3,10,15740,24332
,,,,DF Total,,,,3,10,15740,24332
,,,Mexico City Total,,,,,3,10,15740,24332
,,,Orizaba,Veracruz,Mexico,30/05/2013,$50K - $70K,1,3,3761,8757
,,,,,,30/05/2013 Total,,1,3,3761,8757
,,,,,,02/10/2013,$10K - $30K,1,4,2439,12119
,,,,,,02/10/2013 Total,,1,4,2439,12119
,,,,,,14/11/2013,$70K - $90K,1,2,7917,13323
,,,,,,14/11/2013 Total,,1,2,7917,13323
,,,,,,21/11/2013,$10K - $30K,1,3,3468,13498
,,,,,,21/11/2013 Total,,1,3,3468,13498
,,,,,Mexico Total,,,4,12,17585,47697
,,,,Veracruz Total,,,,4,12,17585,47697
,,,Orizaba Total,,,,,4,12,17585,47697
,,,Portland,OR,USA,23/04/2012,$10K - $30K,1,5,6398,1437
,,,,,,23/04/2012 Total,,1,5,6398,1437
,,,,,,09/12/2012,$130K - $150K,1,3,9801,4323
,,,,,,09/12/2012 Total,,1,3,9801,4323
,,,,,,05/03/2013,$30K - $50K,1,4,3586,6422
,,,,,,05/03/2013 Total,,1,4,3586,6422
,,,,,,08/03/2013,$70K - $90K,1,5,6203,6497
,,,,,,08/03/2013 Total,,1,5,6203,6497
,,,,,USA Total,,,4,17,25988,18679
,,,,OR Total,,,,4,17,25988,18679
,,,Portland Total,,,,,4,17,25988,18679
,,,Salem,OR,USA,23/01/2012,$30K - $50K,1,4,3776,202
,,,,,,23/01/2012 Total,,1,4,3776,202
,,,,,,12/03/2012,$110K - $130K,1,3,8116,800
,,,,,,12/03/2012 Total,,1,3,8116,800
,,,,,,16/09/2012,$50K - $70K,1,4,8373,3222
,,,,,,16/09/2012 Total,,1,4,8373,3222
,,,,,,19/12/2012,$10K - $30K,1,5,6288,4493
,,,,,,19/12/2012 Total,,1,5,6288,4493
,,,,,,08/01/2013,$50K - $70K,1,5,7262,4911
,,,,,,08/01/2013 Total,,1,5,7262,4911
,,,,,,18/03/2013,$30K - $50K,2,8,8203,13511
,,,,,,18/03/2013 Total,,2,8,8203,13511
,,,,,,25/06/2013,$10K - $30K,1,3,1660,9447
,,,,,,25/06/2013 Total,,1,3,1660,9447
,,,,,,11/08/2013,$50K - $70K,1,3,2398,10712
,,,,,,11/08/2013 Total,,1,3,2398,10712
,,,,,,30/08/2013,$130K - $150K,1,5,2468,11203
,,,,,,30/08/2013 Total,,1,5,2468,11203
,,,,,,14/09/2013,$30K - $50K,1,3,1266,11609
,,,,,,14/09/2013 Total,,1,3,1266,11609
,,,,,,23/09/2013,$30K - $50K,1,6,1147,11869
,,,,,,23/09/2013 Total,,1,6,1147,11869
,,,,,USA Total,,,12,49,50957,81979
,,,,OR Total,,,,12,49,50957,81979
,,,Salem Total,,,,,12,49,50957,81979
,,,San Andres,DF,Mexico,08/05/2013,$70K - $90K,1,4,6886,8138
,,,,,,08/05/2013 Total,,1,4,6886,8138
,,,,,,20/08/2013,$30K - $50K,1,3,4043,10956
,,,,,,20/08/2013 Total,,1,3,4043,10956
,,,,,,07/09/2013,$30K - $50K,1,4,10263,11421
,,,,,,07/09/2013 Total,,1,4,10263,11421
,,,,,,02/11/2013,$30K - $50K,1,4,7685,13000
,,,,,,02/11/2013 Total,,1,4,7685,13000
,,,,,Mexico Total,,,4,15,28877,43515
,,,,DF Total,,,,4,15,28877,43515
,,,San Andres Total,,,,,4,15,28877,43515
,,,San Diego,CA,USA,09/03/2012,$10K - $30K,1,4,7287,762
,,,,,,09/03/2012 Total,,1,4,7287,762
,,,,,,27/06/2012,$150K +,1,5,690,2244
,,,,,,27/06/2012 Total,,1,5,690,2244
,,,,,,04/09/2012,$30K - $50K,1,6,294,3085
,,,,,,04/09/2012 Total,,1,6,294,3085
,,,,,,20/11/2012,$30K - $50K,1,4,4081,4040
,,,,,,20/11/2012 Total,,1,4,4081,4040
,,,,,,03/12/2012,$70K - $90K,1,3,729,4234
,,,,,,03/12/2012 Total,,1,3,729,4234
,,,,,USA Total,,,5,22,13081,14365
,,,,CA Total,,,,5,22,13081,14365
,,,San Diego Total,,,,,5,22,13081,14365
,,,San Francisco,CA,USA,03/05/2013,$10K - $30K,1,2,2531,7977
,,,,,,03/05/2013 Total,,1,2,2531,7977
,,,,,USA Total,,,1,2,2531,7977
,,,,CA Total,,,,1,2,2531,7977
,,,San Francisco Total,,,,,1,2,2531,7977
,,,Seattle,WA,USA,21/07/2012,$110K - $130K,1,4,7103,2539
,,,,,,21/07/2012 Total,,1,4,7103,2539
,,,,,,16/12/2012,$50K - $70K,1,4,9248,4434
,,,,,,16/12/2012 Total,,1,4,9248,4434
,,,,,,18/03/2013,$70K - $90K,1,5,6145,6758
,,,,,,18/03/2013 Total,,1,5,6145,6758
,,,,,USA Total,,,3,13,22496,13731
,,,,WA Total,,,,3,13,22496,13731
,,,Seattle Total,,,,,3,13,22496,13731
,,,Spokane,WA,USA,30/05/2012,$10K - $30K,1,5,4094,1922
,,,,,,30/05/2012 Total,,1,5,4094,1922
,,,,,,28/01/2013,$10K - $30K,1,5,5592,5400
,,,,,,28/01/2013 Total,,1,5,5592,5400
,,,,,,30/01/2013,$70K - $90K,1,3,9510,5444
,,,,,,30/01/2013 Total,,1,3,9510,5444
,,,,,,13/03/2013,$130K - $150K,1,4,6113,6646
,,,,,,13/03/2013 Total,,1,4,6113,6646
,,,,,,31/05/2013,$50K - $70K,1,2,4925,8763
,,,,,,31/05/2013 Total,,1,2,4925,8763
,,,,,,29/10/2013,$30K - $50K,1,6,1720,12865
,,,,,,29/10/2013 Total,,1,6,1720,12865
,,,,,USA Total,,,6,25,31954,41040
,,,,WA Total,,,,6,25,31954,41040
,,,Spokane Total,,,,,6,25,31954,41040
,,,Tacoma,WA,USA,20/06/2012,$30K - $50K,1,4,5210,2144
,,,,,,20/06/2012 Total,,1,4,5210,2144
,,,,,,10/10/2012,$10K - $30K,1,6,5616,3526
,,,,,,10/10/2012 Total,,1,6,5616,3526
,,,,,,18/11/2012,$30K - $50K,1,5,9111,4019
,,,,,,18/11/2012 Total,,1,5,9111,4019
,,,,,,03/07/2013,$110K - $130K,1,4,7580,9659
,,,,,,03/07/2013 Total,,1,4,7580,9659
,,,,,,24/09/2013,$10K - $30K,1,4,2918,11911
,,,,,,24/09/2013 Total,,1,4,2918,11911
,,,,,,02/11/2013,$10K - $30K,1,5,6161,13001
,,,,,,02/11/2013 Total,,1,5,6161,13001
,,,,,USA Total,,,6,28,36596,44260
,,,,WA Total,,,,6,28,36596,44260
,,,Tacoma Total,,,,,6,28,36596,44260
,,,Vancouver,BC,Canada,03/04/2013,$10K - $30K,1,4,5235,7193
,,,,,,03/04/2013 Total,,1,4,5235,7193
,,,,,,17/04/2013,$10K - $30K,1,4,9919,7553
,,,,,,17/04/2013 Total,,1,4,9919,7553
,,,,,,28/09/2013,$70K - $90K,1,5,3537,12013
,,,,,,28/09/2013 Total,,1,5,3537,12013
,,,,,Canada Total,,,3,13,18691,26759
,,,,BC Total,,,,3,13,18691,26759
,,,Vancouver Total,,,,,3,13,18691,26759
,,,Victoria,BC,Canada,20/08/2013,$10K - $30K,1,2,8434,10966
,,,,,,20/08/2013 Total,,1,2,8434,10966
,,,,,Canada Total,,,1,2,8434,10966
,,,,BC Total,,,,1,2,8434,10966
,,,Victoria Total,,,,,1,2,8434,10966
,,,Yakima,WA,USA,20/05/2012,$30K - $50K,1,4,8687,1788
,,,,,,20/05/2012 Total,,1,4,8687,1788
,,,,,,16/04/2013,$50K - $70K,1,5,554,7505
,,,,,,16/04/2013 Total,,1,5,554,7505
,,,,,,28/06/2013,$30K - $50K,1,5,10225,9522
,,,,,,28/06/2013 Total,,1,5,10225,9522
,,,,,,25/08/2013,$130K - $150K,1,5,569,11095
,,,,,,25/08/2013 Total,,1,5,569,11095
,,,,,,06/09/2013,$30K - $50K,1,5,8687,11398
,,,,,,06/09/2013 Total,,1,5,8687,11398
,,,,,USA Total,,,5,24,28722,41308
,,,,WA Total,,,,5,24,28722,41308
,,,Yakima Total,,,,,5,24,28722,41308
,,S Total,,,,,,92,367,455960,713747
,F Total,,,,,,,166,650,844004,1275593
,M,M,Acapulco,Guerrero,Mexico,15/04/2013,$50K - $70K,1,4,3177,7493
,,,,,,15/04/2013 Total,,1,4,3177,7493
,,,,,,25/04/2013,$10K - $30K,1,6,3168,7762
,,,,,,25/04/2013 Total,,1,6,3168,7762
,,,,,,21/07/2013,$130K - $150K,1,3,1948,10197
,,,,,,21/07/2013 Total,,1,3,1948,10197
,,,,,Mexico Total,,,3,13,8293,25452
,,,,Guerrero Total,,,,3,13,8293,25452
,,,Acapulco Total,,,,,3,13,8293,25452
,,,Bellingham,WA,USA,08/05/2013,$30K - $50K,1,2,572,8129
,,,,,,08/05/2013 Total,,1,2,572,8129
,,,,,USA Total,,,1,2,572,8129
,,,,WA Total,,,,1,2,572,8129
,,,Bellingham Total,,,,,1,2,572,8129
,,,Beverly Hills,CA,USA,12/03/2012,$30K - $50K,1,5,9313,804
,,,,,,12/03/2012 Total,,1,5,9313,804
,,,,,,11/01/2013,$10K - $30K,1,4,8937,4985
,,,,,,11/01/2013 Total,,1,4,8937,4985
,,,,,,22/03/2013,$150K +,1,5,5602,6866
,,,,,,22/03/2013 Total,,1,5,5602,6866
,,,,,,22/10/2013,$10K - $30K,1,2,7512,12653
,,,,,,22/10/2013 Total,,1,2,7512,12653
,,,,,,15/11/2013,$30K - $50K,1,3,6086,13358
,,,,,,15/11/2013 Total,,1,3,6086,13358
,,,,,,27/11/2013,$30K - $50K,1,5,2381,13647
,,,,,,27/11/2013 Total,,1,5,2381,13647
,,,,,USA Total,,,6,24,39831,52313
,,,,CA Total,,,,6,24,39831,52313
,,,Beverly Hills Total,,,,,6,24,39831,52313
,,,Bremerton,WA,USA,01/04/2012,$30K - $50K,1,4,3676,1111
,,,,,,01/04/2012 Total,,1,4,3676,1111
,,,,,,02/08/2012,$70K - $90K,1,5,3878,2688
,,,,,,02/08/2012 Total,,1,5,3878,2688
,,,,,,07/10/2012,$10K - $30K,1,4,4527,3493
,,,,,,07/10/2012 Total,,1,4,4527,3493
,,,,,,17/02/2013,$50K - $70K,1,4,4903,5976
,,,,,,17/02/2013 Total,,1,4,4903,5976
,,,,,,05/05/2013,$30K - $50K,1,4,6132,8038
,,,,,,05/05/2013 Total,,1,4,6132,8038
,,,,,USA Total,,,5,21,23116,21306
,,,,WA Total,,,,5,21,23116,21306
,,,Bremerton Total,,,,,5,21,23116,21306
,,,Camacho,Zacatecas,Mexico,05/05/2013,$50K - $70K,1,3,48,8029
,,,,,,05/05/2013 Total,,1,3,48,8029
,,,,,Mexico Total,,,1,3,48,8029
,,,,Zacatecas Total,,,,1,3,48,8029
,,,Camacho Total,,,,,1,3,48,8029
,,,Hidalgo,Zacatecas,Mexico,13/04/2013,$30K - $50K,1,3,6100,7435
,,,,,,13/04/2013 Total,,1,3,6100,7435
,,,,,,24/09/2013,$30K - $50K,1,2,1222,11908
,,,,,,24/09/2013 Total,,1,2,1222,11908
,,,,,,07/10/2013,$10K - $30K,1,4,7472,12259
,,,,,,07/10/2013 Total,,1,4,7472,12259
,,,,,Mexico Total,,,3,9,14794,31602
,,,,Zacatecas Total,,,,3,9,14794,31602
,,,Hidalgo Total,,,,,3,9,14794,31602
,,,Los Angeles,CA,USA,23/06/2012,$30K - $50K,1,4,2658,2197
,,,,,,23/06/2012 Total,,1,4,2658,2197
,,,,,,25/06/2012,$130K - $150K,1,3,5502,2225
,,,,,,25/06/2012 Total,,1,3,5502,2225
,,,,,,16/10/2012,$50K - $70K,1,2,2278,3607
,,,,,,16/10/2012 Total,,1,2,2278,3607
,,,,,,26/11/2012,$10K - $30K,1,3,8478,4128
,,,,,,26/11/2012 Total,,1,3,8478,4128
,,,,,,30/12/2012,$10K - $30K,1,4,5013,4686
,,,,,,30/12/2012 Total,,1,4,5013,4686
,,,,,,29/01/2013,$130K - $150K,1,3,5226,5436
,,,,,,29/01/2013 Total,,1,3,5226,5436
,,,,,,15/02/2013,$130K - $150K,1,4,5226,5920
,,,,,,15/02/2013 Total,,1,4,5226,5920
,,,,,,21/05/2013,$30K - $50K,1,5,8709,8494
,,,,,,21/05/2013 Total,,1,5,8709,8494
,,,,,USA Total,,,8,28,43090,36693
,,,,CA Total,,,,8,28,43090,36693
,,,Los Angeles Total,,,,,8,28,43090,36693
,,,Merida,Yucatan,Mexico,02/02/2013,$30K - $50K,1,5,2852,5536
,,,,,,02/02/2013 Total,,1,5,2852,5536
,,,,,,01/03/2013,$30K - $50K,1,4,2852,6316
,,,,,,01/03/2013 Total,,1,4,2852,6316
,,,,,,11/04/2013,$110K - $130K,1,5,3661,7413
,,,,,,11/04/2013 Total,,1,5,3661,7413
,,,,,,17/06/2013,$110K - $130K,1,5,3661,9237
,,,,,,17/06/2013 Total,,1,5,3661,9237
,,,,,,22/09/2013,$90K - $110K,1,3,6193,11846
,,,,,,22/09/2013 Total,,1,3,6193,11846
,,,,,,25/10/2013,$70K - $90K,1,4,7448,12770
,,,,,,25/10/2013 Total,,1,4,7448,12770
,,,,,,16/11/2013,$70K - $90K,1,5,7448,13383
,,,,,,16/11/2013 Total,,1,5,7448,13383
,,,,,Mexico Total,,,7,31,34115,66501
,,,,Yucatan Total,,,,7,31,34115,66501
,,,Merida Total,,,,,7,31,34115,66501
,,,Mexico City,DF,Mexico,24/07/2013,$30K - $50K,1,3,9042,10254
,,,,,,24/07/2013 Total,,1,3,9042,10254
,,,,,Mexico Total,,,1,3,9042,10254
,,,,DF Total,,,,1,3,9042,10254
,,,Mexico City Total,,,,,1,3,9042,10254
,,,Orizaba,Veracruz,Mexico,15/01/2013,$70K - $90K,1,3,9197,5075
,,,,,,15/01/2013 Total,,1,3,9197,5075
,,,,,,08/02/2013,$30K - $50K,1,5,5223,5706
,,,,,,08/02/2013 Total,,1,5,5223,5706
,,,,,,31/03/2013,$10K - $30K,1,5,2063,7106
,,,,,,31/03/2013 Total,,1,5,2063,7106
,,,,,,11/11/2013,$10K - $30K,1,5,7700,13254
,,,,,,11/11/2013 Total,,1,5,7700,13254
,,,,,Mexico Total,,,4,18,24183,31141
,,,,Veracruz Total,,,,4,18,24183,31141
,,,Orizaba Total,,,,,4,18,24183,31141
,,,Portland,OR,USA,18/06/2012,$30K - $50K,1,5,856,2129
,,,,,,18/06/2012 Total,,1,5,856,2129
,,,,,,04/10/2012,$70K - $90K,1,6,235,3445
,,,,,,04/10/2012 Total,,1,6,235,3445
,,,,,,07/12/2012,$30K - $50K,1,5,1214,4291
,,,,,,07/12/2012 Total,,1,5,1214,4291
,,,,,,15/12/2012,$50K - $70K,1,4,2568,4413
,,,,,,15/12/2012 Total,,1,4,2568,4413
,,,,,,16/12/2012,$30K - $50K,1,6,9397,4435
,,,,,,16/12/2012 Total,,1,6,9397,4435
,,,,,,22/12/2012,$30K - $50K,1,5,9397,4545
,,,,,,22/12/2012 Total,,1,5,9397,4545
,,,,,,08/01/2013,$130K - $150K,1,4,1617,4917
,,,,,,08/01/2013 Total,,1,4,1617,4917
,,,,,,12/03/2013,$10K - $30K,1,7,9307,6615
,,,,,,12/03/2013 Total,,1,7,9307,6615
,,,,,,11/05/2013,$50K - $70K,1,5,2568,8222
,,,,,,11/05/2013 Total,,1,5,2568,8222
,,,,,USA Total,,,9,47,37159,43012
,,,,OR Total,,,,9,47,37159,43012
,,,Portland Total,,,,,9,47,37159,43012
,,,Salem,OR,USA,10/09/2012,$150K +,1,3,7639,3152
,,,,,,10/09/2012 Total,,1,3,7639,3152
,,,,,,04/12/2012,$10K - $30K,1,5,3113,4252
,,,,,,04/12/2012 Total,,1,5,3113,4252
,,,,,,08/01/2013,$50K - $70K,1,6,8667,4912
,,,,,,08/01/2013 Total,,1,6,8667,4912
,,,,,,09/01/2013,$30K - $50K,1,5,2251,4927
,,,,,,09/01/2013 Total,,1,5,2251,4927
,,,,,,09/08/2013,$130K - $150K,1,4,5433,10652
,,,,,,09/08/2013 Total,,1,4,5433,10652
,,,,,,10/09/2013,$10K - $30K,1,2,9972,11507
,,,,,,10/09/2013 Total,,1,2,9972,11507
,,,,,,19/12/2013,$30K - $50K,1,4,1773,13989
,,,,,,19/12/2013 Total,,1,4,1773,13989
,,,,,USA Total,,,7,29,38848,53391
,,,,OR Total,,,,7,29,38848,53391
,,,Salem Total,,,,,7,29,38848,53391
,,,San Andres,DF,Mexico,15/01/2013,$30K - $50K,1,4,2790,5086
,,,,,,15/01/2013 Total,,1,4,2790,5086
,,,,,,01/05/2013,$110K - $130K,1,5,6750,7931
,,,,,,01/05/2013 Total,,1,5,6750,7931
,,,,,Mexico Total,,,2,9,9540,13017
,,,,DF Total,,,,2,9,9540,13017
,,,San Andres Total,,,,,2,9,9540,13017
,,,San Diego,CA,USA,06/10/2012,$10K - $30K,1,3,5535,3476
,,,,,,06/10/2012 Total,,1,3,5535,3476
,,,,,,11/11/2012,$90K - $110K,1,4,4879,3907
,,,,,,11/11/2012 Total,,1,4,4879,3907
,,,,,,06/01/2013,$30K - $50K,1,3,4263,4873
,,,,,,06/01/2013 Total,,1,3,4263,4873
,,,,,,23/01/2013,$50K - $70K,1,3,5673,5284
,,,,,,23/01/2013 Total,,1,3,5673,5284
,,,,,,11/02/2013,$150K +,1,2,105,5789
,,,,,,11/02/2013 Total,,1,2,105,5789
,,,,,USA Total,,,5,15,20455,23329
,,,,CA Total,,,,5,15,20455,23329
,,,San Diego Total,,,,,5,15,20455,23329
,,,Seattle,WA,USA,08/08/2012,$30K - $50K,1,4,7646,2751
,,,,,,08/08/2012 Total,,1,4,7646,2751
,,,,,,16/03/2013,$50K - $70K,1,5,3152,6725
,,,,,,16/03/2013 Total,,1,5,3152,6725
,,,,,,13/11/2013,$30K - $50K,1,4,5166,13317
,,,,,,13/11/2013 Total,,1,4,5166,13317
,,,,,USA Total,,,3,13,15964,22793
,,,,WA Total,,,,3,13,15964,22793
,,,Seattle Total,,,,,3,13,15964,22793
,,,Spokane,WA,USA,20/08/2012,$10K - $30K,1,3,5432,2901
,,,,,,20/08/2012 Total,,1,3,5432,2901
,,,,,,11/11/2012,$30K - $50K,1,5,4021,3908
,,,,,,11/11/2012 Total,,1,5,4021,3908
,,,,,,31/12/2012,$10K - $30K,1,5,9728,4724
,,,,,,31/12/2012 Total,,1,5,9728,4724
,,,,,,30/10/2013,$70K - $90K,1,6,2570,12885
,,,,,,30/10/2013 Total,,1,6,2570,12885
,,,,,USA Total,,,4,19,21751,24418
,,,,WA Total,,,,4,19,21751,24418
,,,Spokane Total,,,,,4,19,21751,24418
,,,Tacoma,WA,USA,16/03/2012,$50K - $70K,1,6,7241,871
,,,,,,16/03/2012 Total,,1,6,7241,871
,,,,,,25/06/2012,$30K - $50K,1,4,6061,2228
,,,,,,25/06/2012 Total,,1,4,6061,2228
,,,,,,02/10/2012,$90K - $110K,1,6,6681,3407
,,,,,,02/10/2012 Total,,1,6,6681,3407
,,,,,,23/12/2012,$70K - $90K,1,6,4099,4564
,,,,,,23/12/2012 Total,,1,6,4099,4564
,,,,,,14/01/2013,$10K - $30K,1,4,9187,5040
,,,,,,14/01/2013 Total,,1,4,9187,5040
,,,,,,15/01/2013,$30K - $50K,1,6,10243,5066
,,,,,,15/01/2013 Total,,1,6,10243,5066
,,,,,,19/02/2013,$30K - $50K,1,3,10243,6013
,,,,,,19/02/2013 Total,,1,3,10243,6013
,,,,,,18/03/2013,$30K - $50K,1,5,806,6769
,,,,,,18/03/2013 Total,,1,5,806,6769
,,,,,,07/05/2013,$130K - $150K,1,6,8283,8127
,,,,,,07/05/2013 Total,,1,6,8283,8127
,,,,,,05/08/2013,$30K - $50K,1,4,2441,10555
,,,,,,05/08/2013 Total,,1,4,2441,10555
,,,,,USA Total,,,10,50,65285,52640
,,,,WA Total,,,,10,50,65285,52640
,,,Tacoma Total,,,,,10,50,65285,52640
,,,Vancouver,BC,Canada,05/03/2013,$10K - $30K,1,3,1022,6428
,,,,,,05/03/2013 Total,,1,3,1022,6428
,,,,,,04/04/2013,$10K - $30K,1,4,1022,7199
,,,,,,04/04/2013 Total,,1,4,1022,7199
,,,,,,20/04/2013,$70K - $90K,1,6,4972,7639
,,,,,,20/04/2013 Total,,1,6,4972,7639
,,,,,,21/04/2013,$10K - $30K,1,5,10025,7665
,,,,,,21/04/2013 Total,,1,5,10025,7665
,,,,,,26/04/2013,$70K - $90K,1,5,4058,7796
,,,,,,26/04/2013 Total,,1,5,4058,7796
,,,,,,30/04/2013,$10K - $30K,1,2,5558,7921
,,,,,,30/04/2013 Total,,1,2,5558,7921
,,,,,,13/05/2013,$50K - $70K,1,6,5020,8270
,,,,,,13/05/2013 Total,,1,6,5020,8270
,,,,,Canada Total,,,7,31,31677,52918
,,,,BC Total,,,,7,31,31677,52918
,,,Vancouver Total,,,,,7,31,31677,52918
,,,Victoria,BC,Canada,25/06/2013,$70K - $90K,1,3,9859,9452
,,,,,,25/06/2013 Total,,1,3,9859,9452
,,,,,Canada Total,,,1,3,9859,9452
,,,,BC Total,,,,1,3,9859,9452
,,,Victoria Total,,,,,1,3,9859,9452
,,,Walla Walla,WA,USA,13/09/2013,$10K - $30K,1,2,9321,11578
,,,,,,13/09/2013 Total,,1,2,9321,11578
,,,,,USA Total,,,1,2,9321,11578
,,,,WA Total,,,,1,2,9321,11578
,,,Walla Walla Total,,,,,1,2,9321,11578
,,,Yakima,WA,USA,24/02/2012,$50K - $70K,1,4,3075,579
,,,,,,24/02/2012 Total,,1,4,3075,579
,,,,,,11/09/2012,$10K - $30K,1,2,8669,3171
,,,,,,11/09/2012 Total,,1,2,8669,3171
,,,,,,16/10/2012,$30K - $50K,1,5,9063,3600
,,,,,,16/10/2012 Total,,1,5,9063,3600
,,,,,,04/01/2013,$30K - $50K,1,4,9063,4815
,,,,,,04/01/2013 Total,,1,4,9063,4815
,,,,,,12/05/2013,$70K - $90K,1,6,9134,8247
,,,,,,12/05/2013 Total,,1,6,9134,8247
,,,,,USA Total,,,5,21,39004,20412
,,,,WA Total,,,,5,21,39004,20412
,,,Yakima Total,,,,,5,21,39004,20412
,,M Total,,,,,,93,391,495947,618380
,,S,Acapulco,Guerrero,Mexico,18/02/2013,$150K +,1,3,1420,5996
,,,,,,18/02/2013 Total,,1,3,1420,5996
,,,,,,18/03/2013,$10K - $30K,1,3,5430,6752
,,,,,,18/03/2013 Total,,1,3,5430,6752
,,,,,,22/07/2013,$110K - $130K,1,4,622,10220
,,,,,,22/07/2013 Total,,1,4,622,10220
,,,,,,22/11/2013,$10K - $30K,1,3,8176,13538
,,,,,,22/11/2013 Total,,1,3,8176,13538
,,,,,Mexico Total,,,4,13,15648,36506
,,,,Guerrero Total,,,,4,13,15648,36506
,,,Acapulco Total,,,,,4,13,15648,36506
,,,Beverly Hills,CA,USA,09/04/2012,$30K - $50K,1,2,652,1218
,,,,,,09/04/2012 Total,,1,2,652,1218
,,,,,,24/04/2012,$30K - $50K,1,4,3462,1444
,,,,,,24/04/2012 Total,,1,4,3462,1444
,,,,,,07/09/2012,$110K - $130K,1,3,2977,3116
,,,,,,07/09/2012 Total,,1,3,2977,3116
,,,,,,20/07/2013,$50K - $70K,1,5,8240,10151
,,,,,,20/07/2013 Total,,1,5,8240,10151
,,,,,,25/09/2013,$130K - $150K,1,5,2818,11931
,,,,,,25/09/2013 Total,,1,5,2818,11931
,,,,,,28/09/2013,$30K - $50K,1,4,5014,12020
,,,,,,28/09/2013 Total,,1,4,5014,12020
,,,,,,27/10/2013,$50K - $70K,1,3,8130,12818
,,,,,,27/10/2013 Total,,1,3,8130,12818
,,,,,USA Total,,,7,26,31293,52698
,,,,CA Total,,,,7,26,31293,52698
,,,Beverly Hills Total,,,,,7,26,31293,52698
,,,Bremerton,WA,USA,15/02/2013,$50K - $70K,1,4,5376,5900
,,,,,,15/02/2013 Total,,1,4,5376,5900
,,,,,,13/04/2013,$50K - $70K,1,4,3941,7448
,,,,,,13/04/2013 Total,,1,4,3941,7448
,,,,,,27/04/2013,$30K - $50K,1,4,2924,7835
,,,,,,27/04/2013 Total,,1,4,2924,7835
,,,,,,20/08/2013,$50K - $70K,1,4,4998,10959
,,,,,,20/08/2013 Total,,1,4,4998,10959
,,,,,USA Total,,,4,16,17239,32142
,,,,WA Total,,,,4,16,17239,32142
,,,Bremerton Total,,,,,4,16,17239,32142
,,,Camacho,Zacatecas,Mexico,24/09/2013,$10K - $30K,1,5,9238,11909
,,,,,,24/09/2013 Total,,1,5,9238,11909
,,,,,Mexico Total,,,1,5,9238,11909
,,,,Zacatecas Total,,,,1,5,9238,11909
,,,Camacho Total,,,,,1,5,9238,11909
,,,Hidalgo,Zacatecas,Mexico,11/02/2013,$30K - $50K,1,4,5478,5794
,,,,,,11/02/2013 Total,,1,4,5478,5794
,,,,,,30/03/2013,$110K - $130K,1,3,4225,7067
,,,,,,30/03/2013 Total,,1,3,4225,7067
,,,,,,21/08/2013,$30K - $50K,1,3,2528,10989
,,,,,,21/08/2013 Total,,1,3,2528,10989
,,,,,,29/09/2013,$30K - $50K,1,5,7261,12063
,,,,,,29/09/2013 Total,,1,5,7261,12063
,,,,,Mexico Total,,,4,15,19492,35913
,,,,Zacatecas Total,,,,4,15,19492,35913
,,,Hidalgo Total,,,,,4,15,19492,35913
,,,Los Angeles,CA,USA,12/04/2012,$10K - $30K,1,3,1872,1268
,,,,,,12/04/2012 Total,,1,3,1872,1268
,,,,,,07/05/2013,$10K - $30K,1,4,2627,8090
,,,,,,07/05/2013 Total,,1,4,2627,8090
,,,,,,18/09/2013,$30K - $50K,1,3,4722,11716
,,,,,,18/09/2013 Total,,1,3,4722,11716
,,,,,USA Total,,,3,10,9221,21074
,,,,CA Total,,,,3,10,9221,21074
,,,Los Angeles Total,,,,,3,10,9221,21074
,,,Merida,Yucatan,Mexico,20/01/2013,$50K - $70K,1,6,498,5212
,,,,,,20/01/2013 Total,,1,6,498,5212
,,,,,,15/04/2013,$50K - $70K,1,4,498,7502
,,,,,,15/04/2013 Total,,1,4,498,7502
,,,,,,11/07/2013,$10K - $30K,1,6,9443,9882
,,,,,,11/07/2013 Total,,1,6,9443,9882
,,,,,,06/10/2013,$70K - $90K,1,3,3864,12231
,,,,,,06/10/2013 Total,,1,3,3864,12231
,,,,,,07/10/2013,$30K - $50K,1,4,5466,12245
,,,,,,07/10/2013 Total,,1,4,5466,12245
,,,,,,21/10/2013,$70K - $90K,1,6,8870,12627
,,,,,,21/10/2013 Total,,1,6,8870,12627
,,,,,,31/10/2013,$70K - $90K,1,4,1419,12923
,,,,,,31/10/2013 Total,,1,4,1419,12923
,,,,,,04/11/2013,$30K - $50K,1,3,5642,13056
,,,,,,04/11/2013 Total,,1,3,5642,13056
,,,,,,20/11/2013,$50K - $70K,1,6,8239,13476
,,,,,,20/11/2013 Total,,1,6,8239,13476
,,,,,Mexico Total,,,9,42,43939,99154
,,,,Yucatan Total,,,,9,42,43939,99154
,,,Merida Total,,,,,9,42,43939,99154
,,,Mexico City,DF,Mexico,14/03/2013,$90K - $110K,1,3,9778,6655
,,,,,,14/03/2013 Total,,1,3,9778,6655
,,,,,Mexico Total,,,1,3,9778,6655
,,,,DF Total,,,,1,3,9778,6655
,,,Mexico City Total,,,,,1,3,9778,6655
,,,Orizaba,Veracruz,Mexico,04/07/2013,$30K - $50K,1,5,1325,9692
,,,,,,04/07/2013 Total,,1,5,1325,9692
,,,,,,24/10/2013,$130K - $150K,1,2,8166,12731
,,,,,,24/10/2013 Total,,1,2,8166,12731
,,,,,Mexico Total,,,2,7,9491,22423
,,,,Veracruz Total,,,,2,7,9491,22423
,,,Orizaba Total,,,,,2,7,9491,22423
,,,Portland,OR,USA,29/03/2012,$30K - $50K,1,4,7434,1074
,,,,,,29/03/2012 Total,,1,4,7434,1074
,,,,,,19/06/2012,$30K - $50K,1,2,7811,2138
,,,,,,19/06/2012 Total,,1,2,7811,2138
,,,,,,04/09/2012,$30K - $50K,1,3,7434,3084
,,,,,,04/09/2012 Total,,1,3,7434,3084
,,,,,,22/11/2012,$10K - $30K,1,4,1141,4073
,,,,,,22/11/2012 Total,,1,4,1141,4073
,,,,,,29/06/2013,$10K - $30K,1,3,8263,9559
,,,,,,29/06/2013 Total,,1,3,8263,9559
,,,,,,21/08/2013,$30K - $50K,1,6,9074,10986
,,,,,,21/08/2013 Total,,1,6,9074,10986
,,,,,,25/11/2013,$10K - $30K,1,5,7362,13605
,,,,,,25/11/2013 Total,,1,5,7362,13605
,,,,,,31/12/2013,$50K - $70K,1,5,3656,14059
,,,,,,31/12/2013 Total,,1,5,3656,14059
,,,,,USA Total,,,8,32,52175,58578
,,,,OR Total,,,,8,32,52175,58578
,,,Portland Total,,,,,8,32,52175,58578
,,,Salem,OR,USA,07/02/2012,$70K - $90K,1,3,625,380
,,,,,,07/02/2012 Total,,1,3,625,380
,,,,,,07/05/2012,$50K - $70K,1,2,9401,1632
,,,,,,07/05/2012 Total,,1,2,9401,1632
,,,,,,16/06/2012,$50K - $70K,1,5,8663,2105
,,,,,,16/06/2012 Total,,1,5,8663,2105
,,,,,,29/07/2012,$30K - $50K,1,2,3979,2627
,,,,,,29/07/2012 Total,,1,2,3979,2627
,,,,,,07/08/2012,$30K - $50K,1,3,994,2742
,,,,,,07/08/2012 Total,,1,3,994,2742
,,,,,,15/09/2012,$30K - $50K,1,3,994,3215
,,,,,,15/09/2012 Total,,1,3,994,3215
,,,,,,04/12/2012,$30K - $50K,1,4,4556,4254
,,,,,,04/12/2012 Total,,1,4,4556,4254
,,,,,,21/12/2012,$30K - $50K,1,5,465,4512
,,,,,,21/12/2012 Total,,1,5,465,4512
,,,,,,13/04/2013,$70K - $90K,1,3,3706,7458
,,,,,,13/04/2013 Total,,1,3,3706,7458
,,,,,,04/06/2013,$50K - $70K,1,3,8892,8868
,,,,,,04/06/2013 Total,,1,3,8892,8868
,,,,,,27/07/2013,$30K - $50K,1,3,4423,10328
,,,,,,27/07/2013 Total,,1,3,4423,10328
,,,,,,04/10/2013,$70K - $90K,1,2,3882,12159
,,,,,,04/10/2013 Total,,1,2,3882,12159
,,,,,USA Total,,,12,38,50580,60280
,,,,OR Total,,,,12,38,50580,60280
,,,Salem Total,,,,,12,38,50580,60280
,,,San Andres,DF,Mexico,13/02/2013,$10K - $30K,1,4,5876,5845
,,,,,,13/02/2013 Total,,1,4,5876,5845
,,,,,,27/03/2013,$10K - $30K,1,4,1792,6980
,,,,,,27/03/2013 Total,,1,4,1792,6980
,,,,,,09/08/2013,$30K - $50K,1,6,732,10673
,,,,,,09/08/2013 Total,,1,6,732,10673
,,,,,,16/10/2013,$30K - $50K,1,4,3518,12510
,,,,,,16/10/2013 Total,,1,4,3518,12510
,,,,,Mexico Total,,,4,18,11918,36008
,,,,DF Total,,,,4,18,11918,36008
,,,San Andres Total,,,,,4,18,11918,36008
,,,San Diego,CA,USA,29/04/2012,$30K - $50K,1,5,823,1510
,,,,,,29/04/2012 Total,,1,5,823,1510
,,,,,,22/11/2012,$30K - $50K,1,3,823,4066
,,,,,,22/11/2012 Total,,1,3,823,4066
,,,,,,31/07/2013,$70K - $90K,1,2,6044,10428
,,,,,,31/07/2013 Total,,1,2,6044,10428
,,,,,USA Total,,,3,10,7690,16004
,,,,CA Total,,,,3,10,7690,16004
,,,San Diego Total,,,,,3,10,7690,16004
,,,San Francisco,CA,USA,15/03/2012,$130K - $150K,1,3,5094,859
,,,,,,15/03/2012 Total,,1,3,5094,859
,,,,,,22/08/2013,$50K - $70K,1,3,3517,10995
,,,,,,22/08/2013 Total,,1,3,3517,10995
,,,,,USA Total,,,2,6,8611,11854
,,,,CA Total,,,,2,6,8611,11854
,,,San Francisco Total,,,,,2,6,8611,11854
,,,Seattle,WA,USA,24/03/2012,$70K - $90K,1,4,4916,987
,,,,,,24/03/2012 Total,,1,4,4916,987
,,,,,,05/11/2012,$30K - $50K,1,4,8657,3845
,,,,,,05/11/2012 Total,,1,4,8657,3845
,,,,,,03/01/2013,$50K - $70K,1,3,8665,4779
,,,,,,03/01/2013 Total,,1,3,8665,4779
,,,,,,05/01/2013,$110K - $130K,1,2,2338,4821
,,,,,,05/01/2013 Total,,1,2,2338,4821
,,,,,,19/02/2013,$10K - $30K,1,3,5952,6010
,,,,,,19/02/2013 Total,,1,3,5952,6010
,,,,,,24/04/2013,$30K - $50K,1,5,5615,7740
,,,,,,24/04/2013 Total,,1,5,5615,7740
,,,,,,03/06/2013,$70K - $90K,1,5,808,8842
,,,,,,03/06/2013 Total,,1,5,808,8842
,,,,,,14/06/2013,$10K - $30K,1,5,4045,9144
,,,,,,14/06/2013 Total,,1,5,4045,9144
,,,,,,23/10/2013,$30K - $50K,1,5,3486,12688
,,,,,,23/10/2013 Total,,1,5,3486,12688
,,,,,USA Total,,,9,36,44482,58856
,,,,WA Total,,,,9,36,44482,58856
,,,Seattle Total,,,,,9,36,44482,58856
,,,Spokane,WA,USA,17/01/2012,$10K - $30K,1,5,2019,141
,,,,,,17/01/2012 Total,,1,5,2019,141
,,,,,,12/08/2012,$90K - $110K,1,5,430,2814
,,,,,,12/08/2012 Total,,1,5,430,2814
,,,,,,15/11/2012,$30K - $50K,1,5,5542,3959
,,,,,,15/11/2012 Total,,1,5,5542,3959
,,,,,,30/03/2013,$10K - $30K,1,4,2769,7064
,,,,,,30/03/2013 Total,,1,4,2769,7064
,,,,,,05/04/2013,$10K - $30K,1,3,2769,7232
,,,,,,05/04/2013 Total,,1,3,2769,7232
,,,,,,15/11/2013,$30K - $50K,1,2,7702,13368
,,,,,,15/11/2013 Total,,1,2,7702,13368
,,,,,USA Total,,,6,24,21231,34578
,,,,WA Total,,,,6,24,21231,34578
,,,Spokane Total,,,,,6,24,21231,34578
,,,Tacoma,WA,USA,16/02/2012,$90K - $110K,1,3,7913,490
,,,,,,16/02/2012 Total,,1,3,7913,490
,,,,,,01/08/2012,$30K - $50K,1,5,4315,2662
,,,,,,01/08/2012 Total,,1,5,4315,2662
,,,,,,09/09/2012,$30K - $50K,1,4,9206,3133
,,,,,,09/09/2012 Total,,1,4,9206,3133
,,,,,,18/09/2012,$10K - $30K,1,5,4700,3250
,,,,,,18/09/2012 Total,,1,5,4700,3250
,,,,,,26/01/2013,$130K - $150K,1,5,6799,5341
,,,,,,26/01/2013 Total,,1,5,6799,5341
,,,,,,21/05/2013,$90K - $110K,1,3,3539,8497
,,,,,,21/05/2013 Total,,1,3,3539,8497
,,,,,,03/07/2013,$90K - $110K,1,2,3539,9647
,,,,,,03/07/2013 Total,,1,2,3539,9647
,,,,,,13/08/2013,$50K - $70K,1,2,4118,10781
,,,,,,13/08/2013 Total,,1,2,4118,10781
,,,,,USA Total,,,8,29,44129,43801
,,,,WA Total,,,,8,29,44129,43801
,,,Tacoma Total,,,,,8,29,44129,43801
,,,Vancouver,BC,Canada,21/03/2013,$150K +,1,5,1431,6824
,,,,,,21/03/2013 Total,,1,5,1431,6824
,,,,,,11/05/2013,$10K - $30K,1,4,4941,8217
,,,,,,11/05/2013 Total,,1,4,4941,8217
,,,,,,15/05/2013,$70K - $90K,1,2,1767,8315
,,,,,,15/05/2013 Total,,1,2,1767,8315
,,,,,,20/07/2013,$10K - $30K,1,4,9304,10166
,,,,,,20/07/2013 Total,,1,4,9304,10166
,,,,,,25/07/2013,$110K - $130K,1,3,6882,10265
,,,,,,25/07/2013 Total,,1,3,6882,10265
,,,,,Canada Total,,,5,18,24325,43787
,,,,BC Total,,,,5,18,24325,43787
,,,Vancouver Total,,,,,5,18,24325,43787
,,,Victoria,BC,Canada,24/01/2013,$110K - $130K,1,5,9941,5301
,,,,,,24/01/2013 Total,,1,5,9941,5301
,,,,,,12/09/2013,$30K - $50K,1,4,9004,11560
,,,,,,12/09/2013 Total,,1,4,9004,11560
,,,,,Canada Total,,,2,9,18945,16861
,,,,BC Total,,,,2,9,18945,16861
,,,Victoria Total,,,,,2,9,18945,16861
,,,Yakima,WA,USA,25/09/2012,$150K +,1,2,7370,3320
,,,,,,25/09/2012 Total,,1,2,7370,3320
,,,,,,03/09/2013,$130K - $150K,1,6,8946,11322
,,,,,,03/09/2013 Total,,1,6,8946,11322
,,,,,USA Total,,,2,8,16316,14642
,,,,WA Total,,,,2,8,16316,14642
,,,Yakima Total,,,,,2,8,16316,14642
,,S Total,,,,,,96,365,465741,713723
,M Total,,,,,,,189,756,961688,1332103
Electrical Total,,,,,,,,355,1406,1805692,2607696
Frozen Desserts,F,M,Bellingham,WA,USA,16/12/2013,$30K - $50K,1,1,5549,13964
,,,,,,16/12/2013 Total,,1,1,5549,13964
,,,,,USA Total,,,1,1,5549,13964
,,,,WA Total,,,,1,1,5549,13964
,,,Bellingham Total,,,,,1,1,5549,13964
,,,Beverly Hills,CA,USA,15/05/2012,$70K - $90K,1,2,3352,1729
,,,,,,15/05/2012 Total,,1,2,3352,1729
,,,,,,28/10/2012,$30K - $50K,1,6,10032,3727
,,,,,,28/10/2012 Total,,1,6,10032,3727
,,,,,,21/12/2012,$30K - $50K,1,4,2890,4525
,,,,,,21/12/2012 Total,,1,4,2890,4525
,,,,,,07/02/2013,$70K - $90K,1,3,4544,5696
,,,,,,07/02/2013 Total,,1,3,4544,5696
,,,,,,05/06/2013,$10K - $30K,1,4,1759,8909
,,,,,,05/06/2013 Total,,1,4,1759,8909
,,,,,,12/11/2013,$10K - $30K,1,3,7823,13281
,,,,,,12/11/2013 Total,,1,3,7823,13281
,,,,,USA Total,,,6,22,30400,37867
,,,,CA Total,,,,6,22,30400,37867
,,,Beverly Hills Total,,,,,6,22,30400,37867
,,,Bremerton,WA,USA,05/02/2012,$130K - $150K,1,3,4066,361
,,,,,,05/02/2012 Total,,1,3,4066,361
,,,,,,24/03/2012,$50K - $70K,1,5,3124,982
,,,,,,24/03/2012 Total,,1,5,3124,982
,,,,,,06/06/2012,$30K - $50K,1,3,4711,2010
,,,,,,06/06/2012 Total,,1,3,4711,2010
,,,,,,24/01/2013,$30K - $50K,1,5,4436,5305
,,,,,,24/01/2013 Total,,1,5,4436,5305
,,,,,USA Total,,,4,16,16337,8658
,,,,WA Total,,,,4,16,16337,8658
,,,Bremerton Total,,,,,4,16,16337,8658
,,,Camacho,Zacatecas,Mexico,25/03/2013,$30K - $50K,1,5,7128,6942
,,,,,,25/03/2013 Total,,1,5,7128,6942
,,,,,,26/04/2013,$50K - $70K,1,4,5099,7801
,,,,,,26/04/2013 Total,,1,4,5099,7801
,,,,,,01/05/2013,$130K - $150K,1,3,3714,7937
,,,,,,01/05/2013 Total,,1,3,3714,7937
,,,,,,26/07/2013,$50K - $70K,1,3,1125,10289
,,,,,,26/07/2013 Total,,1,3,1125,10289
,,,,,,06/10/2013,$90K - $110K,1,4,7946,12224
,,,,,,06/10/2013 Total,,1,4,7946,12224
,,,,,,15/12/2013,$30K - $50K,1,4,4202,13958
,,,,,,15/12/2013 Total,,1,4,4202,13958
,,,,,Mexico Total,,,6,23,29214,59151
,,,,Zacatecas Total,,,,6,23,29214,59151
,,,Camacho Total,,,,,6,23,29214,59151
,,,Guadalajara,Jalisco,Mexico,24/04/2013,$30K - $50K,1,1,468,7738
,,,,,,24/04/2013 Total,,1,1,468,7738
,,,,,Mexico Total,,,1,1,468,7738
,,,,Jalisco Total,,,,1,1,468,7738
,,,Guadalajara Total,,,,,1,1,468,7738
,,,Los Angeles,CA,USA,02/01/2013,$30K - $50K,1,5,8682,4771
,,,,,,02/01/2013 Total,,1,5,8682,4771
,,,,,,29/07/2013,$50K - $70K,1,5,5663,10374
,,,,,,29/07/2013 Total,,1,5,5663,10374
,,,,,,21/10/2013,$90K - $110K,1,2,8622,12626
,,,,,,21/10/2013 Total,,1,2,8622,12626
,,,,,USA Total,,,3,12,22967,27771
,,,,CA Total,,,,3,12,22967,27771
,,,Los Angeles Total,,,,,3,12,22967,27771
,,,Merida,Yucatan,Mexico,02/07/2013,$70K - $90K,1,3,9844,9615
,,,,,,02/07/2013 Total,,1,3,9844,9615
,,,,,,04/10/2013,$30K - $50K,1,4,1119,12163
,,,,,,04/10/2013 Total,,1,4,1119,12163
,,,,,,11/10/2013,$10K - $30K,1,4,4761,12353
,,,,,,11/10/2013 Total,,1,4,4761,12353
,,,,,,28/10/2013,$10K - $30K,1,5,7356,12839
,,,,,,28/10/2013 Total,,1,5,7356,12839
,,,,,Mexico Total,,,4,16,23080,46970
,,,,Yucatan Total,,,,4,16,23080,46970
,,,Merida Total,,,,,4,16,23080,46970
,,,Orizaba,Veracruz,Mexico,13/06/2013,$30K - $50K,1,4,8821,9111
,,,,,,13/06/2013 Total,,1,4,8821,9111
,,,,,,18/06/2013,$30K - $50K,1,5,8821,9251
,,,,,,18/06/2013 Total,,1,5,8821,9251
,,,,,,16/10/2013,$10K - $30K,1,5,534,12491
,,,,,,16/10/2013 Total,,1,5,534,12491
,,,,,Mexico Total,,,3,14,18176,30853
,,,,Veracruz Total,,,,3,14,18176,30853
,,,Orizaba Total,,,,,3,14,18176,30853
,,,Portland,OR,USA,11/07/2012,$70K - $90K,1,5,5694,2394
,,,,,,11/07/2012 Total,,1,5,5694,2394
,,,,,,22/08/2012,$90K - $110K,1,4,6218,2938
,,,,,,22/08/2012 Total,,1,4,6218,2938
,,,,,,31/01/2013,$30K - $50K,1,5,8850,5489
,,,,,,31/01/2013 Total,,1,5,8850,5489
,,,,,,21/03/2013,$70K - $90K,1,4,9638,6829
,,,,,,21/03/2013 Total,,1,4,9638,6829
,,,,,,24/03/2013,$10K - $30K,1,3,4301,6915
,,,,,,24/03/2013 Total,,1,3,4301,6915
,,,,,,27/05/2013,$50K - $70K,1,5,7338,8665
,,,,,,27/05/2013 Total,,1,5,7338,8665
,,,,,,06/10/2013,$30K - $50K,1,3,2886,12235
,,,,,,06/10/2013 Total,,1,3,2886,12235
,,,,,USA Total,,,7,29,44925,45465
,,,,OR Total,,,,7,29,44925,45465
,,,Portland Total,,,,,7,29,44925,45465
,,,Salem,OR,USA,31/08/2012,$70K - $90K,1,6,6079,3030
,,,,,,31/08/2012 Total,,1,6,6079,3030
,,,,,,30/12/2012,$10K - $30K,1,5,4004,4676
,,,,,,30/12/2012 Total,,1,5,4004,4676
,,,,,,27/03/2013,$50K - $70K,1,5,6710,6981
,,,,,,27/03/2013 Total,,1,5,6710,6981
,,,,,,22/04/2013,$30K - $50K,1,5,8310,7676
,,,,,,22/04/2013 Total,,1,5,8310,7676
,,,,,,06/08/2013,$110K - $130K,1,5,9788,10590
,,,,,,06/08/2013 Total,,1,5,9788,10590
,,,,,USA Total,,,5,26,34891,32953
,,,,OR Total,,,,5,26,34891,32953
,,,Salem Total,,,,,5,26,34891,32953
,,,San Andres,DF,Mexico,29/03/2013,$50K - $70K,1,3,7863,7051
,,,,,,29/03/2013 Total,,1,3,7863,7051
,,,,,,13/05/2013,$30K - $50K,1,3,4377,8274
,,,,,,13/05/2013 Total,,1,3,4377,8274
,,,,,,12/08/2013,$10K - $30K,1,5,6361,10750
,,,,,,12/08/2013 Total,,1,5,6361,10750
,,,,,,26/09/2013,$30K - $50K,1,4,1135,11973
,,,,,,26/09/2013 Total,,1,4,1135,11973
,,,,,Mexico Total,,,4,15,19736,38048
,,,,DF Total,,,,4,15,19736,38048
,,,San Andres Total,,,,,4,15,19736,38048
,,,San Diego,CA,USA,24/02/2012,$30K - $50K,1,3,3204,581
,,,,,,24/02/2012 Total,,1,3,3204,581
,,,,,,04/03/2012,$10K - $30K,1,3,3935,693
,,,,,,04/03/2012 Total,,1,3,3935,693
,,,,,,07/07/2012,$30K - $50K,1,4,2699,2358
,,,,,,07/07/2012 Total,,1,4,2699,2358
,,,,,,17/07/2012,$110K - $130K,1,5,6262,2482
,,,,,,17/07/2012 Total,,1,5,6262,2482
,,,,,,29/08/2012,$10K - $30K,1,6,8041,3016
,,,,,,29/08/2012 Total,,1,6,8041,3016
,,,,,,06/10/2012,$10K - $30K,1,5,10012,3486
,,,,,,06/10/2012 Total,,1,5,10012,3486
,,,,,,13/11/2012,$10K - $30K,1,5,4085,3934
,,,,,,13/11/2012 Total,,1,5,4085,3934
,,,,,,31/01/2013,$10K - $30K,1,4,2220,5479
,,,,,,31/01/2013 Total,,1,4,2220,5479
,,,,,,06/04/2013,$30K - $50K,1,4,1926,7263
,,,,,,06/04/2013 Total,,1,4,1926,7263
,,,,,,03/06/2013,$50K - $70K,1,3,478,8846
,,,,,,03/06/2013 Total,,1,3,478,8846
,,,,,,04/10/2013,$110K - $130K,1,3,2168,12164
,,,,,,04/10/2013 Total,,1,3,2168,12164
,,,,,USA Total,,,11,45,45030,50302
,,,,CA Total,,,,11,45,45030,50302
,,,San Diego Total,,,,,11,45,45030,50302
,,,San Francisco,CA,USA,02/09/2012,$10K - $30K,1,3,1603,3054
,,,,,,02/09/2012 Total,,1,3,1603,3054
,,,,,USA Total,,,1,3,1603,3054
,,,,CA Total,,,,1,3,1603,3054
,,,San Francisco Total,,,,,1,3,1603,3054
,,,Seattle,WA,USA,23/01/2012,$30K - $50K,1,4,1313,193
,,,,,,23/01/2012 Total,,1,4,1313,193
,,,,,,27/02/2012,$10K - $30K,1,3,3700,605
,,,,,,27/02/2012 Total,,1,3,3700,605
,,,,,,03/03/2012,$30K - $50K,1,5,8111,674
,,,,,,03/03/2012 Total,,1,5,8111,674
,,,,,,01/06/2012,$30K - $50K,1,4,9898,1940
,,,,,,01/06/2012 Total,,1,4,9898,1940
,,,,,,13/06/2012,$10K - $30K,1,6,5826,2072
,,,,,,13/06/2012 Total,,1,6,5826,2072
,,,,,,19/07/2012,$30K - $50K,1,3,1659,2513
,,,,,,19/07/2012 Total,,1,3,1659,2513
,,,,,,14/09/2012,$10K - $30K,1,5,1205,3206
,,,,,,14/09/2012 Total,,1,5,1205,3206
,,,,,,18/11/2013,$150K +,1,4,8165,13439
,,,,,,18/11/2013 Total,,1,4,8165,13439
,,,,,USA Total,,,8,34,39877,24642
,,,,WA Total,,,,8,34,39877,24642
,,,Seattle Total,,,,,8,34,39877,24642
,,,Spokane,WA,USA,30/05/2012,$130K - $150K,1,6,1491,1916
,,,,,,30/05/2012 Total,,1,6,1491,1916
,,,,,,08/10/2012,$70K - $90K,1,2,3491,3500
,,,,,,08/10/2012 Total,,1,2,3491,3500
,,,,,,17/01/2013,$10K - $30K,1,5,6307,5126
,,,,,,17/01/2013 Total,,1,5,6307,5126
,,,,,,16/02/2013,$10K - $30K,1,5,6912,5949
,,,,,,16/02/2013 Total,,1,5,6912,5949
,,,,,,23/02/2013,$30K - $50K,1,4,7234,6159
,,,,,,23/02/2013 Total,,1,4,7234,6159
,,,,,,30/04/2013,$30K - $50K,1,3,9263,7928
,,,,,,30/04/2013 Total,,1,3,9263,7928
,,,,,,01/10/2013,$10K - $30K,1,6,6307,12113
,,,,,,01/10/2013 Total,,1,6,6307,12113
,,,,,,18/10/2013,$10K - $30K,1,6,6912,12538
,,,,,,18/10/2013 Total,,1,6,6912,12538
,,,,,USA Total,,,8,37,47917,55229
,,,,WA Total,,,,8,37,47917,55229
,,,Spokane Total,,,,,8,37,47917,55229
,,,Tacoma,WA,USA,26/01/2012,$10K - $30K,1,3,6866,227
,,,,,,26/01/2012 Total,,1,3,6866,227
,,,,,,15/02/2012,$10K - $30K,1,5,9976,477
,,,,,,15/02/2012 Total,,1,5,9976,477
,,,,,,12/08/2012,$50K - $70K,1,5,7607,2813
,,,,,,12/08/2012 Total,,1,5,7607,2813
,,,,,,17/11/2012,$130K - $150K,1,4,10015,3994
,,,,,,17/11/2012 Total,,1,4,10015,3994
,,,,,,11/02/2013,$30K - $50K,1,3,2787,5796
,,,,,,11/02/2013 Total,,1,3,2787,5796
,,,,,,23/08/2013,$50K - $70K,1,5,1607,11024
,,,,,,23/08/2013 Total,,1,5,1607,11024
,,,,,,06/10/2013,$50K - $70K,1,4,1607,12228
,,,,,,06/10/2013 Total,,1,4,1607,12228
,,,,,,20/10/2013,$30K - $50K,1,4,9734,12602
,,,,,,20/10/2013 Total,,1,4,9734,12602
,,,,,USA Total,,,8,33,50199,49161
,,,,WA Total,,,,8,33,50199,49161
,,,Tacoma Total,,,,,8,33,50199,49161
,,,Vancouver,BC,Canada,25/07/2013,$30K - $50K,1,5,5261,10268
,,,,,,25/07/2013 Total,,1,5,5261,10268
,,,,,,10/09/2013,$70K - $90K,1,5,5448,11512
,,,,,,10/09/2013 Total,,1,5,5448,11512
,,,,,,07/10/2013,$30K - $50K,1,5,4789,12260
,,,,,,07/10/2013 Total,,1,5,4789,12260
,,,,,,29/11/2013,$90K - $110K,1,2,8639,13695
,,,,,,29/11/2013 Total,,1,2,8639,13695
,,,,,Canada Total,,,4,17,24137,47735
,,,,BC Total,,,,4,17,24137,47735
,,,Vancouver Total,,,,,4,17,24137,47735
,,,Walla Walla,WA,USA,24/07/2013,$110K - $130K,1,2,2135,10238
,,,,,,24/07/2013 Total,,1,2,2135,10238
,,,,,USA Total,,,1,2,2135,10238
,,,,WA Total,,,,1,2,2135,10238
,,,Walla Walla Total,,,,,1,2,2135,10238
,,,Yakima,WA,USA,19/05/2012,$50K - $70K,1,4,10068,1770
,,,,,,19/05/2012 Total,,1,4,10068,1770
,,,,,,20/08/2013,$70K - $90K,1,5,2547,10955
,,,,,,20/08/2013 Total,,1,5,2547,10955
,,,,,USA Total,,,2,9,12615,12725
,,,,WA Total,,,,2,9,12615,12725
,,,Yakima Total,,,,,2,9,12615,12725
,,M Total,,,,,,87,355,469256,602524
,,S,Acapulco,Guerrero,Mexico,22/05/2013,$110K - $130K,1,4,6339,8517
,,,,,,22/05/2013 Total,,1,4,6339,8517
,,,,,Mexico Total,,,1,4,6339,8517
,,,,Guerrero Total,,,,1,4,6339,8517
,,,Acapulco Total,,,,,1,4,6339,8517
,,,Bellingham,WA,USA,08/10/2013,$70K - $90K,1,2,7480,12276
,,,,,,08/10/2013 Total,,1,2,7480,12276
,,,,,USA Total,,,1,2,7480,12276
,,,,WA Total,,,,1,2,7480,12276
,,,Bellingham Total,,,,,1,2,7480,12276
,,,Beverly Hills,CA,USA,05/06/2012,$70K - $90K,1,4,4307,1993
,,,,,,05/06/2012 Total,,1,4,4307,1993
,,,,,,30/12/2012,$30K - $50K,1,4,8700,4701
,,,,,,30/12/2012 Total,,1,4,8700,4701
,,,,,,07/03/2013,$10K - $30K,1,3,7660,6477
,,,,,,07/03/2013 Total,,1,3,7660,6477
,,,,,,24/03/2013,$50K - $70K,1,4,43,6897
,,,,,,24/03/2013 Total,,1,4,43,6897
,,,,,,05/10/2013,$50K - $70K,1,5,5608,12198
,,,,,,05/10/2013 Total,,1,5,5608,12198
,,,,,USA Total,,,5,20,26318,32266
,,,,CA Total,,,,5,20,26318,32266
,,,Beverly Hills Total,,,,,5,20,26318,32266
,,,Bremerton,WA,USA,18/01/2012,$30K - $50K,1,5,7743,143
,,,,,,18/01/2012 Total,,1,5,7743,143
,,,,,,19/09/2012,$130K - $150K,1,5,4065,3272
,,,,,,19/09/2012 Total,,1,5,4065,3272
,,,,,,31/07/2013,$10K - $30K,1,5,3787,10419
,,,,,,31/07/2013 Total,,1,5,3787,10419
,,,,,,15/11/2013,$150K +,1,4,760,13365
,,,,,,15/11/2013 Total,,1,4,760,13365
,,,,,USA Total,,,4,19,16355,27199
,,,,WA Total,,,,4,19,16355,27199
,,,Bremerton Total,,,,,4,19,16355,27199
,,,Camacho,Zacatecas,Mexico,25/04/2013,$50K - $70K,1,4,9820,7764
,,,,,,25/04/2013 Total,,1,4,9820,7764
,,,,,,11/09/2013,$50K - $70K,1,3,838,11525
,,,,,,11/09/2013 Total,,1,3,838,11525
,,,,,,17/09/2013,$110K - $130K,1,3,5654,11685
,,,,,,17/09/2013 Total,,1,3,5654,11685
,,,,,Mexico Total,,,3,10,16312,30974
,,,,Zacatecas Total,,,,3,10,16312,30974
,,,Camacho Total,,,,,3,10,16312,30974
,,,Hidalgo,Zacatecas,Mexico,10/04/2013,$90K - $110K,1,2,1571,7366
,,,,,,10/04/2013 Total,,1,2,1571,7366
,,,,,,21/04/2013,$50K - $70K,1,3,7633,7656
,,,,,,21/04/2013 Total,,1,3,7633,7656
,,,,,,09/05/2013,$70K - $90K,1,5,8040,8164
,,,,,,09/05/2013 Total,,1,5,8040,8164
,,,,,,19/09/2013,$70K - $90K,1,4,4325,11759
,,,,,,19/09/2013 Total,,1,4,4325,11759
,,,,,Mexico Total,,,4,14,21569,34945
,,,,Zacatecas Total,,,,4,14,21569,34945
,,,Hidalgo Total,,,,,4,14,21569,34945
,,,Los Angeles,CA,USA,30/01/2012,$10K - $30K,1,5,3480,268
,,,,,,30/01/2012 Total,,1,5,3480,268
,,,,,,29/02/2012,$130K - $150K,1,4,7206,638
,,,,,,29/02/2012 Total,,1,4,7206,638
,,,,,,02/05/2012,$30K - $50K,1,5,5387,1542
,,,,,,02/05/2012 Total,,1,5,5387,1542
,,,,,,16/05/2012,$70K - $90K,1,4,1665,1738
,,,,,,16/05/2012 Total,,1,4,1665,1738
,,,,,,02/07/2012,$10K - $30K,1,3,3216,2306
,,,,,,02/07/2012 Total,,1,3,3216,2306
,,,,,,07/11/2012,$150K +,1,4,7124,3870
,,,,,,07/11/2012 Total,,1,4,7124,3870
,,,,,,03/12/2012,$10K - $30K,1,5,4819,4220
,,,,,,03/12/2012 Total,,1,5,4819,4220
,,,,,,25/04/2013,$50K - $70K,1,6,4686,7769
,,,,,,25/04/2013 Total,,1,6,4686,7769
,,,,,,19/12/2013,$30K - $50K,1,3,1085,13991
,,,,,,19/12/2013 Total,,1,3,1085,13991
,,,,,USA Total,,,9,39,38668,36342
,,,,CA Total,,,,9,39,38668,36342
,,,Los Angeles Total,,,,,9,39,38668,36342
,,,Merida,Yucatan,Mexico,15/05/2013,$90K - $110K,1,4,1050,8317
,,,,,,15/05/2013 Total,,1,4,1050,8317
,,,,,,03/07/2013,$70K - $90K,1,6,5102,9653
,,,,,,03/07/2013 Total,,1,6,5102,9653
,,,,,,10/09/2013,$10K - $30K,1,4,1930,11490
,,,,,,10/09/2013 Total,,1,4,1930,11490
,,,,,,29/10/2013,$50K - $70K,1,4,7315,12867
,,,,,,29/10/2013 Total,,1,4,7315,12867
,,,,,Mexico Total,,,4,18,15397,42327
,,,,Yucatan Total,,,,4,18,15397,42327
,,,Merida Total,,,,,4,18,15397,42327
,,,Orizaba,Veracruz,Mexico,05/06/2013,$130K - $150K,1,4,1390,8894
,,,,,,05/06/2013 Total,,1,4,1390,8894
,,,,,,06/06/2013,$50K - $70K,1,5,5536,8919
,,,,,,06/06/2013 Total,,1,5,5536,8919
,,,,,,13/06/2013,$30K - $50K,1,5,8077,9120
,,,,,,13/06/2013 Total,,1,5,8077,9120
,,,,,,25/06/2013,$10K - $30K,1,7,5975,9439
,,,,,,25/06/2013 Total,,1,7,5975,9439
,,,,,,19/10/2013,$10K - $30K,1,5,2439,12558
,,,,,,19/10/2013 Total,,1,5,2439,12558
,,,,,,29/10/2013,$10K - $30K,1,6,8752,12868
,,,,,,29/10/2013 Total,,1,6,8752,12868
,,,,,Mexico Total,,,6,32,32169,61798
,,,,Veracruz Total,,,,6,32,32169,61798
,,,Orizaba Total,,,,,6,32,32169,61798
,,,Portland,OR,USA,21/03/2012,$30K - $50K,1,6,6051,945
,,,,,,21/03/2012 Total,,1,6,6051,945
,,,,,,05/04/2012,$30K - $50K,1,3,3801,1172
,,,,,,05/04/2012 Total,,1,3,3801,1172
,,,,,,15/07/2012,$130K - $150K,1,3,4750,2453
,,,,,,15/07/2012 Total,,1,3,4750,2453
,,,,,,04/10/2012,$30K - $50K,1,3,4614,3451
,,,,,,04/10/2012 Total,,1,3,4614,3451
,,,,,,30/12/2012,$30K - $50K,1,3,2662,4674
,,,,,,30/12/2012 Total,,1,3,2662,4674
,,,,,,21/05/2013,$110K - $130K,1,4,9383,8480
,,,,,,21/05/2013 Total,,1,4,9383,8480
,,,,,,22/09/2013,$50K - $70K,1,4,8179,11853
,,,,,,22/09/2013 Total,,1,4,8179,11853
,,,,,,18/10/2013,$30K - $50K,1,4,9884,12544
,,,,,,18/10/2013 Total,,1,4,9884,12544
,,,,,,07/11/2013,$10K - $30K,1,3,4143,13136
,,,,,,07/11/2013 Total,,1,3,4143,13136
,,,,,USA Total,,,9,33,53467,58708
,,,,OR Total,,,,9,33,53467,58708
,,,Portland Total,,,,,9,33,53467,58708
,,,Salem,OR,USA,18/01/2012,$30K - $50K,1,5,8269,155
,,,,,,18/01/2012 Total,,1,5,8269,155
,,,,,,05/08/2012,$30K - $50K,1,3,6306,2721
,,,,,,05/08/2012 Total,,1,3,6306,2721
,,,,,,29/08/2012,$30K - $50K,1,5,5147,3017
,,,,,,29/08/2012 Total,,1,5,5147,3017
,,,,,,04/03/2013,$10K - $30K,1,5,1682,6400
,,,,,,04/03/2013 Total,,1,5,1682,6400
,,,,,,13/06/2013,$10K - $30K,1,4,3243,9105
,,,,,,13/06/2013 Total,,1,4,3243,9105
,,,,,,19/06/2013,$50K - $70K,1,3,2398,9277
,,,,,,19/06/2013 Total,,1,3,2398,9277
,,,,,,22/10/2013,$30K - $50K,1,4,446,12657
,,,,,,22/10/2013 Total,,1,4,446,12657
,,,,,USA Total,,,7,29,27491,43332
,,,,OR Total,,,,7,29,27491,43332
,,,Salem Total,,,,,7,29,27491,43332
,,,San Andres,DF,Mexico,12/01/2013,$50K - $70K,1,4,3371,5007
,,,,,,12/01/2013 Total,,1,4,3371,5007
,,,,,,30/06/2013,$70K - $90K,1,4,9311,9560
,,,,,,30/06/2013 Total,,1,4,9311,9560
,,,,,,15/11/2013,$10K - $30K,1,4,2273,13370
,,,,,,15/11/2013 Total,,1,4,2273,13370
,,,,,Mexico Total,,,3,12,14955,27937
,,,,DF Total,,,,3,12,14955,27937
,,,San Andres Total,,,,,3,12,14955,27937
,,,San Diego,CA,USA,24/02/2012,$30K - $50K,1,3,9748,582
,,,,,,24/02/2012 Total,,1,3,9748,582
,,,,,,06/07/2012,$150K +,1,5,690,2348
,,,,,,06/07/2012 Total,,1,5,690,2348
,,,,,,07/11/2012,$30K - $50K,1,3,5365,3872
,,,,,,07/11/2012 Total,,1,3,5365,3872
,,,,,,21/11/2012,$50K - $70K,1,6,4476,4054
,,,,,,21/11/2012 Total,,1,6,4476,4054
,,,,,,25/04/2013,$30K - $50K,1,4,7312,7775
,,,,,,25/04/2013 Total,,1,4,7312,7775
,,,,,,15/06/2013,$110K - $130K,1,3,1504,9177
,,,,,,15/06/2013 Total,,1,3,1504,9177
,,,,,,25/08/2013,$10K - $30K,1,4,9234,11087
,,,,,,25/08/2013 Total,,1,4,9234,11087
,,,,,USA Total,,,7,28,38329,38895
,,,,CA Total,,,,7,28,38329,38895
,,,San Diego Total,,,,,7,28,38329,38895
,,,San Francisco,CA,USA,10/02/2013,$90K - $110K,1,1,3636,5783
,,,,,,10/02/2013 Total,,1,1,3636,5783
,,,,,USA Total,,,1,1,3636,5783
,,,,CA Total,,,,1,1,3636,5783
,,,San Francisco Total,,,,,1,1,3636,5783
,,,Seattle,WA,USA,24/03/2012,$30K - $50K,1,5,3932,980
,,,,,,24/03/2012 Total,,1,5,3932,980
,,,,,,11/06/2012,$110K - $130K,1,5,9623,2059
,,,,,,11/06/2012 Total,,1,5,9623,2059
,,,,,,28/06/2012,$30K - $50K,1,4,726,2250
,,,,,,28/06/2012 Total,,1,4,726,2250
,,,,,,03/03/2013,$50K - $70K,1,3,3902,6377
,,,,,,03/03/2013 Total,,1,3,3902,6377
,,,,,,24/04/2013,$30K - $50K,1,3,5240,7743
,,,,,,24/04/2013 Total,,1,3,5240,7743
,,,,,USA Total,,,5,20,23423,19409
,,,,WA Total,,,,5,20,23423,19409
,,,Seattle Total,,,,,5,20,23423,19409
,,,Spokane,WA,USA,14/06/2013,$10K - $30K,1,4,5592,9138
,,,,,,14/06/2013 Total,,1,4,5592,9138
,,,,,USA Total,,,1,4,5592,9138
,,,,WA Total,,,,1,4,5592,9138
,,,Spokane Total,,,,,1,4,5592,9138
,,,Tacoma,WA,USA,18/09/2012,$70K - $90K,1,7,6560,3254
,,,,,,18/09/2012 Total,,1,7,6560,3254
,,,,,,04/02/2013,$30K - $50K,1,4,5092,5609
,,,,,,04/02/2013 Total,,1,4,5092,5609
,,,,,,01/03/2013,$110K - $130K,1,5,7580,6320
,,,,,,01/03/2013 Total,,1,5,7580,6320
,,,,,,22/05/2013,$70K - $90K,1,3,10273,8518
,,,,,,22/05/2013 Total,,1,3,10273,8518
,,,,,,11/07/2013,$90K - $110K,1,4,6736,9880
,,,,,,11/07/2013 Total,,1,4,6736,9880
,,,,,,27/10/2013,$70K - $90K,1,3,4657,12824
,,,,,,27/10/2013 Total,,1,3,4657,12824
,,,,,USA Total,,,6,26,40898,46405
,,,,WA Total,,,,6,26,40898,46405
,,,Tacoma Total,,,,,6,26,40898,46405
,,,Vancouver,BC,Canada,10/03/2013,$30K - $50K,1,4,8212,6571
,,,,,,10/03/2013 Total,,1,4,8212,6571
,,,,,,11/05/2013,$150K +,1,5,9680,8226
,,,,,,11/05/2013 Total,,1,5,9680,8226
,,,,,,16/06/2013,$70K - $90K,1,4,3408,9190
,,,,,,16/06/2013 Total,,1,4,3408,9190
,,,,,,14/07/2013,$70K - $90K,1,5,506,9979
,,,,,,14/07/2013 Total,,1,5,506,9979
,,,,,,22/07/2013,$10K - $30K,1,3,1577,10210
,,,,,,22/07/2013 Total,,1,3,1577,10210
,,,,,,01/09/2013,$70K - $90K,1,2,1502,11283
,,,,,,01/09/2013 Total,,1,2,1502,11283
,,,,,Canada Total,,,6,23,24885,55459
,,,,BC Total,,,,6,23,24885,55459
,,,Vancouver Total,,,,,6,23,24885,55459
,,,Victoria,BC,Canada,27/06/2013,$10K - $30K,1,3,10230,9498
,,,,,,27/06/2013 Total,,1,3,10230,9498
,,,,,Canada Total,,,1,3,10230,9498
,,,,BC Total,,,,1,3,10230,9498
,,,Victoria Total,,,,,1,3,10230,9498
,,,Walla Walla,WA,USA,02/03/2013,$70K - $90K,1,3,4643,6340
,,,,,,02/03/2013 Total,,1,3,4643,6340
,,,,,USA Total,,,1,3,4643,6340
,,,,WA Total,,,,1,3,4643,6340
,,,Walla Walla Total,,,,,1,3,4643,6340
,,S Total,,,,,,84,340,428156,607548
,F Total,,,,,,,171,695,897412,1210072
,M,M,Bellingham,WA,USA,10/10/2012,$30K - $50K,1,3,6074,3530
,,,,,,10/10/2012 Total,,1,3,6074,3530
,,,,,USA Total,,,1,3,6074,3530
,,,,WA Total,,,,1,3,6074,3530
,,,Bellingham Total,,,,,1,3,6074,3530
,,,Beverly Hills,CA,USA,02/09/2012,$50K - $70K,1,5,1023,3053
,,,,,,02/09/2012 Total,,1,5,1023,3053
,,,,,,13/10/2012,$110K - $130K,1,3,3951,3568
,,,,,,13/10/2012 Total,,1,3,3951,3568
,,,,,,14/08/2013,$10K - $30K,1,5,8937,10807
,,,,,,14/08/2013 Total,,1,5,8937,10807
,,,,,USA Total,,,3,13,13911,17428
,,,,CA Total,,,,3,13,13911,17428
,,,Beverly Hills Total,,,,,3,13,13911,17428
,,,Bremerton,WA,USA,19/08/2012,$30K - $50K,1,2,5163,2892
,,,,,,19/08/2012 Total,,1,2,5163,2892
,,,,,,25/01/2013,$50K - $70K,1,2,5991,5323
,,,,,,25/01/2013 Total,,1,2,5991,5323
,,,,,,13/10/2013,$50K - $70K,1,4,4618,12417
,,,,,,13/10/2013 Total,,1,4,4618,12417
,,,,,,21/12/2013,$10K - $30K,1,4,4527,14004
,,,,,,21/12/2013 Total,,1,4,4527,14004
,,,,,USA Total,,,4,12,20299,34636
,,,,WA Total,,,,4,12,20299,34636
,,,Bremerton Total,,,,,4,12,20299,34636
,,,Guadalajara,Jalisco,Mexico,04/10/2013,$10K - $30K,1,1,9018,12157
,,,,,,04/10/2013 Total,,1,1,9018,12157
,,,,,Mexico Total,,,1,1,9018,12157
,,,,Jalisco Total,,,,1,1,9018,12157
,,,Guadalajara Total,,,,,1,1,9018,12157
,,,Hidalgo,Zacatecas,Mexico,08/09/2013,$90K - $110K,1,4,850,11445
,,,,,,08/09/2013 Total,,1,4,850,11445
,,,,,Mexico Total,,,1,4,850,11445
,,,,Zacatecas Total,,,,1,4,850,11445
,,,Hidalgo Total,,,,,1,4,850,11445
,,,Los Angeles,CA,USA,16/02/2012,$50K - $70K,1,3,7391,493
,,,,,,16/02/2012 Total,,1,3,7391,493
,,,,,,28/05/2012,$50K - $70K,1,4,5018,1886
,,,,,,28/05/2012 Total,,1,4,5018,1886
,,,,,,13/07/2012,$30K - $50K,1,5,995,2432
,,,,,,13/07/2012 Total,,1,5,995,2432
,,,,,,04/08/2012,$10K - $30K,1,2,8937,2706
,,,,,,04/08/2012 Total,,1,2,8937,2706
,,,,,,05/08/2012,$10K - $30K,1,5,8937,2718
,,,,,,05/08/2012 Total,,1,5,8937,2718
,,,,,,03/09/2012,$30K - $50K,1,4,8930,3061
,,,,,,03/09/2012 Total,,1,4,8930,3061
,,,,,,07/12/2012,$130K - $150K,1,2,3316,4287
,,,,,,07/12/2012 Total,,1,2,3316,4287
,,,,,,09/06/2013,$30K - $50K,1,3,5113,9024
,,,,,,09/06/2013 Total,,1,3,5113,9024
,,,,,,25/06/2013,$30K - $50K,1,3,2311,9426
,,,,,,25/06/2013 Total,,1,3,2311,9426
,,,,,USA Total,,,9,31,50948,36033
,,,,CA Total,,,,9,31,50948,36033
,,,Los Angeles Total,,,,,9,31,50948,36033
,,,Merida,Yucatan,Mexico,18/01/2013,$130K - $150K,1,4,2998,5145
,,,,,,18/01/2013 Total,,1,4,2998,5145
,,,,,,31/05/2013,$110K - $130K,1,4,3661,8764
,,,,,,31/05/2013 Total,,1,4,3661,8764
,,,,,,22/08/2013,$30K - $50K,1,3,9480,10998
,,,,,,22/08/2013 Total,,1,3,9480,10998
,,,,,,08/12/2013,$30K - $50K,1,5,486,13857
,,,,,,08/12/2013 Total,,1,5,486,13857
,,,,,Mexico Total,,,4,16,16625,38764
,,,,Yucatan Total,,,,4,16,16625,38764
,,,Merida Total,,,,,4,16,16625,38764
,,,Mexico City,DF,Mexico,23/05/2013,$130K - $150K,1,6,8191,8546
,,,,,,23/05/2013 Total,,1,6,8191,8546
,,,,,Mexico Total,,,1,6,8191,8546
,,,,DF Total,,,,1,6,8191,8546
,,,Mexico City Total,,,,,1,6,8191,8546
,,,Orizaba,Veracruz,Mexico,21/01/2013,$30K - $50K,1,5,5223,5225
,,,,,,21/01/2013 Total,,1,5,5223,5225
,,,,,,10/09/2013,$150K +,1,3,1641,11499
,,,,,,10/09/2013 Total,,1,3,1641,11499
,,,,,,20/09/2013,$110K - $130K,1,2,9634,11767
,,,,,,20/09/2013 Total,,1,2,9634,11767
,,,,,,20/10/2013,$50K - $70K,1,3,5053,12598
,,,,,,20/10/2013 Total,,1,3,5053,12598
,,,,,,21/10/2013,$50K - $70K,1,5,5053,12629
,,,,,,21/10/2013 Total,,1,5,5053,12629
,,,,,Mexico Total,,,5,18,26604,53718
,,,,Veracruz Total,,,,5,18,26604,53718
,,,Orizaba Total,,,,,5,18,26604,53718
,,,Portland,OR,USA,06/03/2012,$70K - $90K,1,4,3101,729
,,,,,,06/03/2012 Total,,1,4,3101,729
,,,,,,21/10/2012,$150K +,1,6,1587,3648
,,,,,,21/10/2012 Total,,1,6,1587,3648
,,,,,,16/11/2012,$10K - $30K,1,3,5733,3984
,,,,,,16/11/2012 Total,,1,3,5733,3984
,,,,,,12/08/2013,$50K - $70K,1,3,1763,10747
,,,,,,12/08/2013 Total,,1,3,1763,10747
,,,,,,12/09/2013,$30K - $50K,1,2,9335,11561
,,,,,,12/09/2013 Total,,1,2,9335,11561
,,,,,,16/09/2013,$30K - $50K,1,3,1887,11666
,,,,,,16/09/2013 Total,,1,3,1887,11666
,,,,,,09/11/2013,$10K - $30K,1,2,3986,13171
,,,,,,09/11/2013 Total,,1,2,3986,13171
,,,,,USA Total,,,7,23,27392,55506
,,,,OR Total,,,,7,23,27392,55506
,,,Portland Total,,,,,7,23,27392,55506
,,,Salem,OR,USA,14/04/2012,$10K - $30K,1,4,7410,1294
,,,,,,14/04/2012 Total,,1,4,7410,1294
,,,,,,12/08/2012,$50K - $70K,1,6,1490,2805
,,,,,,12/08/2012 Total,,1,6,1490,2805
,,,,,,25/09/2012,$50K - $70K,1,6,1721,3321
,,,,,,25/09/2012 Total,,1,6,1721,3321
,,,,,,20/12/2012,$10K - $30K,1,3,3589,4494
,,,,,,20/12/2012 Total,,1,3,3589,4494
,,,,,,29/01/2013,$30K - $50K,1,5,5734,5410
,,,,,,29/01/2013 Total,,1,5,5734,5410
,,,,,,07/05/2013,$10K - $30K,1,3,3113,8092
,,,,,,07/05/2013 Total,,1,3,3113,8092
,,,,,,10/08/2013,$50K - $70K,1,4,9929,10683
,,,,,,10/08/2013 Total,,1,4,9929,10683
,,,,,USA Total,,,7,31,32986,36099
,,,,OR Total,,,,7,31,32986,36099
,,,Salem Total,,,,,7,31,32986,36099
,,,San Andres,DF,Mexico,07/08/2013,$10K - $30K,1,2,2316,10609
,,,,,,07/08/2013 Total,,1,2,2316,10609
,,,,,,12/08/2013,$50K - $70K,1,4,4748,10759
,,,,,,12/08/2013 Total,,1,4,4748,10759
,,,,,Mexico Total,,,2,6,7064,21368
,,,,DF Total,,,,2,6,7064,21368
,,,San Andres Total,,,,,2,6,7064,21368
,,,San Diego,CA,USA,23/05/2012,$50K - $70K,1,2,3469,1831
,,,,,,23/05/2012 Total,,1,2,3469,1831
,,,,,,01/06/2012,$10K - $30K,1,4,4255,1936
,,,,,,01/06/2012 Total,,1,4,4255,1936
,,,,,,27/06/2012,$30K - $50K,1,4,8138,2243
,,,,,,27/06/2012 Total,,1,4,8138,2243
,,,,,,10/12/2012,$10K - $30K,1,3,3361,4325
,,,,,,10/12/2012 Total,,1,3,3361,4325
,,,,,,30/11/2013,$30K - $50K,1,3,3828,13731
,,,,,,30/11/2013 Total,,1,3,3828,13731
,,,,,USA Total,,,5,16,23051,24066
,,,,CA Total,,,,5,16,23051,24066
,,,San Diego Total,,,,,5,16,23051,24066
,,,Spokane,WA,USA,10/06/2013,$50K - $70K,1,4,2553,9040
,,,,,,10/06/2013 Total,,1,4,2553,9040
,,,,,,12/10/2013,$30K - $50K,1,6,5174,12385
,,,,,,12/10/2013 Total,,1,6,5174,12385
,,,,,USA Total,,,2,10,7727,21425
,,,,WA Total,,,,2,10,7727,21425
,,,Spokane Total,,,,,2,10,7727,21425
,,,Tacoma,WA,USA,24/06/2012,$10K - $30K,1,4,9937,2218
,,,,,,24/06/2012 Total,,1,4,9937,2218
,,,,,,15/09/2012,$50K - $70K,1,7,7241,3208
,,,,,,15/09/2012 Total,,1,7,7241,3208
,,,,,,22/05/2013,$30K - $50K,1,6,9327,8528
,,,,,,22/05/2013 Total,,1,6,9327,8528
,,,,,,17/06/2013,$70K - $90K,1,6,2863,9215
,,,,,,17/06/2013 Total,,1,6,2863,9215
,,,,,,13/08/2013,$30K - $50K,1,5,6162,10791
,,,,,,13/08/2013 Total,,1,5,6162,10791
,,,,,,16/08/2013,$10K - $30K,1,4,8336,10855
,,,,,,16/08/2013 Total,,1,4,8336,10855
,,,,,,29/08/2013,$130K - $150K,1,3,3691,11185
,,,,,,29/08/2013 Total,,1,3,3691,11185
,,,,,USA Total,,,7,35,47557,56000
,,,,WA Total,,,,7,35,47557,56000
,,,Tacoma Total,,,,,7,35,47557,56000
,,,Vancouver,BC,Canada,20/05/2013,$50K - $70K,1,6,4104,8445
,,,,,,20/05/2013 Total,,1,6,4104,8445
,,,,,,11/08/2013,$110K - $130K,1,3,9198,10731
,,,,,,,$30K - $50K,1,3,8723,10730
,,,,,,11/08/2013 Total,,2,6,17921,21461
,,,,,,11/10/2013,$10K - $30K,1,3,10025,12352
,,,,,,11/10/2013 Total,,1,3,10025,12352
,,,,,,31/10/2013,$30K - $50K,1,3,2733,12914
,,,,,,31/10/2013 Total,,1,3,2733,12914
,,,,,Canada Total,,,5,18,34783,55172
,,,,BC Total,,,,5,18,34783,55172
,,,Vancouver Total,,,,,5,18,34783,55172
,,,Victoria,BC,Canada,08/06/2013,$90K - $110K,1,3,5277,8996
,,,,,,08/06/2013 Total,,1,3,5277,8996
,,,,,Canada Total,,,1,3,5277,8996
,,,,BC Total,,,,1,3,5277,8996
,,,Victoria Total,,,,,1,3,5277,8996
,,,Walla Walla,WA,USA,27/01/2012,$30K - $50K,1,4,3673,247
,,,,,,27/01/2012 Total,,1,4,3673,247
,,,,,USA Total,,,1,4,3673,247
,,,,WA Total,,,,1,4,3673,247
,,,Walla Walla Total,,,,,1,4,3673,247
,,,Yakima,WA,USA,11/03/2012,$110K - $130K,1,6,5002,792
,,,,,,11/03/2012 Total,,1,6,5002,792
,,,,,,18/09/2012,$30K - $50K,1,4,1289,3245
,,,,,,18/09/2012 Total,,1,4,1289,3245
,,,,,,08/10/2012,$110K - $130K,1,4,3725,3501
,,,,,,08/10/2012 Total,,1,4,3725,3501
,,,,,,12/11/2012,$30K - $50K,1,3,5568,3921
,,,,,,12/11/2012 Total,,1,3,5568,3921
,,,,,,30/12/2012,$10K - $30K,1,6,2588,4677
,,,,,,30/12/2012 Total,,1,6,2588,4677
,,,,,,02/01/2013,$10K - $30K,1,3,1977,4754
,,,,,,02/01/2013 Total,,1,3,1977,4754
,,,,,USA Total,,,6,26,20149,20890
,,,,WA Total,,,,6,26,20149,20890
,,,Yakima Total,,,,,6,26,20149,20890
,,M Total,,,,,,72,276,362179,516026
,,S,Acapulco,Guerrero,Mexico,11/03/2013,$10K - $30K,1,3,9592,6600
,,,,,,11/03/2013 Total,,1,3,9592,6600
,,,,,,30/06/2013,$30K - $50K,1,6,8391,9566
,,,,,,30/06/2013 Total,,1,6,8391,9566
,,,,,,20/11/2013,$50K - $70K,1,5,3138,13483
,,,,,,20/11/2013 Total,,1,5,3138,13483
,,,,,Mexico Total,,,3,14,21121,29649
,,,,Guerrero Total,,,,3,14,21121,29649
,,,Acapulco Total,,,,,3,14,21121,29649
,,,Bellingham,WA,USA,20/11/2012,$150K +,1,2,6974,4039
,,,,,,20/11/2012 Total,,1,2,6974,4039
,,,,,USA Total,,,1,2,6974,4039
,,,,WA Total,,,,1,2,6974,4039
,,,Bellingham Total,,,,,1,2,6974,4039
,,,Beverly Hills,CA,USA,08/04/2012,$30K - $50K,1,4,9903,1214
,,,,,,08/04/2012 Total,,1,4,9903,1214
,,,,,,02/10/2012,$50K - $70K,1,4,7666,3415
,,,,,,02/10/2012 Total,,1,4,7666,3415
,,,,,,06/11/2012,$30K - $50K,1,4,7851,3850
,,,,,,06/11/2012 Total,,1,4,7851,3850
,,,,,,28/11/2012,$30K - $50K,1,3,391,4151
,,,,,,28/11/2012 Total,,1,3,391,4151
,,,,,,08/04/2013,$30K - $50K,1,6,9540,7317
,,,,,,08/04/2013 Total,,1,6,9540,7317
,,,,,,07/08/2013,$10K - $30K,1,5,3969,10600
,,,,,,07/08/2013 Total,,1,5,3969,10600
,,,,,,08/09/2013,$10K - $30K,1,3,5471,11435
,,,,,,08/09/2013 Total,,1,3,5471,11435
,,,,,USA Total,,,7,29,44791,41982
,,,,CA Total,,,,7,29,44791,41982
,,,Beverly Hills Total,,,,,7,29,44791,41982
,,,Bremerton,WA,USA,20/05/2012,$70K - $90K,1,5,1124,1786
,,,,,,20/05/2012 Total,,1,5,1124,1786
,,,,,,21/03/2013,$70K - $90K,1,4,6559,6831
,,,,,,21/03/2013 Total,,1,4,6559,6831
,,,,,,26/07/2013,$10K - $30K,1,6,8003,10310
,,,,,,26/07/2013 Total,,1,6,8003,10310
,,,,,,15/08/2013,$90K - $110K,1,4,9123,10834
,,,,,,15/08/2013 Total,,1,4,9123,10834
,,,,,USA Total,,,4,19,24809,29761
,,,,WA Total,,,,4,19,24809,29761
,,,Bremerton Total,,,,,4,19,24809,29761
,,,Camacho,Zacatecas,Mexico,22/08/2013,$70K - $90K,1,2,9149,11011
,,,,,,22/08/2013 Total,,1,2,9149,11011
,,,,,Mexico Total,,,1,2,9149,11011
,,,,Zacatecas Total,,,,1,2,9149,11011
,,,Camacho Total,,,,,1,2,9149,11011
,,,Hidalgo,Zacatecas,Mexico,09/07/2013,$30K - $50K,1,6,3210,9828
,,,,,,09/07/2013 Total,,1,6,3210,9828
,,,,,,08/09/2013,$10K - $30K,1,5,4953,11440
,,,,,,08/09/2013 Total,,1,5,4953,11440
,,,,,,06/10/2013,$30K - $50K,1,4,7239,12225
,,,,,,06/10/2013 Total,,1,4,7239,12225
,,,,,,22/11/2013,$30K - $50K,1,4,2221,13520
,,,,,,22/11/2013 Total,,1,4,2221,13520
,,,,,Mexico Total,,,4,19,17623,47013
,,,,Zacatecas Total,,,,4,19,17623,47013
,,,Hidalgo Total,,,,,4,19,17623,47013
,,,Los Angeles,CA,USA,13/04/2012,$130K - $150K,1,5,916,1281
,,,,,,13/04/2012 Total,,1,5,916,1281
,,,,,,25/04/2012,$90K - $110K,1,4,9355,1470
,,,,,,25/04/2012 Total,,1,4,9355,1470
,,,,,,13/07/2012,$10K - $30K,1,5,5009,2436
,,,,,,13/07/2012 Total,,1,5,5009,2436
,,,,,,15/11/2012,$30K - $50K,1,6,1215,3962
,,,,,,15/11/2012 Total,,1,6,1215,3962
,,,,,,25/12/2012,$30K - $50K,1,4,1322,4588
,,,,,,25/12/2012 Total,,1,4,1322,4588
,,,,,,26/10/2013,$30K - $50K,1,5,4061,12788
,,,,,,26/10/2013 Total,,1,5,4061,12788
,,,,,USA Total,,,6,29,21878,26525
,,,,CA Total,,,,6,29,21878,26525
,,,Los Angeles Total,,,,,6,29,21878,26525
,,,Merida,Yucatan,Mexico,01/02/2013,$70K - $90K,1,3,1419,5512
,,,,,,01/02/2013 Total,,1,3,1419,5512
,,,,,,19/06/2013,$30K - $50K,1,4,6034,9288
,,,,,,19/06/2013 Total,,1,4,6034,9288
,,,,,Mexico Total,,,2,7,7453,14800
,,,,Yucatan Total,,,,2,7,7453,14800
,,,Merida Total,,,,,2,7,7453,14800
,,,Orizaba,Veracruz,Mexico,07/05/2013,$30K - $50K,1,5,1325,8123
,,,,,,07/05/2013 Total,,1,5,1325,8123
,,,,,Mexico Total,,,1,5,1325,8123
,,,,Veracruz Total,,,,1,5,1325,8123
,,,Orizaba Total,,,,,1,5,1325,8123
,,,Portland,OR,USA,14/12/2012,$30K - $50K,1,3,9571,4403
,,,,,,14/12/2012 Total,,1,3,9571,4403
,,,,,,31/01/2013,$30K - $50K,1,5,6651,5471
,,,,,,31/01/2013 Total,,1,5,6651,5471
,,,,,,24/05/2013,$30K - $50K,1,5,1811,8570
,,,,,,24/05/2013 Total,,1,5,1811,8570
,,,,,USA Total,,,3,13,18033,18444
,,,,OR Total,,,,3,13,18033,18444
,,,Portland Total,,,,,3,13,18033,18444
,,,Salem,OR,USA,03/07/2012,$10K - $30K,1,4,9286,2315
,,,,,,03/07/2012 Total,,1,4,9286,2315
,,,,,,12/08/2012,$110K - $130K,1,5,1791,2806
,,,,,,12/08/2012 Total,,1,5,1791,2806
,,,,,,24/08/2012,$30K - $50K,1,4,1468,2955
,,,,,,24/08/2012 Total,,1,4,1468,2955
,,,,,,20/10/2012,$30K - $50K,1,5,9673,3645
,,,,,,20/10/2012 Total,,1,5,9673,3645
,,,,,,24/01/2013,$10K - $30K,1,5,5206,5291
,,,,,,24/01/2013 Total,,1,5,5206,5291
,,,,,,03/05/2013,$30K - $50K,1,3,4547,7981
,,,,,,03/05/2013 Total,,1,3,4547,7981
,,,,,,25/08/2013,$50K - $70K,1,5,1196,11077
,,,,,,25/08/2013 Total,,1,5,1196,11077
,,,,,,07/09/2013,$30K - $50K,1,6,1073,11429
,,,,,,07/09/2013 Total,,1,6,1073,11429
,,,,,,01/10/2013,$10K - $30K,1,6,6169,12086
,,,,,,01/10/2013 Total,,1,6,6169,12086
,,,,,USA Total,,,9,43,40409,59585
,,,,OR Total,,,,9,43,40409,59585
,,,Salem Total,,,,,9,43,40409,59585
,,,San Andres,DF,Mexico,07/02/2013,$130K - $150K,1,5,4747,5681
,,,,,,07/02/2013 Total,,1,5,4747,5681
,,,,,,09/07/2013,$30K - $50K,1,2,3553,9820
,,,,,,09/07/2013 Total,,1,2,3553,9820
,,,,,,18/09/2013,$30K - $50K,1,2,7934,11722
,,,,,,18/09/2013 Total,,1,2,7934,11722
,,,,,Mexico Total,,,3,9,16234,27223
,,,,DF Total,,,,3,9,16234,27223
,,,San Andres Total,,,,,3,9,16234,27223
,,,San Diego,CA,USA,20/01/2012,$10K - $30K,1,6,9810,174
,,,,,,20/01/2012 Total,,1,6,9810,174
,,,,,,26/05/2012,$10K - $30K,1,3,1838,1871
,,,,,,26/05/2012 Total,,1,3,1838,1871
,,,,,,09/08/2012,$30K - $50K,1,6,6553,2768
,,,,,,09/08/2012 Total,,1,6,6553,2768
,,,,,,27/02/2013,$30K - $50K,1,2,6772,6275
,,,,,,27/02/2013 Total,,1,2,6772,6275
,,,,,USA Total,,,4,17,24973,11088
,,,,CA Total,,,,4,17,24973,11088
,,,San Diego Total,,,,,4,17,24973,11088
,,,Seattle,WA,USA,17/03/2012,$10K - $30K,1,3,1089,883
,,,,,,17/03/2012 Total,,1,3,1089,883
,,,,,,21/04/2012,$10K - $30K,1,6,757,1412
,,,,,,21/04/2012 Total,,1,6,757,1412
,,,,,,23/05/2012,$30K - $50K,1,4,7830,1835
,,,,,,23/05/2012 Total,,1,4,7830,1835
,,,,,,12/10/2012,$70K - $90K,1,6,464,3557
,,,,,,12/10/2012 Total,,1,6,464,3557
,,,,,,19/01/2013,$10K - $30K,1,4,7562,5173
,,,,,,19/01/2013 Total,,1,4,7562,5173
,,,,,,31/03/2013,$70K - $90K,1,3,9944,7105
,,,,,,31/03/2013 Total,,1,3,9944,7105
,,,,,,03/11/2013,$70K - $90K,1,2,1646,13032
,,,,,,03/11/2013 Total,,1,2,1646,13032
,,,,,,01/12/2013,$30K - $50K,1,4,2563,13750
,,,,,,01/12/2013 Total,,1,4,2563,13750
,,,,,USA Total,,,8,32,31855,46747
,,,,WA Total,,,,8,32,31855,46747
,,,Seattle Total,,,,,8,32,31855,46747
,,,Spokane,WA,USA,01/04/2012,$130K - $150K,1,4,4767,1108
,,,,,,01/04/2012 Total,,1,4,4767,1108
,,,,,,17/07/2012,$30K - $50K,1,3,5295,2481
,,,,,,17/07/2012 Total,,1,3,5295,2481
,,,,,,06/09/2012,$10K - $30K,1,4,7502,3101
,,,,,,06/09/2012 Total,,1,4,7502,3101
,,,,,,31/12/2012,$130K - $150K,1,4,1850,4708
,,,,,,,$70K - $90K,1,4,8351,4723
,,,,,,31/12/2012 Total,,2,8,10201,9431
,,,,,,02/01/2013,$10K - $30K,1,3,2019,4751
,,,,,,02/01/2013 Total,,1,3,2019,4751
,,,,,USA Total,,,6,22,29784,20872
,,,,WA Total,,,,6,22,29784,20872
,,,Spokane Total,,,,,6,22,29784,20872
,,,Tacoma,WA,USA,18/01/2012,$10K - $30K,1,2,4564,153
,,,,,,18/01/2012 Total,,1,2,4564,153
,,,,,,12/07/2012,$90K - $110K,1,5,3539,2419
,,,,,,12/07/2012 Total,,1,5,3539,2419
,,,,,,19/09/2012,$30K - $50K,1,6,4846,3260
,,,,,,19/09/2012 Total,,1,6,4846,3260
,,,,,,02/01/2013,$30K - $50K,1,5,4892,4765
,,,,,,02/01/2013 Total,,1,5,4892,4765
,,,,,,15/01/2013,$70K - $90K,1,5,79,5067
,,,,,,15/01/2013 Total,,1,5,79,5067
,,,,,,14/04/2013,$30K - $50K,1,3,4221,7461
,,,,,,14/04/2013 Total,,1,3,4221,7461
,,,,,,01/05/2013,$30K - $50K,1,5,4873,7933
,,,,,,01/05/2013 Total,,1,5,4873,7933
,,,,,,01/06/2013,$30K - $50K,1,4,5844,8807
,,,,,,01/06/2013 Total,,1,4,5844,8807
,,,,,,12/12/2013,$30K - $50K,1,2,9224,13922
,,,,,,12/12/2013 Total,,1,2,9224,13922
,,,,,USA Total,,,9,37,42082,53787
,,,,WA Total,,,,9,37,42082,53787
,,,Tacoma Total,,,,,9,37,42082,53787
,,,Vancouver,BC,Canada,25/12/2012,$30K - $50K,1,4,6287,4598
,,,,,,25/12/2012 Total,,1,4,6287,4598
,,,,,,19/02/2013,$30K - $50K,1,4,8927,6033
,,,,,,19/02/2013 Total,,1,4,8927,6033
,,,,,,05/04/2013,$70K - $90K,1,5,4409,7226
,,,,,,05/04/2013 Total,,1,5,4409,7226
,,,,,,29/05/2013,$130K - $150K,1,3,2628,8728
,,,,,,29/05/2013 Total,,1,3,2628,8728
,,,,,,31/05/2013,$90K - $110K,1,3,291,8772
,,,,,,31/05/2013 Total,,1,3,291,8772
,,,,,,25/07/2013,$70K - $90K,1,5,7166,10278
,,,,,,25/07/2013 Total,,1,5,7166,10278
,,,,,Canada Total,,,6,24,29708,45635
,,,,BC Total,,,,6,24,29708,45635
,,,Vancouver Total,,,,,6,24,29708,45635
,,,Walla Walla,WA,USA,14/08/2012,$30K - $50K,1,3,7293,2829
,,,,,,14/08/2012 Total,,1,3,7293,2829
,,,,,,28/09/2013,$30K - $50K,1,3,9421,12023
,,,,,,28/09/2013 Total,,1,3,9421,12023
,,,,,USA Total,,,2,6,16714,14852
,,,,WA Total,,,,2,6,16714,14852
,,,Walla Walla Total,,,,,2,6,16714,14852
,,,Yakima,WA,USA,21/06/2012,$30K - $50K,1,6,6105,2174
,,,,,,21/06/2012 Total,,1,6,6105,2174
,,,,,USA Total,,,1,6,6105,2174
,,,,WA Total,,,,1,6,6105,2174
,,,Yakima Total,,,,,1,6,6105,2174
,,S Total,,,,,,80,335,411020,513310
,M Total,,,,,,,152,611,773199,1029336
Frozen Desserts Total,,,,,,,,323,1306,1670611,2239408
Frozen Entrees,F,M,Beverly Hills,CA,USA,19/11/2012,$30K - $50K,1,5,5250,4030
,,,,,,19/11/2012 Total,,1,5,5250,4030
,,,,,,17/01/2013,$70K - $90K,1,5,6317,5128
,,,,,,17/01/2013 Total,,1,5,6317,5128
,,,,,USA Total,,,2,10,11567,9158
,,,,CA Total,,,,2,10,11567,9158
,,,Beverly Hills Total,,,,,2,10,11567,9158
,,,Bremerton,WA,USA,27/06/2012,$10K - $30K,1,3,9102,2247
,,,,,,27/06/2012 Total,,1,3,9102,2247
,,,,,,02/12/2012,$30K - $50K,1,4,4436,4213
,,,,,,02/12/2012 Total,,1,4,4436,4213
,,,,,,01/02/2013,$50K - $70K,1,4,3124,5526
,,,,,,01/02/2013 Total,,1,4,3124,5526
,,,,,USA Total,,,3,11,16662,11986
,,,,WA Total,,,,3,11,16662,11986
,,,Bremerton Total,,,,,3,11,16662,11986
,,,Camacho,Zacatecas,Mexico,06/01/2013,$50K - $70K,1,4,5099,4859
,,,,,,06/01/2013 Total,,1,4,5099,4859
,,,,,Mexico Total,,,1,4,5099,4859
,,,,Zacatecas Total,,,,1,4,5099,4859
,,,Camacho Total,,,,,1,4,5099,4859
,,,Hidalgo,Zacatecas,Mexico,21/01/2013,$50K - $70K,1,4,4579,5239
,,,,,,21/01/2013 Total,,1,4,4579,5239
,,,,,,25/04/2013,$30K - $50K,1,5,5114,7783
,,,,,,25/04/2013 Total,,1,5,5114,7783
,,,,,Mexico Total,,,2,9,9693,13022
,,,,Zacatecas Total,,,,2,9,9693,13022
,,,Hidalgo Total,,,,,2,9,9693,13022
,,,Los Angeles,CA,USA,11/10/2012,$30K - $50K,1,4,8048,3546
,,,,,,11/10/2012 Total,,1,4,8048,3546
,,,,,,01/04/2013,$10K - $30K,1,5,1731,7141
,,,,,,01/04/2013 Total,,1,5,1731,7141
,,,,,USA Total,,,2,9,9779,10687
,,,,CA Total,,,,2,9,9779,10687
,,,Los Angeles Total,,,,,2,9,9779,10687
,,,Merida,Yucatan,Mexico,28/06/2013,$70K - $90K,1,3,8592,9507
,,,,,,28/06/2013 Total,,1,3,8592,9507
,,,,,Mexico Total,,,1,3,8592,9507
,,,,Yucatan Total,,,,1,3,8592,9507
,,,Merida Total,,,,,1,3,8592,9507
,,,Mexico City,DF,Mexico,22/09/2013,$10K - $30K,1,5,337,11821
,,,,,,22/09/2013 Total,,1,5,337,11821
,,,,,Mexico Total,,,1,5,337,11821
,,,,DF Total,,,,1,5,337,11821
,,,Mexico City Total,,,,,1,5,337,11821
,,,Portland,OR,USA,12/04/2012,$50K - $70K,1,4,9098,1263
,,,,,,12/04/2012 Total,,1,4,9098,1263
,,,,,,10/09/2012,$10K - $30K,1,2,6452,3147
,,,,,,10/09/2012 Total,,1,2,6452,3147
,,,,,,27/10/2013,$70K - $90K,1,4,10166,12823
,,,,,,27/10/2013 Total,,1,4,10166,12823
,,,,,USA Total,,,3,10,25716,17233
,,,,OR Total,,,,3,10,25716,17233
,,,Portland Total,,,,,3,10,25716,17233
,,,Salem,OR,USA,05/09/2013,$30K - $50K,1,4,6956,11373
,,,,,,05/09/2013 Total,,1,4,6956,11373
,,,,,USA Total,,,1,4,6956,11373
,,,,OR Total,,,,1,4,6956,11373
,,,Salem Total,,,,,1,4,6956,11373
,,,San Diego,CA,USA,28/11/2012,$70K - $90K,1,4,2893,4159
,,,,,,28/11/2012 Total,,1,4,2893,4159
,,,,,USA Total,,,1,4,2893,4159
,,,,CA Total,,,,1,4,2893,4159
,,,San Diego Total,,,,,1,4,2893,4159
,,,San Francisco,CA,USA,16/08/2013,$110K - $130K,1,3,6520,10869
,,,,,,16/08/2013 Total,,1,3,6520,10869
,,,,,USA Total,,,1,3,6520,10869
,,,,CA Total,,,,1,3,6520,10869
,,,San Francisco Total,,,,,1,3,6520,10869
,,,Seattle,WA,USA,18/04/2012,$50K - $70K,1,4,8524,1357
,,,,,,18/04/2012 Total,,1,4,8524,1357
,,,,,,22/05/2013,$70K - $90K,1,5,319,8508
,,,,,,22/05/2013 Total,,1,5,319,8508
,,,,,,23/09/2013,$30K - $50K,1,3,4815,11864
,,,,,,23/09/2013 Total,,1,3,4815,11864
,,,,,USA Total,,,3,12,13658,21729
,,,,WA Total,,,,3,12,13658,21729
,,,Seattle Total,,,,,3,12,13658,21729
,,,Spokane,WA,USA,19/11/2012,$30K - $50K,1,4,10173,4029
,,,,,,19/11/2012 Total,,1,4,10173,4029
,,,,,,06/06/2013,$150K +,1,3,4727,8927
,,,,,,06/06/2013 Total,,1,3,4727,8927
,,,,,USA Total,,,2,7,14900,12956
,,,,WA Total,,,,2,7,14900,12956
,,,Spokane Total,,,,,2,7,14900,12956
,,,Tacoma,WA,USA,24/12/2012,$70K - $90K,1,4,4498,4572
,,,,,,24/12/2012 Total,,1,4,4498,4572
,,,,,,06/01/2013,$30K - $50K,1,4,9006,4849
,,,,,,06/01/2013 Total,,1,4,9006,4849
,,,,,,28/08/2013,$10K - $30K,1,5,7831,11155
,,,,,,28/08/2013 Total,,1,5,7831,11155
,,,,,,10/10/2013,$30K - $50K,1,5,3528,12334
,,,,,,10/10/2013 Total,,1,5,3528,12334
,,,,,USA Total,,,4,18,24863,32910
,,,,WA Total,,,,4,18,24863,32910
,,,Tacoma Total,,,,,4,18,24863,32910
,,,Walla Walla,WA,USA,31/08/2012,$10K - $30K,1,3,1974,3040
,,,,,,31/08/2012 Total,,1,3,1974,3040
,,,,,,03/08/2013,$90K - $110K,1,2,2776,10521
,,,,,,03/08/2013 Total,,1,2,2776,10521
,,,,,USA Total,,,2,5,4750,13561
,,,,WA Total,,,,2,5,4750,13561
,,,Walla Walla Total,,,,,2,5,4750,13561
,,,Yakima,WA,USA,06/07/2013,$130K - $150K,1,3,8578,9731
,,,,,,06/07/2013 Total,,1,3,8578,9731
,,,,,USA Total,,,1,3,8578,9731
,,,,WA Total,,,,1,3,8578,9731
,,,Yakima Total,,,,,1,3,8578,9731
,,M Total,,,,,,30,117,170563,205561
,,S,Acapulco,Guerrero,Mexico,02/11/2013,$30K - $50K,1,5,7734,12992
,,,,,,02/11/2013 Total,,1,5,7734,12992
,,,,,Mexico Total,,,1,5,7734,12992
,,,,Guerrero Total,,,,1,5,7734,12992
,,,Acapulco Total,,,,,1,5,7734,12992
,,,Bellingham,WA,USA,14/08/2013,$30K - $50K,1,3,4940,10822
,,,,,,14/08/2013 Total,,1,3,4940,10822
,,,,,USA Total,,,1,3,4940,10822
,,,,WA Total,,,,1,3,4940,10822
,,,Bellingham Total,,,,,1,3,4940,10822
,,,Beverly Hills,CA,USA,20/10/2012,$10K - $30K,1,3,3480,3641
,,,,,,20/10/2012 Total,,1,3,3480,3641
,,,,,,22/04/2013,$30K - $50K,1,4,3903,7700
,,,,,,22/04/2013 Total,,1,4,3903,7700
,,,,,USA Total,,,2,7,7383,11341
,,,,CA Total,,,,2,7,7383,11341
,,,Beverly Hills Total,,,,,2,7,7383,11341
,,,Bremerton,WA,USA,26/04/2012,$10K - $30K,1,4,3218,1478
,,,,,,26/04/2012 Total,,1,4,3218,1478
,,,,,USA Total,,,1,4,3218,1478
,,,,WA Total,,,,1,4,3218,1478
,,,Bremerton Total,,,,,1,4,3218,1478
,,,Camacho,Zacatecas,Mexico,11/06/2013,$50K - $70K,1,4,8405,9073
,,,,,,11/06/2013 Total,,1,4,8405,9073
,,,,,Mexico Total,,,1,4,8405,9073
,,,,Zacatecas Total,,,,1,4,8405,9073
,,,Camacho Total,,,,,1,4,8405,9073
,,,Guadalajara,Jalisco,Mexico,08/02/2013,$110K - $130K,1,4,349,5712
,,,,,,08/02/2013 Total,,1,4,349,5712
,,,,,Mexico Total,,,1,4,349,5712
,,,,Jalisco Total,,,,1,4,349,5712
,,,Guadalajara Total,,,,,1,4,349,5712
,,,Hidalgo,Zacatecas,Mexico,17/05/2013,$90K - $110K,1,5,1942,8384
,,,,,,17/05/2013 Total,,1,5,1942,8384
,,,,,,28/05/2013,$30K - $50K,1,2,1636,8693
,,,,,,28/05/2013 Total,,1,2,1636,8693
,,,,,,22/06/2013,$50K - $70K,1,3,4914,9365
,,,,,,22/06/2013 Total,,1,3,4914,9365
,,,,,,01/07/2013,$30K - $50K,1,3,5148,9601
,,,,,,01/07/2013 Total,,1,3,5148,9601
,,,,,,19/09/2013,$30K - $50K,1,5,272,11750
,,,,,,19/09/2013 Total,,1,5,272,11750
,,,,,,26/10/2013,$70K - $90K,1,5,4049,12796
,,,,,,26/10/2013 Total,,1,5,4049,12796
,,,,,Mexico Total,,,6,23,17961,60589
,,,,Zacatecas Total,,,,6,23,17961,60589
,,,Hidalgo Total,,,,,6,23,17961,60589
,,,Los Angeles,CA,USA,23/05/2013,$10K - $30K,1,4,6174,8531
,,,,,,23/05/2013 Total,,1,4,6174,8531
,,,,,USA Total,,,1,4,6174,8531
,,,,CA Total,,,,1,4,6174,8531
,,,Los Angeles Total,,,,,1,4,6174,8531
,,,Portland,OR,USA,31/08/2012,$10K - $30K,1,3,3350,3038
,,,,,,31/08/2012 Total,,1,3,3350,3038
,,,,,,17/05/2013,$30K - $50K,1,3,6018,8372
,,,,,,17/05/2013 Total,,1,3,6018,8372
,,,,,USA Total,,,2,6,9368,11410
,,,,OR Total,,,,2,6,9368,11410
,,,Portland Total,,,,,2,6,9368,11410
,,,Salem,OR,USA,10/03/2012,$10K - $30K,1,6,1154,778
,,,,,,10/03/2012 Total,,1,6,1154,778
,,,,,,20/04/2012,$50K - $70K,1,5,6163,1386
,,,,,,20/04/2012 Total,,1,5,6163,1386
,,,,,,25/05/2012,$110K - $130K,1,2,3937,1852
,,,,,,25/05/2012 Total,,1,2,3937,1852
,,,,,,22/08/2012,$30K - $50K,1,3,3759,2925
,,,,,,22/08/2012 Total,,1,3,3759,2925
,,,,,,07/05/2013,$10K - $30K,1,3,7182,8117
,,,,,,07/05/2013 Total,,1,3,7182,8117
,,,,,USA Total,,,5,19,22195,15058
,,,,OR Total,,,,5,19,22195,15058
,,,Salem Total,,,,,5,19,22195,15058
,,,San Andres,DF,Mexico,09/01/2013,$50K - $70K,1,2,3035,4936
,,,,,,09/01/2013 Total,,1,2,3035,4936
,,,,,,26/05/2013,$50K - $70K,1,4,6962,8639
,,,,,,26/05/2013 Total,,1,4,6962,8639
,,,,,Mexico Total,,,2,6,9997,13575
,,,,DF Total,,,,2,6,9997,13575
,,,San Andres Total,,,,,2,6,9997,13575
,,,Seattle,WA,USA,20/10/2013,$110K - $130K,1,4,2459,12603
,,,,,,20/10/2013 Total,,1,4,2459,12603
,,,,,USA Total,,,1,4,2459,12603
,,,,WA Total,,,,1,4,2459,12603
,,,Seattle Total,,,,,1,4,2459,12603
,,,Spokane,WA,USA,29/11/2012,$70K - $90K,1,4,5742,4163
,,,,,,29/11/2012 Total,,1,4,5742,4163
,,,,,,29/04/2013,$10K - $30K,1,4,9928,7884
,,,,,,29/04/2013 Total,,1,4,9928,7884
,,,,,,14/07/2013,$70K - $90K,1,4,5742,9976
,,,,,,14/07/2013 Total,,1,4,5742,9976
,,,,,USA Total,,,3,12,21412,22023
,,,,WA Total,,,,3,12,21412,22023
,,,Spokane Total,,,,,3,12,21412,22023
,,,Tacoma,WA,USA,27/01/2013,$70K - $90K,1,4,9715,5369
,,,,,,27/01/2013 Total,,1,4,9715,5369
,,,,,USA Total,,,1,4,9715,5369
,,,,WA Total,,,,1,4,9715,5369
,,,Tacoma Total,,,,,1,4,9715,5369
,,,Victoria,BC,Canada,19/08/2013,$70K - $90K,1,5,3365,10928
,,,,,,19/08/2013 Total,,1,5,3365,10928
,,,,,Canada Total,,,1,5,3365,10928
,,,,BC Total,,,,1,5,3365,10928
,,,Victoria Total,,,,,1,5,3365,10928
,,,Yakima,WA,USA,30/12/2012,$30K - $50K,1,4,6541,4695
,,,,,,30/12/2012 Total,,1,4,6541,4695
,,,,,,04/02/2013,$30K - $50K,1,5,10225,5597
,,,,,,04/02/2013 Total,,1,5,10225,5597
,,,,,,31/08/2013,$10K - $30K,1,3,10226,11252
,,,,,,31/08/2013 Total,,1,3,10226,11252
,,,,,USA Total,,,3,12,26992,21544
,,,,WA Total,,,,3,12,26992,21544
,,,Yakima Total,,,,,3,12,26992,21544
,,S Total,,,,,,32,122,161667,233048
,F Total,,,,,,,62,239,332230,438609
,M,M,Acapulco,Guerrero,Mexico,27/04/2013,$90K - $110K,1,4,4531,7842
,,,,,,27/04/2013 Total,,1,4,4531,7842
,,,,,Mexico Total,,,1,4,4531,7842
,,,,Guerrero Total,,,,1,4,4531,7842
,,,Acapulco Total,,,,,1,4,4531,7842
,,,Beverly Hills,CA,USA,07/12/2012,$70K - $90K,1,6,1144,4294
,,,,,,07/12/2012 Total,,1,6,1144,4294
,,,,,USA Total,,,1,6,1144,4294
,,,,CA Total,,,,1,6,1144,4294
,,,Beverly Hills Total,,,,,1,6,1144,4294
,,,Bremerton,WA,USA,03/12/2012,$50K - $70K,1,3,8404,4226
,,,,,,03/12/2012 Total,,1,3,8404,4226
,,,,,,22/09/2013,$30K - $50K,1,4,7849,11825
,,,,,,22/09/2013 Total,,1,4,7849,11825
,,,,,USA Total,,,2,7,16253,16051
,,,,WA Total,,,,2,7,16253,16051
,,,Bremerton Total,,,,,2,7,16253,16051
,,,Camacho,Zacatecas,Mexico,26/05/2013,$50K - $70K,1,3,48,8624
,,,,,,26/05/2013 Total,,1,3,48,8624
,,,,,Mexico Total,,,1,3,48,8624
,,,,Zacatecas Total,,,,1,3,48,8624
,,,Camacho Total,,,,,1,3,48,8624
,,,Los Angeles,CA,USA,19/02/2012,$50K - $70K,1,3,5503,517
,,,,,,19/02/2012 Total,,1,3,5503,517
,,,,,,18/03/2012,$10K - $30K,1,4,2389,888
,,,,,,18/03/2012 Total,,1,4,2389,888
,,,,,,14/09/2012,$30K - $50K,1,3,2194,3202
,,,,,,14/09/2012 Total,,1,3,2194,3202
,,,,,USA Total,,,3,10,10086,4607
,,,,CA Total,,,,3,10,10086,4607
,,,Los Angeles Total,,,,,3,10,10086,4607
,,,Merida,Yucatan,Mexico,27/09/2013,$30K - $50K,1,3,486,12002
,,,,,,27/09/2013 Total,,1,3,486,12002
,,,,,Mexico Total,,,1,3,486,12002
,,,,Yucatan Total,,,,1,3,486,12002
,,,Merida Total,,,,,1,3,486,12002
,,,Portland,OR,USA,24/07/2013,$90K - $110K,1,4,1594,10252
,,,,,,24/07/2013 Total,,1,4,1594,10252
,,,,,USA Total,,,1,4,1594,10252
,,,,OR Total,,,,1,4,1594,10252
,,,Portland Total,,,,,1,4,1594,10252
,,,Salem,OR,USA,28/07/2012,$30K - $50K,1,6,3682,2617
,,,,,,28/07/2012 Total,,1,6,3682,2617
,,,,,,21/10/2012,$50K - $70K,1,6,8619,3650
,,,,,,21/10/2012 Total,,1,6,8619,3650
,,,,,USA Total,,,2,12,12301,6267
,,,,OR Total,,,,2,12,12301,6267
,,,Salem Total,,,,,2,12,12301,6267
,,,San Andres,DF,Mexico,05/01/2013,$50K - $70K,1,5,6855,4835
,,,,,,05/01/2013 Total,,1,5,6855,4835
,,,,,Mexico Total,,,1,5,6855,4835
,,,,DF Total,,,,1,5,6855,4835
,,,San Andres Total,,,,,1,5,6855,4835
,,,San Diego,CA,USA,02/02/2012,$30K - $50K,1,5,1114,314
,,,,,,02/02/2012 Total,,1,5,1114,314
,,,,,,06/07/2013,$110K - $130K,1,5,918,9747
,,,,,,06/07/2013 Total,,1,5,918,9747
,,,,,,27/10/2013,$70K - $90K,1,3,9195,12820
,,,,,,27/10/2013 Total,,1,3,9195,12820
,,,,,USA Total,,,3,13,11227,22881
,,,,CA Total,,,,3,13,11227,22881
,,,San Diego Total,,,,,3,13,11227,22881
,,,San Francisco,CA,USA,25/03/2012,$110K - $130K,1,2,4617,993
,,,,,,25/03/2012 Total,,1,2,4617,993
,,,,,USA Total,,,1,2,4617,993
,,,,CA Total,,,,1,2,4617,993
,,,San Francisco Total,,,,,1,2,4617,993
,,,Seattle,WA,USA,16/07/2012,$90K - $110K,1,5,4739,2469
,,,,,,16/07/2012 Total,,1,5,4739,2469
,,,,,USA Total,,,1,5,4739,2469
,,,,WA Total,,,,1,5,4739,2469
,,,Seattle Total,,,,,1,5,4739,2469
,,,Spokane,WA,USA,30/04/2012,$70K - $90K,1,3,2570,1521
,,,,,,30/04/2012 Total,,1,3,2570,1521
,,,,,,27/07/2012,$70K - $90K,1,2,3567,2614
,,,,,,27/07/2012 Total,,1,2,3567,2614
,,,,,,24/12/2012,$110K - $130K,1,5,6712,4581
,,,,,,24/12/2012 Total,,1,5,6712,4581
,,,,,USA Total,,,3,10,12849,8716
,,,,WA Total,,,,3,10,12849,8716
,,,Spokane Total,,,,,3,10,12849,8716
,,,Tacoma,WA,USA,10/01/2013,$10K - $30K,1,5,8414,4945
,,,,,,10/01/2013 Total,,1,5,8414,4945
,,,,,,15/10/2013,$10K - $30K,1,4,8466,12478
,,,,,,15/10/2013 Total,,1,4,8466,12478
,,,,,USA Total,,,2,9,16880,17423
,,,,WA Total,,,,2,9,16880,17423
,,,Tacoma Total,,,,,2,9,16880,17423
,,,Vancouver,BC,Canada,29/09/2013,$110K - $130K,1,4,2575,12068
,,,,,,29/09/2013 Total,,1,4,2575,12068
,,,,,,19/10/2013,$10K - $30K,1,6,7454,12585
,,,,,,19/10/2013 Total,,1,6,7454,12585
,,,,,Canada Total,,,2,10,10029,24653
,,,,BC Total,,,,2,10,10029,24653
,,,Vancouver Total,,,,,2,10,10029,24653
,,M Total,,,,,,25,103,113639,151909
,,S,Bellingham,WA,USA,04/03/2013,$50K - $70K,1,4,3060,6402
,,,,,,04/03/2013 Total,,1,4,3060,6402
,,,,,USA Total,,,1,4,3060,6402
,,,,WA Total,,,,1,4,3060,6402
,,,Bellingham Total,,,,,1,4,3060,6402
,,,Bremerton,WA,USA,11/11/2013,$50K - $70K,1,5,3065,13240
,,,,,,11/11/2013 Total,,1,5,3065,13240
,,,,,USA Total,,,1,5,3065,13240
,,,,WA Total,,,,1,5,3065,13240
,,,Bremerton Total,,,,,1,5,3065,13240
,,,Hidalgo,Zacatecas,Mexico,03/08/2013,$30K - $50K,1,4,5757,10506
,,,,,,03/08/2013 Total,,1,4,5757,10506
,,,,,Mexico Total,,,1,4,5757,10506
,,,,Zacatecas Total,,,,1,4,5757,10506
,,,Hidalgo Total,,,,,1,4,5757,10506
,,,Merida,Yucatan,Mexico,16/05/2013,$70K - $90K,1,5,6632,8355
,,,,,,16/05/2013 Total,,1,5,6632,8355
,,,,,,01/10/2013,$130K - $150K,1,5,6033,12102
,,,,,,01/10/2013 Total,,1,5,6033,12102
,,,,,Mexico Total,,,2,10,12665,20457
,,,,Yucatan Total,,,,2,10,12665,20457
,,,Merida Total,,,,,2,10,12665,20457
,,,Mexico City,DF,Mexico,02/11/2013,$30K - $50K,1,5,911,12986
,,,,,,02/11/2013 Total,,1,5,911,12986
,,,,,Mexico Total,,,1,5,911,12986
,,,,DF Total,,,,1,5,911,12986
,,,Mexico City Total,,,,,1,5,911,12986
,,,Orizaba,Veracruz,Mexico,09/09/2013,$50K - $70K,1,4,5318,11471
,,,,,,09/09/2013 Total,,1,4,5318,11471
,,,,,Mexico Total,,,1,4,5318,11471
,,,,Veracruz Total,,,,1,4,5318,11471
,,,Orizaba Total,,,,,1,4,5318,11471
,,,Portland,OR,USA,30/04/2012,$10K - $30K,1,3,4677,1519
,,,,,,30/04/2012 Total,,1,3,4677,1519
,,,,,,04/12/2012,$90K - $110K,1,4,8570,4246
,,,,,,04/12/2012 Total,,1,4,8570,4246
,,,,,,15/12/2012,$110K - $130K,1,3,7131,4416
,,,,,,15/12/2012 Total,,1,3,7131,4416
,,,,,,10/03/2013,$10K - $30K,1,4,6709,6558
,,,,,,10/03/2013 Total,,1,4,6709,6558
,,,,,USA Total,,,4,14,27087,16739
,,,,OR Total,,,,4,14,27087,16739
,,,Portland Total,,,,,4,14,27087,16739
,,,Salem,OR,USA,22/03/2012,$30K - $50K,1,3,4423,963
,,,,,,22/03/2012 Total,,1,3,4423,963
,,,,,,09/07/2012,$30K - $50K,1,4,1468,2382
,,,,,,09/07/2012 Total,,1,4,1468,2382
,,,,,,30/12/2012,$70K - $90K,1,4,9236,4684
,,,,,,30/12/2012 Total,,1,4,9236,4684
,,,,,,30/09/2013,$50K - $70K,1,6,2479,12069
,,,,,,30/09/2013 Total,,1,6,2479,12069
,,,,,USA Total,,,4,17,17606,20098
,,,,OR Total,,,,4,17,17606,20098
,,,Salem Total,,,,,4,17,17606,20098
,,,San Andres,DF,Mexico,29/06/2013,$30K - $50K,1,5,248,9539
,,,,,,29/06/2013 Total,,1,5,248,9539
,,,,,Mexico Total,,,1,5,248,9539
,,,,DF Total,,,,1,5,248,9539
,,,San Andres Total,,,,,1,5,248,9539
,,,San Diego,CA,USA,21/07/2013,$30K - $50K,1,2,8448,10169
,,,,,,21/07/2013 Total,,1,2,8448,10169
,,,,,,04/08/2013,$130K - $150K,1,2,366,10534
,,,,,,04/08/2013 Total,,1,2,366,10534
,,,,,,02/09/2013,$130K - $150K,1,5,366,11291
,,,,,,02/09/2013 Total,,1,5,366,11291
,,,,,USA Total,,,3,9,9180,31994
,,,,CA Total,,,,3,9,9180,31994
,,,San Diego Total,,,,,3,9,9180,31994
,,,Seattle,WA,USA,27/04/2013,$70K - $90K,1,3,8926,7836
,,,,,,27/04/2013 Total,,1,3,8926,7836
,,,,,USA Total,,,1,3,8926,7836
,,,,WA Total,,,,1,3,8926,7836
,,,Seattle Total,,,,,1,3,8926,7836
,,,Spokane,WA,USA,15/06/2013,$30K - $50K,1,5,4397,9185
,,,,,,15/06/2013 Total,,1,5,4397,9185
,,,,,USA Total,,,1,5,4397,9185
,,,,WA Total,,,,1,5,4397,9185
,,,Spokane Total,,,,,1,5,4397,9185
,,,Tacoma,WA,USA,21/12/2012,$30K - $50K,1,3,4892,4523
,,,,,,21/12/2012 Total,,1,3,4892,4523
,,,,,USA Total,,,1,3,4892,4523
,,,,WA Total,,,,1,3,4892,4523
,,,Tacoma Total,,,,,1,3,4892,4523
,,,Vancouver,BC,Canada,04/09/2013,$150K +,1,5,8827,11336
,,,,,,04/09/2013 Total,,1,5,8827,11336
,,,,,,24/10/2013,$30K - $50K,1,4,6818,12741
,,,,,,24/10/2013 Total,,1,4,6818,12741
,,,,,,22/11/2013,$110K - $130K,1,5,1116,13531
,,,,,,22/11/2013 Total,,1,5,1116,13531
,,,,,Canada Total,,,3,14,16761,37608
,,,,BC Total,,,,3,14,16761,37608
,,,Vancouver Total,,,,,3,14,16761,37608
,,,Victoria,BC,Canada,20/04/2013,$130K - $150K,1,3,156,7633
,,,,,,20/04/2013 Total,,1,3,156,7633
,,,,,,26/11/2013,$30K - $50K,1,4,3916,13638
,,,,,,26/11/2013 Total,,1,4,3916,13638
,,,,,Canada Total,,,2,7,4072,21271
,,,,BC Total,,,,2,7,4072,21271
,,,Victoria Total,,,,,2,7,4072,21271
,,,Yakima,WA,USA,12/05/2012,$50K - $70K,1,5,7276,1693
,,,,,,12/05/2012 Total,,1,5,7276,1693
,,,,,,05/04/2013,$90K - $110K,1,3,4958,7234
,,,,,,05/04/2013 Total,,1,3,4958,7234
,,,,,,07/04/2013,$50K - $70K,1,4,3819,7272
,,,,,,07/04/2013 Total,,1,4,3819,7272
,,,,,,08/10/2013,$30K - $50K,1,4,9176,12280
,,,,,,08/10/2013 Total,,1,4,9176,12280
,,,,,USA Total,,,4,16,25229,28479
,,,,WA Total,,,,4,16,25229,28479
,,,Yakima Total,,,,,4,16,25229,28479
,,S Total,,,,,,31,125,149174,262334
,M Total,,,,,,,56,228,262813,414243
Frozen Entrees Total,,,,,,,,118,467,595043,852852
Fruit,F,M,Acapulco,Guerrero,Mexico,08/02/2013,$10K - $30K,1,3,649,5722
,,,,,,08/02/2013 Total,,1,3,649,5722
,,,,,,21/04/2013,$50K - $70K,1,4,491,7662
,,,,,,21/04/2013 Total,,1,4,491,7662
,,,,,,16/06/2013,$30K - $50K,1,2,872,9189
,,,,,,16/06/2013 Total,,1,2,872,9189
,,,,,Mexico Total,,,3,9,2012,22573
,,,,Guerrero Total,,,,3,9,2012,22573
,,,Acapulco Total,,,,,3,9,2012,22573
,,,Bellingham,WA,USA,02/04/2012,$130K - $150K,1,4,7462,1119
,,,,,,02/04/2012 Total,,1,4,7462,1119
,,,,,USA Total,,,1,4,7462,1119
,,,,WA Total,,,,1,4,7462,1119
,,,Bellingham Total,,,,,1,4,7462,1119
,,,Beverly Hills,CA,USA,20/04/2012,$50K - $70K,1,4,8757,1397
,,,,,,20/04/2012 Total,,1,4,8757,1397
,,,,,,29/06/2012,$90K - $110K,1,3,907,2282
,,,,,,29/06/2012 Total,,1,3,907,2282
,,,,,,20/10/2012,$30K - $50K,1,5,2779,3638
,,,,,,20/10/2012 Total,,1,5,2779,3638
,,,,,,23/12/2012,$10K - $30K,1,6,7571,4558
,,,,,,23/12/2012 Total,,1,6,7571,4558
,,,,,,21/02/2013,$10K - $30K,1,3,8815,6092
,,,,,,21/02/2013 Total,,1,3,8815,6092
,,,,,,23/02/2013,$110K - $130K,1,4,10101,6151
,,,,,,23/02/2013 Total,,1,4,10101,6151
,,,,,,16/08/2013,$30K - $50K,1,4,2621,10844
,,,,,,16/08/2013 Total,,1,4,2621,10844
,,,,,,28/09/2013,$50K - $70K,1,4,1031,12019
,,,,,,28/09/2013 Total,,1,4,1031,12019
,,,,,,17/11/2013,$30K - $50K,1,6,6123,13412
,,,,,,17/11/2013 Total,,1,6,6123,13412
,,,,,USA Total,,,9,39,48705,60393
,,,,CA Total,,,,9,39,48705,60393
,,,Beverly Hills Total,,,,,9,39,48705,60393
,,,Bremerton,WA,USA,26/02/2012,$30K - $50K,1,4,1442,602
,,,,,,26/02/2012 Total,,1,4,1442,602
,,,,,,26/05/2012,$10K - $30K,1,5,1634,1855
,,,,,,26/05/2012 Total,,1,5,1634,1855
,,,,,,15/07/2012,$30K - $50K,1,6,5216,2463
,,,,,,15/07/2012 Total,,1,6,5216,2463
,,,,,,22/07/2012,$50K - $70K,1,5,4541,2551
,,,,,,22/07/2012 Total,,1,5,4541,2551
,,,,,,21/09/2012,$10K - $30K,1,5,7056,3292
,,,,,,21/09/2012 Total,,1,5,7056,3292
,,,,,,16/01/2013,$50K - $70K,1,2,8731,5102
,,,,,,16/01/2013 Total,,1,2,8731,5102
,,,,,,22/05/2013,$50K - $70K,1,4,6107,8524
,,,,,,22/05/2013 Total,,1,4,6107,8524
,,,,,,15/09/2013,$50K - $70K,1,3,4541,11632
,,,,,,15/09/2013 Total,,1,3,4541,11632
,,,,,,25/11/2013,$50K - $70K,1,4,8731,13615
,,,,,,25/11/2013 Total,,1,4,8731,13615
,,,,,,25/12/2013,$30K - $50K,1,5,4105,14033
,,,,,,25/12/2013 Total,,1,5,4105,14033
,,,,,USA Total,,,10,43,52104,63669
,,,,WA Total,,,,10,43,52104,63669
,,,Bremerton Total,,,,,10,43,52104,63669
,,,Camacho,Zacatecas,Mexico,23/12/2012,$10K - $30K,1,3,9971,4565
,,,,,,23/12/2012 Total,,1,3,9971,4565
,,,,,,11/05/2013,$70K - $90K,1,4,5712,8234
,,,,,,11/05/2013 Total,,1,4,5712,8234
,,,,,,01/06/2013,$30K - $50K,1,4,2646,8790
,,,,,,01/06/2013 Total,,1,4,2646,8790
,,,,,,14/07/2013,$70K - $90K,1,6,3186,9961
,,,,,,14/07/2013 Total,,1,6,3186,9961
,,,,,,19/08/2013,$130K - $150K,1,4,3174,10938
,,,,,,19/08/2013 Total,,1,4,3174,10938
,,,,,Mexico Total,,,5,21,24689,42488
,,,,Zacatecas Total,,,,5,21,24689,42488
,,,Camacho Total,,,,,5,21,24689,42488
,,,Guadalajara,Jalisco,Mexico,25/09/2013,$50K - $70K,1,3,6890,11942
,,,,,,25/09/2013 Total,,1,3,6890,11942
,,,,,Mexico Total,,,1,3,6890,11942
,,,,Jalisco Total,,,,1,3,6890,11942
,,,Guadalajara Total,,,,,1,3,6890,11942
,,,Hidalgo,Zacatecas,Mexico,27/01/2013,$70K - $90K,1,4,6652,5379
,,,,,,27/01/2013 Total,,1,4,6652,5379
,,,,,,12/02/2013,$150K +,1,5,564,5831
,,,,,,12/02/2013 Total,,1,5,564,5831
,,,,,,26/03/2013,$30K - $50K,1,4,3390,6951
,,,,,,26/03/2013 Total,,1,4,3390,6951
,,,,,,27/03/2013,$10K - $30K,1,6,1787,6996
,,,,,,27/03/2013 Total,,1,6,1787,6996
,,,,,,06/04/2013,$70K - $90K,1,5,7977,7260
,,,,,,06/04/2013 Total,,1,5,7977,7260
,,,,,,07/04/2013,$70K - $90K,1,5,8355,7274
,,,,,,07/04/2013 Total,,1,5,8355,7274
,,,,,,22/05/2013,$30K - $50K,1,4,2023,8515
,,,,,,22/05/2013 Total,,1,4,2023,8515
,,,,,,16/06/2013,$30K - $50K,1,3,3390,9208
,,,,,,16/06/2013 Total,,1,3,3390,9208
,,,,,,11/07/2013,$70K - $90K,1,6,4226,9901
,,,,,,11/07/2013 Total,,1,6,4226,9901
,,,,,,23/07/2013,$70K - $90K,1,4,7977,10232
,,,,,,23/07/2013 Total,,1,4,7977,10232
,,,,,,18/08/2013,$10K - $30K,1,5,3440,10912
,,,,,,18/08/2013 Total,,1,5,3440,10912
,,,,,,23/08/2013,$50K - $70K,1,6,4780,11033
,,,,,,23/08/2013 Total,,1,6,4780,11033
,,,,,,22/09/2013,$50K - $70K,1,5,4579,11830
,,,,,,22/09/2013 Total,,1,5,4579,11830
,,,,,,26/09/2013,$50K - $70K,1,5,4780,11949
,,,,,,26/09/2013 Total,,1,5,4780,11949
,,,,,,02/10/2013,$110K - $130K,1,4,7063,12123
,,,,,,02/10/2013 Total,,1,4,7063,12123
,,,,,,07/10/2013,$30K - $50K,1,5,1871,12250
,,,,,,07/10/2013 Total,,1,5,1871,12250
,,,,,,12/10/2013,$30K - $50K,1,3,1495,12397
,,,,,,12/10/2013 Total,,1,3,1495,12397
,,,,,,21/10/2013,$70K - $90K,1,4,8355,12628
,,,,,,21/10/2013 Total,,1,4,8355,12628
,,,,,,23/10/2013,$70K - $90K,1,3,8355,12703
,,,,,,23/10/2013 Total,,1,3,8355,12703
,,,,,,29/10/2013,$70K - $90K,1,7,4226,12876
,,,,,,29/10/2013 Total,,1,7,4226,12876
,,,,,,15/11/2013,$50K - $70K,1,6,4579,13364
,,,,,,15/11/2013 Total,,1,6,4579,13364
,,,,,Mexico Total,,,21,99,99864,211612
,,,,Zacatecas Total,,,,21,99,99864,211612
,,,Hidalgo Total,,,,,21,99,99864,211612
,,,Los Angeles,CA,USA,06/02/2012,$30K - $50K,1,5,2890,367
,,,,,,06/02/2012 Total,,1,5,2890,367
,,,,,,06/05/2012,$50K - $70K,1,2,5942,1621
,,,,,,06/05/2012 Total,,1,2,5942,1621
,,,,,,29/05/2012,$50K - $70K,1,4,7611,1901
,,,,,,29/05/2012 Total,,1,4,7611,1901
,,,,,,13/08/2012,$110K - $130K,1,3,10101,2824
,,,,,,13/08/2012 Total,,1,3,10101,2824
,,,,,,28/10/2012,$30K - $50K,1,5,6123,3735
,,,,,,,$70K - $90K,1,5,5289,3729
,,,,,,28/10/2012 Total,,2,10,11412,7464
,,,,,,11/11/2012,$30K - $50K,1,3,369,3909
,,,,,,11/11/2012 Total,,1,3,369,3909
,,,,,,12/12/2012,$10K - $30K,1,7,7823,4371
,,,,,,12/12/2012 Total,,1,7,7823,4371
,,,,,,25/01/2013,$70K - $90K,1,3,4813,5326
,,,,,,25/01/2013 Total,,1,3,4813,5326
,,,,,,29/07/2013,$50K - $70K,1,3,3817,10378
,,,,,,29/07/2013 Total,,1,3,3817,10378
,,,,,,20/09/2013,$50K - $70K,1,7,2435,11783
,,,,,,20/09/2013 Total,,1,7,2435,11783
,,,,,,08/10/2013,$130K - $150K,1,4,8340,12277
,,,,,,08/10/2013 Total,,1,4,8340,12277
,,,,,,06/11/2013,$150K +,1,2,6897,13100
,,,,,,06/11/2013 Total,,1,2,6897,13100
,,,,,,09/11/2013,$30K - $50K,1,3,2779,13190
,,,,,,09/11/2013 Total,,1,3,2779,13190
,,,,,,10/12/2013,$50K - $70K,1,3,898,13900
,,,,,,10/12/2013 Total,,1,3,898,13900
,,,,,USA Total,,,15,59,76127,102411
,,,,CA Total,,,,15,59,76127,102411
,,,Los Angeles Total,,,,,15,59,76127,102411
,,,Merida,Yucatan,Mexico,06/01/2013,$50K - $70K,1,5,4655,4871
,,,,,,06/01/2013 Total,,1,5,4655,4871
,,,,,,07/01/2013,$10K - $30K,1,4,8087,4890
,,,,,,07/01/2013 Total,,1,4,8087,4890
,,,,,,28/01/2013,$10K - $30K,1,4,4761,5404
,,,,,,28/01/2013 Total,,1,4,4761,5404
,,,,,,27/02/2013,$50K - $70K,1,5,4655,6258
,,,,,,27/02/2013 Total,,1,5,4655,6258
,,,,,,12/04/2013,$50K - $70K,1,5,9143,7425
,,,,,,12/04/2013 Total,,1,5,9143,7425
,,,,,,03/05/2013,$10K - $30K,1,4,2139,7995
,,,,,,03/05/2013 Total,,1,4,2139,7995
,,,,,,05/07/2013,$70K - $90K,1,3,9844,9709
,,,,,,05/07/2013 Total,,1,3,9844,9709
,,,,,,17/10/2013,$70K - $90K,1,5,9625,12526
,,,,,,17/10/2013 Total,,1,5,9625,12526
,,,,,,03/11/2013,$70K - $90K,1,3,5665,13012
,,,,,,03/11/2013 Total,,1,3,5665,13012
,,,,,Mexico Total,,,9,38,58574,72090
,,,,Yucatan Total,,,,9,38,58574,72090
,,,Merida Total,,,,,9,38,58574,72090
,,,Mexico City,DF,Mexico,04/02/2013,$30K - $50K,1,5,4187,5613
,,,,,,04/02/2013 Total,,1,5,4187,5613
,,,,,Mexico Total,,,1,5,4187,5613
,,,,DF Total,,,,1,5,4187,5613
,,,Mexico City Total,,,,,1,5,4187,5613
,,,Orizaba,Veracruz,Mexico,14/12/2012,$10K - $30K,1,4,534,4406
,,,,,,14/12/2012 Total,,1,4,534,4406
,,,,,,23/02/2013,$50K - $70K,1,4,2862,6140
,,,,,,23/02/2013 Total,,1,4,2862,6140
,,,,,,09/04/2013,$30K - $50K,1,5,815,7340
,,,,,,09/04/2013 Total,,1,5,815,7340
,,,,,,12/06/2013,$10K - $30K,1,4,1013,9085
,,,,,,12/06/2013 Total,,1,4,1013,9085
,,,,,,14/06/2013,$110K - $130K,1,4,3608,9131
,,,,,,14/06/2013 Total,,1,4,3608,9131
,,,,,,25/07/2013,$30K - $50K,1,5,815,10283
,,,,,,25/07/2013 Total,,1,5,815,10283
,,,,,,09/10/2013,$10K - $30K,1,7,8388,12310
,,,,,,09/10/2013 Total,,1,7,8388,12310
,,,,,,16/10/2013,$70K - $90K,1,6,4198,12508
,,,,,,16/10/2013 Total,,1,6,4198,12508
,,,,,Mexico Total,,,8,39,22233,71203
,,,,Veracruz Total,,,,8,39,22233,71203
,,,Orizaba Total,,,,,8,39,22233,71203
,,,Portland,OR,USA,07/02/2012,$30K - $50K,1,2,2613,383
,,,,,,07/02/2012 Total,,1,2,2613,383
,,,,,,09/02/2012,$70K - $90K,1,3,4247,403
,,,,,,09/02/2012 Total,,1,3,4247,403
,,,,,,15/02/2012,$70K - $90K,1,3,4247,471
,,,,,,15/02/2012 Total,,1,3,4247,471
,,,,,,19/03/2012,$30K - $50K,1,6,1730,920
,,,,,,19/03/2012 Total,,1,6,1730,920
,,,,,,24/03/2012,$150K +,1,6,8198,991
,,,,,,24/03/2012 Total,,1,6,8198,991
,,,,,,22/04/2012,$50K - $70K,1,4,7331,1421
,,,,,,22/04/2012 Total,,1,4,7331,1421
,,,,,,03/03/2013,$30K - $50K,1,5,4444,6385
,,,,,,03/03/2013 Total,,1,5,4444,6385
,,,,,,29/03/2013,$30K - $50K,1,4,3293,7053
,,,,,,29/03/2013 Total,,1,4,3293,7053
,,,,,,16/04/2013,$90K - $110K,1,4,2352,7521
,,,,,,16/04/2013 Total,,1,4,2352,7521
,,,,,,10/10/2013,$70K - $90K,1,5,4247,12338
,,,,,,10/10/2013 Total,,1,5,4247,12338
,,,,,,25/10/2013,$30K - $50K,1,4,4562,12754
,,,,,,25/10/2013 Total,,1,4,4562,12754
,,,,,USA Total,,,11,46,47264,50640
,,,,OR Total,,,,11,46,47264,50640
,,,Portland Total,,,,,11,46,47264,50640
,,,Salem,OR,USA,10/04/2012,$130K - $150K,1,4,208,1233
,,,,,,10/04/2012 Total,,1,4,208,1233
,,,,,,24/04/2012,$30K - $50K,1,3,7283,1451
,,,,,,24/04/2012 Total,,1,3,7283,1451
,,,,,,29/07/2012,$50K - $70K,1,5,7835,2635
,,,,,,29/07/2012 Total,,1,5,7835,2635
,,,,,,26/12/2012,$10K - $30K,1,4,9871,4604
,,,,,,26/12/2012 Total,,1,4,9871,4604
,,,,,,25/03/2013,$50K - $70K,1,4,7576,6921
,,,,,,25/03/2013 Total,,1,4,7576,6921
,,,,,,18/06/2013,$70K - $90K,1,5,3268,9270
,,,,,,18/06/2013 Total,,1,5,3268,9270
,,,,,,17/07/2013,$10K - $30K,1,5,1524,10057
,,,,,,17/07/2013 Total,,1,5,1524,10057
,,,,,USA Total,,,7,30,37565,36171
,,,,OR Total,,,,7,30,37565,36171
,,,Salem Total,,,,,7,30,37565,36171
,,,San Andres,DF,Mexico,18/01/2013,$130K - $150K,1,4,6677,5156
,,,,,,18/01/2013 Total,,1,4,6677,5156
,,,,,,23/01/2013,$130K - $150K,1,5,6677,5278
,,,,,,23/01/2013 Total,,1,5,6677,5278
,,,,,,02/02/2013,$10K - $30K,1,5,2176,5544
,,,,,,02/02/2013 Total,,1,5,2176,5544
,,,,,,05/02/2013,$130K - $150K,1,5,8708,5625
,,,,,,05/02/2013 Total,,1,5,8708,5625
,,,,,,28/03/2013,$50K - $70K,1,5,9414,7001
,,,,,,28/03/2013 Total,,1,5,9414,7001
,,,,,,09/09/2013,$30K - $50K,1,4,1663,11473
,,,,,,09/09/2013 Total,,1,4,1663,11473
,,,,,,20/09/2013,$10K - $30K,1,5,4745,11779
,,,,,,20/09/2013 Total,,1,5,4745,11779
,,,,,,20/10/2013,$30K - $50K,1,4,4377,12601
,,,,,,20/10/2013 Total,,1,4,4377,12601
,,,,,Mexico Total,,,8,37,44437,64457
,,,,DF Total,,,,8,37,44437,64457
,,,San Andres Total,,,,,8,37,44437,64457
,,,San Diego,CA,USA,31/01/2012,$70K - $90K,1,4,3012,293
,,,,,,31/01/2012 Total,,1,4,3012,293
,,,,,,13/04/2012,$10K - $30K,1,5,8923,1280
,,,,,,13/04/2012 Total,,1,5,8923,1280
,,,,,,07/06/2012,$30K - $50K,1,6,6077,2022
,,,,,,07/06/2012 Total,,1,6,6077,2022
,,,,,,16/08/2012,$30K - $50K,1,5,161,2859
,,,,,,16/08/2012 Total,,1,5,161,2859
,,,,,,24/10/2012,$30K - $50K,1,2,7106,3679
,,,,,,24/10/2012 Total,,1,2,7106,3679
,,,,,,14/01/2013,$30K - $50K,1,3,4946,5044
,,,,,,14/01/2013 Total,,1,3,4946,5044
,,,,,,20/03/2013,$10K - $30K,1,3,5486,6809
,,,,,,20/03/2013 Total,,1,3,5486,6809
,,,,,,11/08/2013,$30K - $50K,1,3,7387,10711
,,,,,,11/08/2013 Total,,1,3,7387,10711
,,,,,,10/10/2013,$10K - $30K,1,5,5368,12345
,,,,,,10/10/2013 Total,,1,5,5368,12345
,,,,,,01/11/2013,$50K - $70K,1,2,3756,12963
,,,,,,01/11/2013 Total,,1,2,3756,12963
,,,,,USA Total,,,10,38,52222,58005
,,,,CA Total,,,,10,38,52222,58005
,,,San Diego Total,,,,,10,38,52222,58005
,,,San Francisco,CA,USA,16/11/2012,$90K - $110K,1,2,2544,3981
,,,,,,16/11/2012 Total,,1,2,2544,3981
,,,,,USA Total,,,1,2,2544,3981
,,,,CA Total,,,,1,2,2544,3981
,,,San Francisco Total,,,,,1,2,2544,3981
,,,Seattle,WA,USA,17/03/2012,$30K - $50K,1,4,7768,877
,,,,,,17/03/2012 Total,,1,4,7768,877
,,,,,,19/04/2013,$10K - $30K,1,3,8259,7602
,,,,,,19/04/2013 Total,,1,3,8259,7602
,,,,,,20/06/2013,$10K - $30K,1,4,5342,9312
,,,,,,20/06/2013 Total,,1,4,5342,9312
,,,,,,12/08/2013,$10K - $30K,1,4,9831,10739
,,,,,,12/08/2013 Total,,1,4,9831,10739
,,,,,,06/12/2013,$150K +,1,4,8165,13839
,,,,,,06/12/2013 Total,,1,4,8165,13839
,,,,,USA Total,,,5,19,39365,42369
,,,,WA Total,,,,5,19,39365,42369
,,,Seattle Total,,,,,5,19,39365,42369
,,,Spokane,WA,USA,15/04/2012,$30K - $50K,1,4,9263,1320
,,,,,,15/04/2012 Total,,1,4,9263,1320
,,,,,,21/06/2012,$10K - $30K,1,5,1310,2170
,,,,,,21/06/2012 Total,,1,5,1310,2170
,,,,,,26/10/2012,$50K - $70K,1,4,9797,3707
,,,,,,26/10/2012 Total,,1,4,9797,3707
,,,,,,15/12/2012,$10K - $30K,1,5,511,4422
,,,,,,15/12/2012 Total,,1,5,511,4422
,,,,,,26/01/2013,$30K - $50K,1,5,7051,5342
,,,,,,26/01/2013 Total,,1,5,7051,5342
,,,,,,13/02/2013,$90K - $110K,1,5,2224,5868
,,,,,,13/02/2013 Total,,1,5,2224,5868
,,,,,,14/02/2013,$70K - $90K,1,4,976,5882
,,,,,,14/02/2013 Total,,1,4,976,5882
,,,,,,05/04/2013,$10K - $30K,1,3,511,7243
,,,,,,05/04/2013 Total,,1,3,511,7243
,,,,,,08/04/2013,$30K - $50K,1,3,9263,7310
,,,,,,08/04/2013 Total,,1,3,9263,7310
,,,,,,03/05/2013,$70K - $90K,1,4,8511,7979
,,,,,,03/05/2013 Total,,1,4,8511,7979
,,,,,,01/06/2013,$10K - $30K,1,6,6912,8800
,,,,,,01/06/2013 Total,,1,6,6912,8800
,,,,,,07/06/2013,$70K - $90K,1,5,976,8958
,,,,,,07/06/2013 Total,,1,5,976,8958
,,,,,,01/08/2013,$30K - $50K,1,3,4676,10441
,,,,,,01/08/2013 Total,,1,3,4676,10441
,,,,,,11/08/2013,$50K - $70K,1,4,192,10732
,,,,,,11/08/2013 Total,,1,4,192,10732
,,,,,,12/09/2013,$30K - $50K,1,3,1528,11558
,,,,,,12/09/2013 Total,,1,3,1528,11558
,,,,,,25/09/2013,$50K - $70K,1,5,3021,11929
,,,,,,25/09/2013 Total,,1,5,3021,11929
,,,,,USA Total,,,16,68,66722,113661
,,,,WA Total,,,,16,68,66722,113661
,,,Spokane Total,,,,,16,68,66722,113661
,,,Tacoma,WA,USA,25/01/2012,$10K - $30K,1,5,6866,220
,,,,,,25/01/2012 Total,,1,5,6866,220
,,,,,,10/03/2012,$70K - $90K,1,4,6138,779
,,,,,,10/03/2012 Total,,1,4,6138,779
,,,,,,11/05/2012,$10K - $30K,1,5,7831,1679
,,,,,,11/05/2012 Total,,1,5,7831,1679
,,,,,,30/07/2012,$30K - $50K,1,6,1168,2647
,,,,,,30/07/2012 Total,,1,6,1168,2647
,,,,,,08/09/2012,$10K - $30K,1,3,3328,3132
,,,,,,08/09/2012 Total,,1,3,3328,3132
,,,,,,04/12/2012,$70K - $90K,1,4,7281,4240
,,,,,,04/12/2012 Total,,1,4,7281,4240
,,,,,,16/12/2012,$30K - $50K,1,4,8108,4445
,,,,,,16/12/2012 Total,,1,4,8108,4445
,,,,,,13/01/2013,$30K - $50K,1,4,5410,5021
,,,,,,13/01/2013 Total,,1,4,5410,5021
,,,,,,21/01/2013,$30K - $50K,1,4,8074,5220
,,,,,,21/01/2013 Total,,1,4,8074,5220
,,,,,,24/01/2013,$30K - $50K,1,4,8108,5288
,,,,,,24/01/2013 Total,,1,4,8108,5288
,,,,,,25/01/2013,$30K - $50K,1,3,1168,5336
,,,,,,25/01/2013 Total,,1,3,1168,5336
,,,,,,09/02/2013,$70K - $90K,1,4,3716,5745
,,,,,,09/02/2013 Total,,1,4,3716,5745
,,,,,,21/02/2013,$70K - $90K,1,5,2947,6081
,,,,,,21/02/2013 Total,,1,5,2947,6081
,,,,,,01/03/2013,$30K - $50K,1,6,5410,6327
,,,,,,01/03/2013 Total,,1,6,5410,6327
,,,,,,28/03/2013,$30K - $50K,1,4,1004,7025
,,,,,,28/03/2013 Total,,1,4,1004,7025
,,,,,,29/03/2013,$70K - $90K,1,4,2947,7040
,,,,,,29/03/2013 Total,,1,4,2947,7040
,,,,,,08/04/2013,$110K - $130K,1,2,5644,7303
,,,,,,08/04/2013 Total,,1,2,5644,7303
,,,,,,20/04/2013,$70K - $90K,1,5,6138,7621
,,,,,,20/04/2013 Total,,1,5,6138,7621
,,,,,,22/05/2013,$50K - $70K,1,5,8717,8507
,,,,,,22/05/2013 Total,,1,5,8717,8507
,,,,,,15/06/2013,$30K - $50K,1,6,3528,9183
,,,,,,15/06/2013 Total,,1,6,3528,9183
,,,,,,05/09/2013,$110K - $130K,1,5,4615,11364
,,,,,,05/09/2013 Total,,1,5,4615,11364
,,,,,,03/10/2013,$150K +,1,6,6960,12155
,,,,,,03/10/2013 Total,,1,6,6960,12155
,,,,,,05/10/2013,$30K - $50K,1,5,6690,12204
,,,,,,05/10/2013 Total,,1,5,6690,12204
,,,,,,04/11/2013,$10K - $30K,1,3,8281,13054
,,,,,,04/11/2013 Total,,1,3,8281,13054
,,,,,,29/11/2013,$50K - $70K,1,4,1024,13702
,,,,,,29/11/2013 Total,,1,4,1024,13702
,,,,,USA Total,,,25,110,131101,165318
,,,,WA Total,,,,25,110,131101,165318
,,,Tacoma Total,,,,,25,110,131101,165318
,,,Vancouver,BC,Canada,07/02/2013,$30K - $50K,1,5,6239,5692
,,,,,,07/02/2013 Total,,1,5,6239,5692
,,,,,,13/03/2013,$30K - $50K,1,3,414,6638
,,,,,,13/03/2013 Total,,1,3,414,6638
,,,,,,29/05/2013,$10K - $30K,1,4,6582,8724
,,,,,,29/05/2013 Total,,1,4,6582,8724
,,,,,,08/06/2013,$30K - $50K,1,7,297,8986
,,,,,,08/06/2013 Total,,1,7,297,8986
,,,,,,13/06/2013,$30K - $50K,1,5,518,9124
,,,,,,13/06/2013 Total,,1,5,518,9124
,,,,,,14/07/2013,$130K - $150K,1,5,4343,9986
,,,,,,14/07/2013 Total,,1,5,4343,9986
,,,,,,16/08/2013,$30K - $50K,1,2,518,10865
,,,,,,16/08/2013 Total,,1,2,518,10865
,,,,,,17/08/2013,$30K - $50K,1,5,9835,10893
,,,,,,17/08/2013 Total,,1,5,9835,10893
,,,,,,28/09/2013,$30K - $50K,1,4,9549,12017
,,,,,,28/09/2013 Total,,1,4,9549,12017
,,,,,,07/10/2013,$30K - $50K,1,5,8470,12266
,,,,,,07/10/2013 Total,,1,5,8470,12266
,,,,,,08/11/2013,$30K - $50K,1,4,1866,13149
,,,,,,08/11/2013 Total,,1,4,1866,13149
,,,,,Canada Total,,,11,49,48631,108340
,,,,BC Total,,,,11,49,48631,108340
,,,Vancouver Total,,,,,11,49,48631,108340
,,,Yakima,WA,USA,06/12/2012,$70K - $90K,1,6,2547,4278
,,,,,,06/12/2012 Total,,1,6,2547,4278
,,,,,,05/02/2013,$10K - $30K,1,3,9512,5632
,,,,,,05/02/2013 Total,,1,3,9512,5632
,,,,,,23/05/2013,$50K - $70K,1,5,400,8540
,,,,,,23/05/2013 Total,,1,5,400,8540
,,,,,USA Total,,,3,14,12459,18450
,,,,WA Total,,,,3,14,12459,18450
,,,Yakima Total,,,,,3,14,12459,18450
,,M Total,,,,,,180,772,885157,1326505
,,S,Acapulco,Guerrero,Mexico,08/04/2013,$90K - $110K,1,6,7788,7309
,,,,,,08/04/2013 Total,,1,6,7788,7309
,,,,,,21/04/2013,$10K - $30K,1,2,8121,7663
,,,,,,21/04/2013 Total,,1,2,8121,7663
,,,,,,07/05/2013,$150K +,1,4,10113,8098
,,,,,,07/05/2013 Total,,1,4,10113,8098
,,,,,,24/07/2013,$70K - $90K,1,5,5833,10246
,,,,,,24/07/2013 Total,,1,5,5833,10246
,,,,,,18/12/2013,$30K - $50K,1,5,8943,13980
,,,,,,18/12/2013 Total,,1,5,8943,13980
,,,,,Mexico Total,,,5,22,40798,47296
,,,,Guerrero Total,,,,5,22,40798,47296
,,,Acapulco Total,,,,,5,22,40798,47296
,,,Beverly Hills,CA,USA,17/01/2012,$130K - $150K,1,2,1900,133
,,,,,,17/01/2012 Total,,1,2,1900,133
,,,,,,02/02/2012,$50K - $70K,1,2,2396,313
,,,,,,02/02/2012 Total,,1,2,2396,313
,,,,,,04/02/2012,$50K - $70K,1,4,7619,344
,,,,,,04/02/2012 Total,,1,4,7619,344
,,,,,,18/03/2012,$110K - $130K,1,5,9103,897
,,,,,,18/03/2012 Total,,1,5,9103,897
,,,,,,31/05/2012,$50K - $70K,1,5,665,1928
,,,,,,31/05/2012 Total,,1,5,665,1928
,,,,,,06/06/2012,$50K - $70K,1,4,2296,2002
,,,,,,06/06/2012 Total,,1,4,2296,2002
,,,,,,22/06/2012,$30K - $50K,1,5,1484,2189
,,,,,,22/06/2012 Total,,1,5,1484,2189
,,,,,,31/07/2012,$30K - $50K,1,5,4470,2652
,,,,,,31/07/2012 Total,,1,5,4470,2652
,,,,,,20/10/2012,$50K - $70K,1,4,7880,3643
,,,,,,20/10/2012 Total,,1,4,7880,3643
,,,,,,28/10/2012,$130K - $150K,1,5,9276,3728
,,,,,,28/10/2012 Total,,1,5,9276,3728
,,,,,,12/01/2013,$30K - $50K,1,4,8658,5001
,,,,,,12/01/2013 Total,,1,4,8658,5001
,,,,,,20/05/2013,$70K - $90K,1,6,5848,8451
,,,,,,20/05/2013 Total,,1,6,5848,8451
,,,,,,21/07/2013,$70K - $90K,1,4,3744,10191
,,,,,,21/07/2013 Total,,1,4,3744,10191
,,,,,,26/07/2013,$30K - $50K,1,3,3258,10306
,,,,,,26/07/2013 Total,,1,3,3258,10306
,,,,,,01/09/2013,$10K - $30K,1,4,1559,11285
,,,,,,01/09/2013 Total,,1,4,1559,11285
,,,,,,28/09/2013,$50K - $70K,1,3,281,12033
,,,,,,28/09/2013 Total,,1,3,281,12033
,,,,,USA Total,,,16,65,70437,75096
,,,,CA Total,,,,16,65,70437,75096
,,,Beverly Hills Total,,,,,16,65,70437,75096
,,,Bremerton,WA,USA,03/04/2012,$70K - $90K,1,6,8068,1131
,,,,,,03/04/2012 Total,,1,6,8068,1131
,,,,,,27/05/2012,$30K - $50K,1,2,7822,1876
,,,,,,27/05/2012 Total,,1,2,7822,1876
,,,,,,30/06/2012,$70K - $90K,1,5,8068,2290
,,,,,,30/06/2012 Total,,1,5,8068,2290
,,,,,,06/08/2012,$30K - $50K,1,6,754,2737
,,,,,,06/08/2012 Total,,1,6,754,2737
,,,,,,09/10/2012,$10K - $30K,1,5,7413,3523
,,,,,,09/10/2012 Total,,1,5,7413,3523
,,,,,,23/10/2012,$50K - $70K,1,5,8647,3673
,,,,,,23/10/2012 Total,,1,5,8647,3673
,,,,,,29/10/2012,$50K - $70K,1,3,9781,3748
,,,,,,29/10/2012 Total,,1,3,9781,3748
,,,,,,06/01/2013,$30K - $50K,1,5,6291,4855
,,,,,,06/01/2013 Total,,1,5,6291,4855
,,,,,,11/01/2013,$70K - $90K,1,3,1785,4977
,,,,,,11/01/2013 Total,,1,3,1785,4977
,,,,,,08/02/2013,$30K - $50K,1,6,99,5703
,,,,,,08/02/2013 Total,,1,6,99,5703
,,,,,,10/03/2013,$70K - $90K,1,5,76,6564
,,,,,,10/03/2013 Total,,1,5,76,6564
,,,,,,25/05/2013,$30K - $50K,1,5,6098,8600
,,,,,,25/05/2013 Total,,1,5,6098,8600
,,,,,,09/06/2013,$70K - $90K,1,2,1785,9017
,,,,,,09/06/2013 Total,,1,2,1785,9017
,,,,,,12/06/2013,$70K - $90K,1,3,4078,9102
,,,,,,12/06/2013 Total,,1,3,4078,9102
,,,,,,26/09/2013,$10K - $30K,1,6,7810,11968
,,,,,,26/09/2013 Total,,1,6,7810,11968
,,,,,,12/11/2013,$30K - $50K,1,3,1070,13271
,,,,,,12/11/2013 Total,,1,3,1070,13271
,,,,,USA Total,,,16,70,79645,93035
,,,,WA Total,,,,16,70,79645,93035
,,,Bremerton Total,,,,,16,70,79645,93035
,,,Camacho,Zacatecas,Mexico,11/01/2013,$50K - $70K,1,2,2015,4983
,,,,,,11/01/2013 Total,,1,2,2015,4983
,,,,,,26/02/2013,$50K - $70K,1,4,7969,6229
,,,,,,26/02/2013 Total,,1,4,7969,6229
,,,,,,14/04/2013,$130K - $150K,1,4,4374,7480
,,,,,,14/04/2013 Total,,1,4,4374,7480
,,,,,,14/08/2013,$30K - $50K,1,4,9811,10804
,,,,,,14/08/2013 Total,,1,4,9811,10804
,,,,,,17/09/2013,$30K - $50K,1,2,3909,11705
,,,,,,17/09/2013 Total,,1,2,3909,11705
,,,,,,11/11/2013,$30K - $50K,1,2,8973,13255
,,,,,,11/11/2013 Total,,1,2,8973,13255
,,,,,Mexico Total,,,6,18,37051,54456
,,,,Zacatecas Total,,,,6,18,37051,54456
,,,Camacho Total,,,,,6,18,37051,54456
,,,Hidalgo,Zacatecas,Mexico,16/02/2013,$90K - $110K,1,7,6527,5942
,,,,,,16/02/2013 Total,,1,7,6527,5942
,,,,,,07/03/2013,$130K - $150K,1,6,6260,6471
,,,,,,07/03/2013 Total,,1,6,6260,6471
,,,,,,14/03/2013,$70K - $90K,1,4,6934,6653
,,,,,,14/03/2013 Total,,1,4,6934,6653
,,,,,,05/04/2013,$10K - $30K,1,5,9097,7238
,,,,,,05/04/2013 Total,,1,5,9097,7238
,,,,,,15/07/2013,$90K - $110K,1,4,1942,9992
,,,,,,15/07/2013 Total,,1,4,1942,9992
,,,,,,17/07/2013,$30K - $50K,1,4,1284,10069
,,,,,,17/07/2013 Total,,1,4,1284,10069
,,,,,,18/09/2013,$90K - $110K,1,5,1942,11725
,,,,,,18/09/2013 Total,,1,5,1942,11725
,,,,,,21/09/2013,$30K - $50K,1,3,272,11801
,,,,,,21/09/2013 Total,,1,3,272,11801
,,,,,,26/09/2013,$70K - $90K,1,4,6934,11958
,,,,,,26/09/2013 Total,,1,4,6934,11958
,,,,,,24/10/2013,$70K - $90K,1,5,4049,12735
,,,,,,24/10/2013 Total,,1,5,4049,12735
,,,,,,25/10/2013,$70K - $90K,1,6,8279,12745
,,,,,,25/10/2013 Total,,1,6,8279,12745
,,,,,,27/10/2013,$70K - $90K,1,5,4325,12825
,,,,,,27/10/2013 Total,,1,5,4325,12825
,,,,,,28/10/2013,$30K - $50K,1,4,1636,12856
,,,,,,28/10/2013 Total,,1,4,1636,12856
,,,,,,04/11/2013,$90K - $110K,1,5,1942,13050
,,,,,,04/11/2013 Total,,1,5,1942,13050
,,,,,,18/11/2013,$30K - $50K,1,4,272,13432
,,,,,,18/11/2013 Total,,1,4,272,13432
,,,,,,21/11/2013,$70K - $90K,1,7,8279,13504
,,,,,,21/11/2013 Total,,1,7,8279,13504
,,,,,Mexico Total,,,16,78,69974,172996
,,,,Zacatecas Total,,,,16,78,69974,172996
,,,Hidalgo Total,,,,,16,78,69974,172996
,,,Los Angeles,CA,USA,05/03/2012,$30K - $50K,1,5,5920,705
,,,,,,05/03/2012 Total,,1,5,5920,705
,,,,,,20/04/2012,$30K - $50K,1,5,49,1385
,,,,,,20/04/2012 Total,,1,5,49,1385
,,,,,,08/05/2012,$130K - $150K,1,3,8954,1648
,,,,,,08/05/2012 Total,,1,3,8954,1648
,,,,,,11/11/2012,$30K - $50K,1,3,4534,3906
,,,,,,11/11/2012 Total,,1,3,4534,3906
,,,,,,15/01/2013,$30K - $50K,1,5,9679,5070
,,,,,,15/01/2013 Total,,1,5,9679,5070
,,,,,,17/03/2013,$50K - $70K,1,5,909,6750
,,,,,,17/03/2013 Total,,1,5,909,6750
,,,,,,30/04/2013,$130K - $150K,1,4,975,7914
,,,,,,30/04/2013 Total,,1,4,975,7914
,,,,,,28/06/2013,$70K - $90K,1,3,8195,9517
,,,,,,28/06/2013 Total,,1,3,8195,9517
,,,,,,18/07/2013,$50K - $70K,1,5,2586,10104
,,,,,,18/07/2013 Total,,1,5,2586,10104
,,,,,,30/10/2013,$30K - $50K,1,3,1133,12906
,,,,,,30/10/2013 Total,,1,3,1133,12906
,,,,,USA Total,,,10,41,42934,59905
,,,,CA Total,,,,10,41,42934,59905
,,,Los Angeles Total,,,,,10,41,42934,59905
,,,Merida,Yucatan,Mexico,30/01/2013,$70K - $90K,1,4,10271,5445
,,,,,,30/01/2013 Total,,1,4,10271,5445
,,,,,,31/01/2013,$30K - $50K,1,5,5512,5472
,,,,,,31/01/2013 Total,,1,5,5512,5472
,,,,,,01/02/2013,$10K - $30K,1,4,10008,5502
,,,,,,01/02/2013 Total,,1,4,10008,5502
,,,,,,19/02/2013,$30K - $50K,1,5,4495,6014
,,,,,,19/02/2013 Total,,1,5,4495,6014
,,,,,,26/02/2013,$30K - $50K,1,4,4495,6228
,,,,,,26/02/2013 Total,,1,4,4495,6228
,,,,,,28/02/2013,$30K - $50K,1,5,4285,6286
,,,,,,28/02/2013 Total,,1,5,4285,6286
,,,,,,27/03/2013,$50K - $70K,1,6,6387,6988
,,,,,,27/03/2013 Total,,1,6,6387,6988
,,,,,,30/04/2013,$30K - $50K,1,4,4495,7924
,,,,,,30/04/2013 Total,,1,4,4495,7924
,,,,,Mexico Total,,,8,37,49948,49859
,,,,Yucatan Total,,,,8,37,49948,49859
,,,Merida Total,,,,,8,37,49948,49859
,,,Mexico City,DF,Mexico,12/02/2013,$30K - $50K,1,5,6950,5828
,,,,,,12/02/2013 Total,,1,5,6950,5828
,,,,,,19/05/2013,$50K - $70K,1,4,3056,8423
,,,,,,19/05/2013 Total,,1,4,3056,8423
,,,,,,07/10/2013,$30K - $50K,1,3,9978,12263
,,,,,,07/10/2013 Total,,1,3,9978,12263
,,,,,Mexico Total,,,3,12,19984,26514
,,,,DF Total,,,,3,12,19984,26514
,,,Mexico City Total,,,,,3,12,19984,26514
,,,Orizaba,Veracruz,Mexico,13/01/2013,$50K - $70K,1,3,5536,5026
,,,,,,13/01/2013 Total,,1,3,5536,5026
,,,,,,17/02/2013,$30K - $50K,1,3,3602,5973
,,,,,,17/02/2013 Total,,1,3,3602,5973
,,,,,,25/02/2013,$10K - $30K,1,3,9349,6219
,,,,,,25/02/2013 Total,,1,3,9349,6219
,,,,,,07/05/2013,$50K - $70K,1,6,3419,8124
,,,,,,07/05/2013 Total,,1,6,3419,8124
,,,,,,28/05/2013,$30K - $50K,1,3,8077,8686
,,,,,,28/05/2013 Total,,1,3,8077,8686
,,,,,,04/06/2013,$70K - $90K,1,3,4485,8886
,,,,,,04/06/2013 Total,,1,3,4485,8886
,,,,,,06/06/2013,$130K - $150K,1,3,1390,8949
,,,,,,06/06/2013 Total,,1,3,1390,8949
,,,,,,26/09/2013,$10K - $30K,1,4,5975,11946
,,,,,,26/09/2013 Total,,1,4,5975,11946
,,,,,Mexico Total,,,8,28,41833,63809
,,,,Veracruz Total,,,,8,28,41833,63809
,,,Orizaba Total,,,,,8,28,41833,63809
,,,Portland,OR,USA,15/03/2012,$30K - $50K,1,5,10019,850
,,,,,,15/03/2012 Total,,1,5,10019,850
,,,,,,03/05/2012,$10K - $30K,1,3,5834,1564
,,,,,,03/05/2012 Total,,1,3,5834,1564
,,,,,,04/05/2012,$70K - $90K,1,2,9977,1585
,,,,,,04/05/2012 Total,,1,2,9977,1585
,,,,,,10/05/2012,$70K - $90K,1,3,4453,1671
,,,,,,10/05/2012 Total,,1,3,4453,1671
,,,,,,19/05/2012,$70K - $90K,1,5,4453,1775
,,,,,,19/05/2012 Total,,1,5,4453,1775
,,,,,,03/06/2012,$10K - $30K,1,6,3350,1972
,,,,,,03/06/2012 Total,,1,6,3350,1972
,,,,,,24/11/2012,$130K - $150K,1,3,5882,4100
,,,,,,24/11/2012 Total,,1,3,5882,4100
,,,,,,31/01/2013,$70K - $90K,1,4,1754,5474
,,,,,,31/01/2013 Total,,1,4,1754,5474
,,,,,,01/03/2013,$90K - $110K,1,3,8768,6317
,,,,,,01/03/2013 Total,,1,3,8768,6317
,,,,,,02/03/2013,$30K - $50K,1,4,2397,6344
,,,,,,02/03/2013 Total,,1,4,2397,6344
,,,,,,03/05/2013,$50K - $70K,1,6,8179,7990
,,,,,,03/05/2013 Total,,1,6,8179,7990
,,,,,,15/06/2013,$30K - $50K,1,4,4614,9184
,,,,,,15/06/2013 Total,,1,4,4614,9184
,,,,,,23/06/2013,$30K - $50K,1,4,10019,9405
,,,,,,23/06/2013 Total,,1,4,10019,9405
,,,,,USA Total,,,13,52,79699,58231
,,,,OR Total,,,,13,52,79699,58231
,,,Portland Total,,,,,13,52,79699,58231
,,,Salem,OR,USA,23/01/2012,$10K - $30K,1,4,7149,207
,,,,,,23/01/2012 Total,,1,4,7149,207
,,,,,,08/03/2012,$30K - $50K,1,4,8098,748
,,,,,,,$70K - $90K,1,5,1794,755
,,,,,,08/03/2012 Total,,2,9,9892,1503
,,,,,,30/05/2012,$10K - $30K,1,3,6288,1909
,,,,,,30/05/2012 Total,,1,3,6288,1909
,,,,,,03/06/2012,$50K - $70K,1,3,1793,1964
,,,,,,03/06/2012 Total,,1,3,1793,1964
,,,,,,04/06/2012,$70K - $90K,1,2,1036,1984
,,,,,,04/06/2012 Total,,1,2,1036,1984
,,,,,,18/06/2012,$10K - $30K,1,4,2280,2125
,,,,,,18/06/2012 Total,,1,4,2280,2125
,,,,,,08/07/2012,$130K - $150K,1,6,545,2373
,,,,,,08/07/2012 Total,,1,6,545,2373
,,,,,,19/08/2012,$50K - $70K,1,5,2677,2882
,,,,,,19/08/2012 Total,,1,5,2677,2882
,,,,,,07/09/2012,$50K - $70K,1,5,1706,3114
,,,,,,07/09/2012 Total,,1,5,1706,3114
,,,,,,13/10/2012,$130K - $150K,1,5,7694,3569
,,,,,,13/10/2012 Total,,1,5,7694,3569
,,,,,,15/10/2012,$50K - $70K,1,4,4619,3580
,,,,,,15/10/2012 Total,,1,4,4619,3580
,,,,,,15/11/2012,$30K - $50K,1,4,5147,3961
,,,,,,15/11/2012 Total,,1,4,5147,3961
,,,,,,20/12/2012,$50K - $70K,1,5,154,4500
,,,,,,20/12/2012 Total,,1,5,154,4500
,,,,,,26/03/2013,$50K - $70K,1,5,1991,6950
,,,,,,26/03/2013 Total,,1,5,1991,6950
,,,,,,19/04/2013,$30K - $50K,1,5,1053,7607
,,,,,,19/04/2013 Total,,1,5,1053,7607
,,,,,,10/05/2013,$50K - $70K,1,3,6522,8213
,,,,,,10/05/2013 Total,,1,3,6522,8213
,,,,,,13/06/2013,$90K - $110K,1,5,5452,9127
,,,,,,13/06/2013 Total,,1,5,5452,9127
,,,,,,17/06/2013,$90K - $110K,1,3,8091,9239
,,,,,,17/06/2013 Total,,1,3,8091,9239
,,,,,,13/07/2013,$30K - $50K,1,4,9504,9945
,,,,,,13/07/2013 Total,,1,4,9504,9945
,,,,,,01/09/2013,$90K - $110K,1,3,5452,11287
,,,,,,01/09/2013 Total,,1,3,5452,11287
,,,,,,06/09/2013,$90K - $110K,1,4,1366,11394
,,,,,,06/09/2013 Total,,1,4,1366,11394
,,,,,USA Total,,,22,91,90411,107433
,,,,OR Total,,,,22,91,90411,107433
,,,Salem Total,,,,,22,91,90411,107433
,,,San Andres,DF,Mexico,01/03/2013,$90K - $110K,1,5,4384,6331
,,,,,,01/03/2013 Total,,1,5,4384,6331
,,,,,,21/06/2013,$30K - $50K,1,5,194,9336
,,,,,,21/06/2013 Total,,1,5,194,9336
,,,,,,14/08/2013,$30K - $50K,1,4,7970,10814
,,,,,,14/08/2013 Total,,1,4,7970,10814
,,,,,,28/11/2013,$30K - $50K,1,3,1406,13666
,,,,,,28/11/2013 Total,,1,3,1406,13666
,,,,,Mexico Total,,,4,17,13954,40147
,,,,DF Total,,,,4,17,13954,40147
,,,San Andres Total,,,,,4,17,13954,40147
,,,San Diego,CA,USA,29/12/2011,$10K - $30K,1,5,20,22
,,,,,,29/12/2011 Total,,1,5,20,22
,,,,,,29/02/2012,$70K - $90K,1,5,80,633
,,,,,,29/02/2012 Total,,1,5,80,633
,,,,,,22/04/2012,$30K - $50K,1,4,9581,1420
,,,,,,22/04/2012 Total,,1,4,9581,1420
,,,,,,03/06/2012,$50K - $70K,1,3,6432,1963
,,,,,,03/06/2012 Total,,1,3,6432,1963
,,,,,,05/08/2012,$50K - $70K,1,3,3300,2714
,,,,,,05/08/2012 Total,,1,3,3300,2714
,,,,,,13/01/2013,$30K - $50K,1,4,6654,5032
,,,,,,13/01/2013 Total,,1,4,6654,5032
,,,,,,25/01/2013,$30K - $50K,1,3,8517,5334
,,,,,,25/01/2013 Total,,1,3,8517,5334
,,,,,,10/03/2013,$90K - $110K,1,3,864,6576
,,,,,,10/03/2013 Total,,1,3,864,6576
,,,,,USA Total,,,8,30,35448,23694
,,,,CA Total,,,,8,30,35448,23694
,,,San Diego Total,,,,,8,30,35448,23694
,,,San Francisco,CA,USA,04/02/2012,$130K - $150K,1,3,5456,350
,,,,,,04/02/2012 Total,,1,3,5456,350
,,,,,,06/03/2012,$90K - $110K,1,2,1774,723
,,,,,,06/03/2012 Total,,1,2,1774,723
,,,,,USA Total,,,2,5,7230,1073
,,,,CA Total,,,,2,5,7230,1073
,,,San Francisco Total,,,,,2,5,7230,1073
,,,Seattle,WA,USA,06/02/2012,$10K - $30K,1,3,1329,377
,,,,,,06/02/2012 Total,,1,3,1329,377
,,,,,,30/03/2012,$10K - $30K,1,5,9505,1089
,,,,,,30/03/2012 Total,,1,5,9505,1089
,,,,,,17/05/2012,$30K - $50K,1,4,5182,1750
,,,,,,17/05/2012 Total,,1,4,5182,1750
,,,,,,07/08/2012,$30K - $50K,1,3,7046,2738
,,,,,,07/08/2012 Total,,1,3,7046,2738
,,,,,,04/11/2012,$70K - $90K,1,7,3236,3829
,,,,,,04/11/2012 Total,,1,7,3236,3829
,,,,,,19/12/2012,$70K - $90K,1,4,5696,4477
,,,,,,19/12/2012 Total,,1,4,5696,4477
,,,,,,21/12/2012,$110K - $130K,1,5,7870,4515
,,,,,,21/12/2012 Total,,1,5,7870,4515
,,,,,,17/01/2013,$70K - $90K,1,3,7951,5120
,,,,,,17/01/2013 Total,,1,3,7951,5120
,,,,,,13/03/2013,$110K - $130K,1,3,7842,6641
,,,,,,13/03/2013 Total,,1,3,7842,6641
,,,,,,04/06/2013,$70K - $90K,1,6,5746,8867
,,,,,,04/06/2013 Total,,1,6,5746,8867
,,,,,,13/09/2013,$130K - $150K,1,4,979,11585
,,,,,,13/09/2013 Total,,1,4,979,11585
,,,,,,28/10/2013,$50K - $70K,1,3,7670,12842
,,,,,,28/10/2013 Total,,1,3,7670,12842
,,,,,,10/11/2013,$150K +,1,5,3630,13221
,,,,,,10/11/2013 Total,,1,5,3630,13221
,,,,,,19/11/2013,$30K - $50K,1,6,3932,13467
,,,,,,19/11/2013 Total,,1,6,3932,13467
,,,,,USA Total,,,14,61,77614,90518
,,,,WA Total,,,,14,61,77614,90518
,,,Seattle Total,,,,,14,61,77614,90518
,,,Spokane,WA,USA,25/04/2012,$50K - $70K,1,4,6153,1468
,,,,,,25/04/2012 Total,,1,4,6153,1468
,,,,,,02/05/2012,$10K - $30K,1,3,4094,1544
,,,,,,02/05/2012 Total,,1,3,4094,1544
,,,,,,05/05/2012,$30K - $50K,1,3,6114,1609
,,,,,,05/05/2012 Total,,1,3,6114,1609
,,,,,,21/07/2012,$30K - $50K,1,5,9040,2540
,,,,,,21/07/2012 Total,,1,5,9040,2540
,,,,,,06/12/2012,$90K - $110K,1,5,7072,4280
,,,,,,06/12/2012 Total,,1,5,7072,4280
,,,,,,17/12/2012,$30K - $50K,1,4,769,4453
,,,,,,17/12/2012 Total,,1,4,769,4453
,,,,,,24/12/2012,$10K - $30K,1,3,9928,4566
,,,,,,24/12/2012 Total,,1,3,9928,4566
,,,,,,12/01/2013,$30K - $50K,1,4,6957,5002
,,,,,,12/01/2013 Total,,1,4,6957,5002
,,,,,,14/01/2013,$30K - $50K,1,3,6957,5050
,,,,,,14/01/2013 Total,,1,3,6957,5050
,,,,,,16/03/2013,$10K - $30K,1,3,5592,6706
,,,,,,16/03/2013 Total,,1,3,5592,6706
,,,,,,15/11/2013,$30K - $50K,1,5,1720,13352
,,,,,,15/11/2013 Total,,1,5,1720,13352
,,,,,,25/12/2013,$130K - $150K,1,4,6113,14035
,,,,,,25/12/2013 Total,,1,4,6113,14035
,,,,,USA Total,,,12,46,70509,64605
,,,,WA Total,,,,12,46,70509,64605
,,,Spokane Total,,,,,12,46,70509,64605
,,,Tacoma,WA,USA,09/03/2012,$50K - $70K,1,3,602,759
,,,,,,09/03/2012 Total,,1,3,602,759
,,,,,,14/04/2012,$30K - $50K,1,7,4231,1302
,,,,,,14/04/2012 Total,,1,7,4231,1302
,,,,,,22/04/2012,$30K - $50K,1,6,5501,1425
,,,,,,22/04/2012 Total,,1,6,5501,1425
,,,,,,04/06/2012,$30K - $50K,1,5,4340,1974
,,,,,,04/06/2012 Total,,1,5,4340,1974
,,,,,,28/06/2012,$90K - $110K,1,4,6736,2256
,,,,,,28/06/2012 Total,,1,4,6736,2256
,,,,,,30/07/2012,$30K - $50K,1,3,3397,2648
,,,,,,30/07/2012 Total,,1,3,3397,2648
,,,,,,28/08/2012,$70K - $90K,1,4,6560,3001
,,,,,,28/08/2012 Total,,1,4,6560,3001
,,,,,,11/11/2012,$30K - $50K,1,6,1813,3916
,,,,,,11/11/2012 Total,,1,6,1813,3916
,,,,,,27/12/2012,$30K - $50K,1,5,5501,4630
,,,,,,27/12/2012 Total,,1,5,5501,4630
,,,,,,01/01/2013,$110K - $130K,1,5,4069,4736
,,,,,,01/01/2013 Total,,1,5,4069,4736
,,,,,,24/01/2013,$10K - $30K,1,4,5050,5304
,,,,,,24/01/2013 Total,,1,4,5050,5304
,,,,,,30/01/2013,$30K - $50K,1,4,7282,5441
,,,,,,30/01/2013 Total,,1,4,7282,5441
,,,,,,28/03/2013,$10K - $30K,1,4,9469,7028
,,,,,,28/03/2013 Total,,1,4,9469,7028
,,,,,,13/04/2013,$90K - $110K,1,4,4691,7449
,,,,,,13/04/2013 Total,,1,4,4691,7449
,,,,,,04/05/2013,$10K - $30K,1,4,5050,8008
,,,,,,04/05/2013 Total,,1,4,5050,8008
,,,,,,05/07/2013,$30K - $50K,1,5,3397,9703
,,,,,,05/07/2013 Total,,1,5,3397,9703
,,,,,,11/08/2013,$10K - $30K,1,4,2918,10718
,,,,,,11/08/2013 Total,,1,4,2918,10718
,,,,,,13/08/2013,$10K - $30K,1,4,2918,10790
,,,,,,13/08/2013 Total,,1,4,2918,10790
,,,,,,31/08/2013,$130K - $150K,1,4,9956,11239
,,,,,,31/08/2013 Total,,1,4,9956,11239
,,,,,,30/09/2013,$50K - $70K,1,3,5379,12077
,,,,,,30/09/2013 Total,,1,3,5379,12077
,,,,,,26/10/2013,$50K - $70K,1,4,7589,12778
,,,,,,26/10/2013 Total,,1,4,7589,12778
,,,,,USA Total,,,21,92,106449,127182
,,,,WA Total,,,,21,92,106449,127182
,,,Tacoma Total,,,,,21,92,106449,127182
,,,Vancouver,BC,Canada,05/02/2013,$30K - $50K,1,5,6446,5650
,,,,,,05/02/2013 Total,,1,5,6446,5650
,,,,,,27/04/2013,$30K - $50K,1,4,3974,7829
,,,,,,27/04/2013 Total,,1,4,3974,7829
,,,,,,07/07/2013,$30K - $50K,1,3,3807,9777
,,,,,,07/07/2013 Total,,1,3,3807,9777
,,,,,,20/07/2013,$70K - $90K,1,4,262,10157
,,,,,,20/07/2013 Total,,1,4,262,10157
,,,,,,24/07/2013,$30K - $50K,1,4,9561,10248
,,,,,,24/07/2013 Total,,1,4,9561,10248
,,,,,,09/09/2013,$30K - $50K,1,4,8002,11483
,,,,,,09/09/2013 Total,,1,4,8002,11483
,,,,,,06/11/2013,$110K - $130K,1,4,6230,13104
,,,,,,06/11/2013 Total,,1,4,6230,13104
,,,,,Canada Total,,,7,28,38282,68248
,,,,BC Total,,,,7,28,38282,68248
,,,Vancouver Total,,,,,7,28,38282,68248
,,,Victoria,BC,Canada,05/06/2013,$30K - $50K,1,6,5424,8890
,,,,,,05/06/2013 Total,,1,6,5424,8890
,,,,,,18/09/2013,$30K - $50K,1,6,6344,11723
,,,,,,18/09/2013 Total,,1,6,6344,11723
,,,,,Canada Total,,,2,12,11768,20613
,,,,BC Total,,,,2,12,11768,20613
,,,Victoria Total,,,,,2,12,11768,20613
,,,Walla Walla,WA,USA,15/02/2012,$30K - $50K,1,3,8235,469
,,,,,,15/02/2012 Total,,1,3,8235,469
,,,,,,07/10/2012,$30K - $50K,1,3,3446,3492
,,,,,,07/10/2012 Total,,1,3,3446,3492
,,,,,,05/04/2013,$30K - $50K,1,2,8418,7247
,,,,,,05/04/2013 Total,,1,2,8418,7247
,,,,,,11/05/2013,$70K - $90K,1,3,8218,8235
,,,,,,11/05/2013 Total,,1,3,8218,8235
,,,,,,30/09/2013,$10K - $30K,1,2,8970,12081
,,,,,,30/09/2013 Total,,1,2,8970,12081
,,,,,,31/10/2013,$130K - $150K,1,2,3643,12915
,,,,,,31/10/2013 Total,,1,2,3643,12915
,,,,,USA Total,,,6,15,40930,44439
,,,,WA Total,,,,6,15,40930,44439
,,,Walla Walla Total,,,,,6,15,40930,44439
,,,Yakima,WA,USA,07/01/2012,$50K - $70K,1,5,3197,64
,,,,,,07/01/2012 Total,,1,5,3197,64
,,,,,,17/05/2012,$30K - $50K,1,4,2682,1752
,,,,,,17/05/2012 Total,,1,4,2682,1752
,,,,,,05/11/2012,$30K - $50K,1,4,2952,3842
,,,,,,05/11/2012 Total,,1,4,2952,3842
,,,,,,15/01/2013,$50K - $70K,1,3,3197,5080
,,,,,,15/01/2013 Total,,1,3,3197,5080
,,,,,,09/02/2013,$30K - $50K,1,4,6541,5733
,,,,,,09/02/2013 Total,,1,4,6541,5733
,,,,,,24/02/2013,$10K - $30K,1,5,4810,6198
,,,,,,24/02/2013 Total,,1,5,4810,6198
,,,,,,02/07/2013,$50K - $70K,1,6,554,9629
,,,,,,02/07/2013 Total,,1,6,554,9629
,,,,,USA Total,,,7,31,23933,32298
,,,,WA Total,,,,7,31,23933,32298
,,,Yakima Total,,,,,7,31,23933,32298
,,S Total,,,,,,206,851,1048831,1321447
,F Total,,,,,,,386,1623,1933988,2647952
,M,M,Acapulco,Guerrero,Mexico,23/01/2013,$90K - $110K,1,5,4531,5276
,,,,,,23/01/2013 Total,,1,5,4531,5276
,,,,,,16/09/2013,$50K - $70K,1,5,8649,11661
,,,,,,16/09/2013 Total,,1,5,8649,11661
,,,,,Mexico Total,,,2,10,13180,16937
,,,,Guerrero Total,,,,2,10,13180,16937
,,,Acapulco Total,,,,,2,10,13180,16937
,,,Bellingham,WA,USA,06/06/2013,$30K - $50K,1,2,2759,8932
,,,,,,06/06/2013 Total,,1,2,2759,8932
,,,,,USA Total,,,1,2,2759,8932
,,,,WA Total,,,,1,2,2759,8932
,,,Bellingham Total,,,,,1,2,2759,8932
,,,Beverly Hills,CA,USA,08/02/2012,$50K - $70K,1,6,8858,400
,,,,,,08/02/2012 Total,,1,6,8858,400
,,,,,,17/05/2012,$50K - $70K,1,4,5203,1755
,,,,,,17/05/2012 Total,,1,4,5203,1755
,,,,,,08/06/2012,$30K - $50K,1,4,1167,2026
,,,,,,08/06/2012 Total,,1,4,1167,2026
,,,,,,09/09/2012,$10K - $30K,1,3,4169,3137
,,,,,,09/09/2012 Total,,1,3,4169,3137
,,,,,,19/09/2012,$10K - $30K,1,2,3587,3265
,,,,,,19/09/2012 Total,,1,2,3587,3265
,,,,,,23/09/2012,$90K - $110K,1,4,5192,3306
,,,,,,23/09/2012 Total,,1,4,5192,3306
,,,,,,27/09/2012,$70K - $90K,1,5,7841,3344
,,,,,,27/09/2012 Total,,1,5,7841,3344
,,,,,,20/11/2012,$30K - $50K,1,5,6256,4034
,,,,,,20/11/2012 Total,,1,5,6256,4034
,,,,,,07/02/2013,$10K - $30K,1,5,7517,5697
,,,,,,07/02/2013 Total,,1,5,7517,5697
,,,,,,07/05/2013,$50K - $70K,1,5,5503,8103
,,,,,,07/05/2013 Total,,1,5,5503,8103
,,,,,,15/11/2013,$30K - $50K,1,7,7523,13367
,,,,,,15/11/2013 Total,,1,7,7523,13367
,,,,,USA Total,,,11,50,62816,48434
,,,,CA Total,,,,11,50,62816,48434
,,,Beverly Hills Total,,,,,11,50,62816,48434
,,,Bremerton,WA,USA,01/02/2012,$70K - $90K,1,4,5686,298
,,,,,,01/02/2012 Total,,1,4,5686,298
,,,,,,18/02/2012,$10K - $30K,1,5,7704,511
,,,,,,18/02/2012 Total,,1,5,7704,511
,,,,,,27/02/2012,$30K - $50K,1,5,7573,608
,,,,,,27/02/2012 Total,,1,5,7573,608
,,,,,,27/03/2012,$70K - $90K,1,3,4417,1027
,,,,,,27/03/2012 Total,,1,3,4417,1027
,,,,,,05/04/2012,$90K - $110K,1,3,3418,1168
,,,,,,05/04/2012 Total,,1,3,3418,1168
,,,,,,06/05/2012,$10K - $30K,1,5,4527,1618
,,,,,,06/05/2012 Total,,1,5,4527,1618
,,,,,,16/07/2012,$30K - $50K,1,4,1341,2473
,,,,,,16/07/2012 Total,,1,4,1341,2473
,,,,,,22/08/2012,$30K - $50K,1,5,1533,2934
,,,,,,22/08/2012 Total,,1,5,1533,2934
,,,,,,29/10/2012,$10K - $30K,1,4,7704,3740
,,,,,,29/10/2012 Total,,1,4,7704,3740
,,,,,,27/11/2012,$150K +,1,3,8960,4143
,,,,,,27/11/2012 Total,,1,3,8960,4143
,,,,,,04/12/2012,$70K - $90K,1,5,4417,4249
,,,,,,04/12/2012 Total,,1,5,4417,4249
,,,,,,26/01/2013,$30K - $50K,1,3,7573,5343
,,,,,,26/01/2013 Total,,1,3,7573,5343
,,,,,,10/02/2013,$30K - $50K,1,6,924,5762
,,,,,,10/02/2013 Total,,1,6,924,5762
,,,,,,15/09/2013,$30K - $50K,1,5,3448,11631
,,,,,,15/09/2013 Total,,1,5,3448,11631
,,,,,,11/11/2013,$50K - $70K,1,3,8404,13241
,,,,,,11/11/2013 Total,,1,3,8404,13241
,,,,,,09/12/2013,$50K - $70K,1,3,2905,13884
,,,,,,09/12/2013 Total,,1,3,2905,13884
,,,,,USA Total,,,16,66,80534,72630
,,,,WA Total,,,,16,66,80534,72630
,,,Bremerton Total,,,,,16,66,80534,72630
,,,Camacho,Zacatecas,Mexico,24/05/2013,$50K - $70K,1,5,48,8572
,,,,,,24/05/2013 Total,,1,5,48,8572
,,,,,,28/07/2013,$50K - $70K,1,5,1295,10354
,,,,,,28/07/2013 Total,,1,5,1295,10354
,,,,,Mexico Total,,,2,10,1343,18926
,,,,Zacatecas Total,,,,2,10,1343,18926
,,,Camacho Total,,,,,2,10,1343,18926
,,,Guadalajara,Jalisco,Mexico,29/05/2013,$130K - $150K,1,4,5509,8730
,,,,,,29/05/2013 Total,,1,4,5509,8730
,,,,,Mexico Total,,,1,4,5509,8730
,,,,Jalisco Total,,,,1,4,5509,8730
,,,Guadalajara Total,,,,,1,4,5509,8730
,,,Hidalgo,Zacatecas,Mexico,06/03/2013,$10K - $30K,1,2,6406,6462
,,,,,,06/03/2013 Total,,1,2,6406,6462
,,,,,,04/07/2013,$10K - $30K,1,3,6406,9675
,,,,,,04/07/2013 Total,,1,3,6406,9675
,,,,,,11/09/2013,$30K - $50K,1,3,1222,11532
,,,,,,11/09/2013 Total,,1,3,1222,11532
,,,,,Mexico Total,,,3,8,14034,27669
,,,,Zacatecas Total,,,,3,8,14034,27669
,,,Hidalgo Total,,,,,3,8,14034,27669
,,,Los Angeles,CA,USA,01/01/2012,$30K - $50K,1,2,240,36
,,,,,,01/01/2012 Total,,1,2,240,36
,,,,,,29/03/2012,$70K - $90K,1,5,8000,1059
,,,,,,29/03/2012 Total,,1,5,8000,1059
,,,,,,21/05/2012,$50K - $70K,1,3,7081,1802
,,,,,,21/05/2012 Total,,1,3,7081,1802
,,,,,,27/05/2012,$30K - $50K,1,4,6511,1874
,,,,,,27/05/2012 Total,,1,4,6511,1874
,,,,,,04/08/2012,$10K - $30K,1,3,1316,2710
,,,,,,04/08/2012 Total,,1,3,1316,2710
,,,,,,09/08/2012,$50K - $70K,1,5,6261,2765
,,,,,,09/08/2012 Total,,1,5,6261,2765
,,,,,,30/09/2012,$30K - $50K,1,5,8546,3382
,,,,,,30/09/2012 Total,,1,5,8546,3382
,,,,,,26/11/2012,$90K - $110K,1,6,4451,4123
,,,,,,26/11/2012 Total,,1,6,4451,4123
,,,,,,19/01/2013,$70K - $90K,1,3,1144,5179
,,,,,,19/01/2013 Total,,1,3,1144,5179
,,,,,,11/04/2013,$70K - $90K,1,6,6095,7395
,,,,,,11/04/2013 Total,,1,6,6095,7395
,,,,,,21/06/2013,$110K - $130K,1,3,3951,9328
,,,,,,21/06/2013 Total,,1,3,3951,9328
,,,,,,16/08/2013,$30K - $50K,1,5,9362,10872
,,,,,,16/08/2013 Total,,1,5,9362,10872
,,,,,,21/11/2013,$30K - $50K,1,3,1203,13496
,,,,,,21/11/2013 Total,,1,3,1203,13496
,,,,,USA Total,,,13,53,64161,64021
,,,,CA Total,,,,13,53,64161,64021
,,,Los Angeles Total,,,,,13,53,64161,64021
,,,Merida,Yucatan,Mexico,21/01/2013,$90K - $110K,1,3,1947,5234
,,,,,,21/01/2013 Total,,1,3,1947,5234
,,,,,,25/01/2013,$90K - $110K,1,5,8615,5325
,,,,,,25/01/2013 Total,,1,5,8615,5325
,,,,,,24/02/2013,$130K - $150K,1,5,2998,6195
,,,,,,24/02/2013 Total,,1,5,2998,6195
,,,,,,03/05/2013,$30K - $50K,1,4,2852,7996
,,,,,,03/05/2013 Total,,1,4,2852,7996
,,,,,,27/05/2013,$110K - $130K,1,4,3661,8659
,,,,,,27/05/2013 Total,,1,4,3661,8659
,,,,,,25/06/2013,$30K - $50K,1,4,8670,9446
,,,,,,25/06/2013 Total,,1,4,8670,9446
,,,,,,08/07/2013,$130K - $150K,1,5,2998,9796
,,,,,,08/07/2013 Total,,1,5,2998,9796
,,,,,,28/07/2013,$130K - $150K,1,5,2998,10351
,,,,,,28/07/2013 Total,,1,5,2998,10351
,,,,,,10/09/2013,$10K - $30K,1,4,8928,11492
,,,,,,10/09/2013 Total,,1,4,8928,11492
,,,,,,29/11/2013,$30K - $50K,1,4,8710,13690
,,,,,,29/11/2013 Total,,1,4,8710,13690
,,,,,Mexico Total,,,10,43,52377,88184
,,,,Yucatan Total,,,,10,43,52377,88184
,,,Merida Total,,,,,10,43,52377,88184
,,,Mexico City,DF,Mexico,29/04/2013,$70K - $90K,1,5,3396,7899
,,,,,,29/04/2013 Total,,1,5,3396,7899
,,,,,,26/07/2013,$50K - $70K,1,5,6855,10296
,,,,,,26/07/2013 Total,,1,5,6855,10296
,,,,,Mexico Total,,,2,10,10251,18195
,,,,DF Total,,,,2,10,10251,18195
,,,Mexico City Total,,,,,2,10,10251,18195
,,,Orizaba,Veracruz,Mexico,04/02/2013,$10K - $30K,1,4,5605,5614
,,,,,,,$110K - $130K,1,7,7321,5594
,,,,,,04/02/2013 Total,,2,11,12926,11208
,,,,,,15/04/2013,$10K - $30K,1,3,5605,7498
,,,,,,15/04/2013 Total,,1,3,5605,7498
,,,,,,07/10/2013,$50K - $70K,1,3,5053,12251
,,,,,,07/10/2013 Total,,1,3,5053,12251
,,,,,,12/11/2013,$50K - $70K,1,4,7614,13264
,,,,,,12/11/2013 Total,,1,4,7614,13264
,,,,,,21/12/2013,$30K - $50K,1,4,7794,14007
,,,,,,21/12/2013 Total,,1,4,7794,14007
,,,,,Mexico Total,,,6,25,38992,58228
,,,,Veracruz Total,,,,6,25,38992,58228
,,,Orizaba Total,,,,,6,25,38992,58228
,,,Portland,OR,USA,20/02/2012,$30K - $50K,1,3,1083,539
,,,,,,20/02/2012 Total,,1,3,1083,539
,,,,,,26/02/2012,$110K - $130K,1,5,4268,601
,,,,,,26/02/2012 Total,,1,5,4268,601
,,,,,,09/07/2012,$90K - $110K,1,6,1594,2379
,,,,,,09/07/2012 Total,,1,6,1594,2379
,,,,,,25/10/2012,$70K - $90K,1,4,7232,3693
,,,,,,25/10/2012 Total,,1,4,7232,3693
,,,,,,19/11/2012,$10K - $30K,1,2,3742,4031
,,,,,,19/11/2012 Total,,1,2,3742,4031
,,,,,,10/12/2012,$30K - $50K,1,6,4566,4340
,,,,,,10/12/2012 Total,,1,6,4566,4340
,,,,,,30/03/2013,$10K - $30K,1,7,9307,7069
,,,,,,30/03/2013 Total,,1,7,9307,7069
,,,,,USA Total,,,7,33,31792,22652
,,,,OR Total,,,,7,33,31792,22652
,,,Portland Total,,,,,7,33,31792,22652
,,,Salem,OR,USA,05/03/2012,$10K - $30K,1,2,2086,711
,,,,,,05/03/2012 Total,,1,2,2086,711
,,,,,,19/03/2012,$10K - $30K,1,5,4783,912
,,,,,,19/03/2012 Total,,1,5,4783,912
,,,,,,03/04/2012,$70K - $90K,1,4,1360,1135
,,,,,,03/04/2012 Total,,1,4,1360,1135
,,,,,,12/05/2012,$10K - $30K,1,5,9491,1691
,,,,,,12/05/2012 Total,,1,5,9491,1691
,,,,,,18/06/2012,$10K - $30K,1,5,8015,2134
,,,,,,18/06/2012 Total,,1,5,8015,2134
,,,,,,20/09/2012,$10K - $30K,1,5,7906,3282
,,,,,,20/09/2012 Total,,1,5,7906,3282
,,,,,,26/09/2012,$10K - $30K,1,6,4342,3334
,,,,,,26/09/2012 Total,,1,6,4342,3334
,,,,,,28/11/2012,$130K - $150K,1,4,7521,4157
,,,,,,28/11/2012 Total,,1,4,7521,4157
,,,,,,08/12/2012,$30K - $50K,1,4,5230,4304
,,,,,,08/12/2012 Total,,1,4,5230,4304
,,,,,,28/02/2013,$10K - $30K,1,3,4783,6290
,,,,,,28/02/2013 Total,,1,3,4783,6290
,,,,,,12/03/2013,$30K - $50K,1,4,9671,6612
,,,,,,12/03/2013 Total,,1,4,9671,6612
,,,,,,06/04/2013,$130K - $150K,1,6,6744,7249
,,,,,,06/04/2013 Total,,1,6,6744,7249
,,,,,,13/04/2013,$30K - $50K,1,2,3599,7437
,,,,,,13/04/2013 Total,,1,2,3599,7437
,,,,,,30/04/2013,$130K - $150K,1,3,7521,7918
,,,,,,30/04/2013 Total,,1,3,7521,7918
,,,,,,28/05/2013,$130K - $150K,1,3,1626,8685
,,,,,,28/05/2013 Total,,1,3,1626,8685
,,,,,,07/06/2013,$30K - $50K,1,4,7882,8952
,,,,,,07/06/2013 Total,,1,4,7882,8952
,,,,,,10/09/2013,$30K - $50K,1,4,5970,11518
,,,,,,10/09/2013 Total,,1,4,5970,11518
,,,,,,27/09/2013,$130K - $150K,1,2,6744,11996
,,,,,,27/09/2013 Total,,1,2,6744,11996
,,,,,,02/10/2013,$50K - $70K,1,5,7207,12127
,,,,,,02/10/2013 Total,,1,5,7207,12127
,,,,,,05/10/2013,$10K - $30K,1,5,3980,12190
,,,,,,05/10/2013 Total,,1,5,3980,12190
,,,,,,22/10/2013,$10K - $30K,1,3,3980,12672
,,,,,,22/10/2013 Total,,1,3,3980,12672
,,,,,,06/11/2013,$10K - $30K,1,5,4342,13092
,,,,,,06/11/2013 Total,,1,5,4342,13092
,,,,,USA Total,,,22,89,124783,148398
,,,,OR Total,,,,22,89,124783,148398
,,,Salem Total,,,,,22,89,124783,148398
,,,San Andres,DF,Mexico,08/03/2013,$70K - $90K,1,3,6032,6508
,,,,,,08/03/2013 Total,,1,3,6032,6508
,,,,,,19/03/2013,$50K - $70K,1,4,8115,6795
,,,,,,19/03/2013 Total,,1,4,8115,6795
,,,,,,03/04/2013,$50K - $70K,1,5,3085,7191
,,,,,,03/04/2013 Total,,1,5,3085,7191
,,,,,,15/05/2013,$130K - $150K,1,3,7308,8335
,,,,,,15/05/2013 Total,,1,3,7308,8335
,,,,,,23/05/2013,$50K - $70K,1,4,8,8556
,,,,,,23/05/2013 Total,,1,4,8,8556
,,,,,,20/06/2013,$30K - $50K,1,4,3880,9319
,,,,,,20/06/2013 Total,,1,4,3880,9319
,,,,,,30/06/2013,$30K - $50K,1,4,2790,9580
,,,,,,30/06/2013 Total,,1,4,2790,9580
,,,,,,17/07/2013,$110K - $130K,1,5,6762,10078
,,,,,,17/07/2013 Total,,1,5,6762,10078
,,,,,,26/07/2013,$30K - $50K,1,3,799,10312
,,,,,,26/07/2013 Total,,1,3,799,10312
,,,,,,14/08/2013,$30K - $50K,1,5,2480,10801
,,,,,,14/08/2013 Total,,1,5,2480,10801
,,,,,,23/08/2013,$50K - $70K,1,2,3085,11023
,,,,,,23/08/2013 Total,,1,2,3085,11023
,,,,,,28/08/2013,$30K - $50K,1,5,7816,11167
,,,,,,28/08/2013 Total,,1,5,7816,11167
,,,,,,05/10/2013,$90K - $110K,1,5,2919,12188
,,,,,,05/10/2013 Total,,1,5,2919,12188
,,,,,,08/11/2013,$50K - $70K,1,6,6847,13153
,,,,,,08/11/2013 Total,,1,6,6847,13153
,,,,,,10/11/2013,$30K - $50K,1,3,3372,13204
,,,,,,10/11/2013 Total,,1,3,3372,13204
,,,,,Mexico Total,,,15,61,65298,148210
,,,,DF Total,,,,15,61,65298,148210
,,,San Andres Total,,,,,15,61,65298,148210
,,,San Diego,CA,USA,20/03/2012,$30K - $50K,1,5,7105,939
,,,,,,20/03/2012 Total,,1,5,7105,939
,,,,,,16/04/2012,$10K - $30K,1,2,2359,1327
,,,,,,16/04/2012 Total,,1,2,2359,1327
,,,,,,16/05/2012,$30K - $50K,1,5,2623,1734
,,,,,,16/05/2012 Total,,1,5,2623,1734
,,,,,,25/09/2012,$30K - $50K,1,4,4898,3328
,,,,,,25/09/2012 Total,,1,4,4898,3328
,,,,,,02/10/2012,$30K - $50K,1,2,6877,3410
,,,,,,02/10/2012 Total,,1,2,6877,3410
,,,,,,16/10/2012,$30K - $50K,1,5,3828,3599
,,,,,,16/10/2012 Total,,1,5,3828,3599
,,,,,,08/11/2012,$50K - $70K,1,3,9656,3885
,,,,,,08/11/2012 Total,,1,3,9656,3885
,,,,,,25/03/2013,$30K - $50K,1,4,7595,6931
,,,,,,25/03/2013 Total,,1,4,7595,6931
,,,,,,20/04/2013,$50K - $70K,1,3,3469,7617
,,,,,,20/04/2013 Total,,1,3,3469,7617
,,,,,,06/05/2013,$50K - $70K,1,3,3797,8068
,,,,,,06/05/2013 Total,,1,3,3797,8068
,,,,,,20/07/2013,$70K - $90K,1,3,5320,10149
,,,,,,20/07/2013 Total,,1,3,5320,10149
,,,,,,14/12/2013,$50K - $70K,1,3,6120,13947
,,,,,,14/12/2013 Total,,1,3,6120,13947
,,,,,USA Total,,,12,42,63647,64934
,,,,CA Total,,,,12,42,63647,64934
,,,San Diego Total,,,,,12,42,63647,64934
,,,San Francisco,CA,USA,30/12/2011,$30K - $50K,1,2,5005,26
,,,,,,30/12/2011 Total,,1,2,5005,26
,,,,,,17/05/2013,$30K - $50K,1,4,303,8368
,,,,,,17/05/2013 Total,,1,4,303,8368
,,,,,USA Total,,,2,6,5308,8394
,,,,CA Total,,,,2,6,5308,8394
,,,San Francisco Total,,,,,2,6,5308,8394
,,,Seattle,WA,USA,08/02/2012,$110K - $130K,1,3,1931,393
,,,,,,08/02/2012 Total,,1,3,1931,393
,,,,,,15/04/2012,$10K - $30K,1,3,962,1308
,,,,,,15/04/2012 Total,,1,3,962,1308
,,,,,,31/08/2012,$50K - $70K,1,3,1545,3036
,,,,,,31/08/2012 Total,,1,3,1545,3036
,,,,,,23/12/2012,$150K +,1,2,1055,4554
,,,,,,23/12/2012 Total,,1,2,1055,4554
,,,,,,05/03/2013,$30K - $50K,1,5,10190,6414
,,,,,,05/03/2013 Total,,1,5,10190,6414
,,,,,,29/04/2013,$30K - $50K,1,3,774,7880
,,,,,,29/04/2013 Total,,1,3,774,7880
,,,,,,19/07/2013,$70K - $90K,1,3,5119,10146
,,,,,,19/07/2013 Total,,1,3,5119,10146
,,,,,,11/09/2013,$50K - $70K,1,3,6951,11528
,,,,,,11/09/2013 Total,,1,3,6951,11528
,,,,,,31/10/2013,$30K - $50K,1,3,10190,12909
,,,,,,31/10/2013 Total,,1,3,10190,12909
,,,,,USA Total,,,9,28,38717,58168
,,,,WA Total,,,,9,28,38717,58168
,,,Seattle Total,,,,,9,28,38717,58168
,,,Spokane,WA,USA,18/01/2012,$130K - $150K,1,5,8452,149
,,,,,,18/01/2012 Total,,1,5,8452,149
,,,,,,14/02/2012,$10K - $30K,1,3,9728,456
,,,,,,14/02/2012 Total,,1,3,9728,456
,,,,,,14/04/2012,$30K - $50K,1,3,5174,1290
,,,,,,14/04/2012 Total,,1,3,5174,1290
,,,,,,25/04/2012,$30K - $50K,1,4,5174,1462
,,,,,,25/04/2012 Total,,1,4,5174,1462
,,,,,,03/05/2012,$70K - $90K,1,5,3567,1567
,,,,,,03/05/2012 Total,,1,5,3567,1567
,,,,,,13/05/2012,$30K - $50K,1,5,7862,1713
,,,,,,13/05/2012 Total,,1,5,7862,1713
,,,,,,05/06/2012,$10K - $30K,1,4,6348,1997
,,,,,,05/06/2012 Total,,1,4,6348,1997
,,,,,,17/08/2012,$30K - $50K,1,3,4021,2863
,,,,,,17/08/2012 Total,,1,3,4021,2863
,,,,,,14/10/2012,$50K - $70K,1,4,2553,3577
,,,,,,14/10/2012 Total,,1,4,2553,3577
,,,,,,15/02/2013,$30K - $50K,1,4,5374,5922
,,,,,,15/02/2013 Total,,1,4,5374,5922
,,,,,,23/04/2013,$50K - $70K,1,5,1567,7723
,,,,,,23/04/2013 Total,,1,5,1567,7723
,,,,,,11/06/2013,$70K - $90K,1,6,3567,9055
,,,,,,11/06/2013 Total,,1,6,3567,9055
,,,,,,20/08/2013,$110K - $130K,1,4,9318,10969
,,,,,,20/08/2013 Total,,1,4,9318,10969
,,,,,,22/09/2013,$50K - $70K,1,4,1567,11841
,,,,,,22/09/2013 Total,,1,4,1567,11841
,,,,,,28/11/2013,$10K - $30K,1,3,8427,13681
,,,,,,28/11/2013 Total,,1,3,8427,13681
,,,,,,10/12/2013,$70K - $90K,1,5,3567,13899
,,,,,,10/12/2013 Total,,1,5,3567,13899
,,,,,USA Total,,,16,67,86266,88164
,,,,WA Total,,,,16,67,86266,88164
,,,Spokane Total,,,,,16,67,86266,88164
,,,Tacoma,WA,USA,28/03/2012,$30K - $50K,1,4,6162,1058
,,,,,,28/03/2012 Total,,1,4,6162,1058
,,,,,,02/06/2012,$110K - $130K,1,5,5590,1949
,,,,,,02/06/2012 Total,,1,5,5590,1949
,,,,,,20/06/2012,$50K - $70K,1,3,8172,2150
,,,,,,20/06/2012 Total,,1,3,8172,2150
,,,,,,16/08/2012,$130K - $150K,1,2,2065,2854
,,,,,,16/08/2012 Total,,1,2,2065,2854
,,,,,,07/11/2012,$70K - $90K,1,5,4099,3873
,,,,,,07/11/2012 Total,,1,5,4099,3873
,,,,,,26/12/2012,$90K - $110K,1,3,6168,4614
,,,,,,26/12/2012 Total,,1,3,6168,4614
,,,,,,06/01/2013,$10K - $30K,1,4,9937,4850
,,,,,,06/01/2013 Total,,1,4,9937,4850
,,,,,,20/01/2013,$10K - $30K,1,4,4029,5216
,,,,,,20/01/2013 Total,,1,4,4029,5216
,,,,,,21/02/2013,$30K - $50K,1,5,2511,6091
,,,,,,21/02/2013 Total,,1,5,2511,6091
,,,,,,28/03/2013,$30K - $50K,1,2,6162,7008
,,,,,,28/03/2013 Total,,1,2,6162,7008
,,,,,,05/08/2013,$10K - $30K,1,4,341,10567
,,,,,,05/08/2013 Total,,1,4,341,10567
,,,,,,06/08/2013,$50K - $70K,1,5,3470,10583
,,,,,,06/08/2013 Total,,1,5,3470,10583
,,,,,,01/09/2013,$70K - $90K,1,5,5790,11265
,,,,,,01/09/2013 Total,,1,5,5790,11265
,,,,,,30/09/2013,$10K - $30K,1,5,341,12082
,,,,,,30/09/2013 Total,,1,5,341,12082
,,,,,,25/10/2013,$50K - $70K,1,4,9271,12752
,,,,,,25/10/2013 Total,,1,4,9271,12752
,,,,,USA Total,,,15,60,74108,96912
,,,,WA Total,,,,15,60,74108,96912
,,,Tacoma Total,,,,,15,60,74108,96912
,,,Vancouver,BC,Canada,09/04/2013,$10K - $30K,1,5,1180,7353
,,,,,,09/04/2013 Total,,1,5,1180,7353
,,,,,,22/05/2013,$70K - $90K,1,4,2330,8526
,,,,,,22/05/2013 Total,,1,4,2330,8526
,,,,,,03/08/2013,$130K - $150K,1,3,4977,10501
,,,,,,,$30K - $50K,1,5,10177,10507
,,,,,,03/08/2013 Total,,2,8,15154,21008
,,,,,,26/08/2013,$30K - $50K,1,4,6746,11110
,,,,,,26/08/2013 Total,,1,4,6746,11110
,,,,,,06/10/2013,$50K - $70K,1,6,9822,12232
,,,,,,06/10/2013 Total,,1,6,9822,12232
,,,,,Canada Total,,,6,27,35232,60229
,,,,BC Total,,,,6,27,35232,60229
,,,Vancouver Total,,,,,6,27,35232,60229
,,,Victoria,BC,Canada,16/03/2013,$50K - $70K,1,4,2718,6724
,,,,,,16/03/2013 Total,,1,4,2718,6724
,,,,,,23/03/2013,$110K - $130K,1,5,8685,6884
,,,,,,23/03/2013 Total,,1,5,8685,6884
,,,,,Canada Total,,,2,9,11403,13608
,,,,BC Total,,,,2,9,11403,13608
,,,Victoria Total,,,,,2,9,11403,13608
,,,Walla Walla,WA,USA,18/04/2012,$130K - $150K,1,3,4651,1366
,,,,,,18/04/2012 Total,,1,3,4651,1366
,,,,,USA Total,,,1,3,4651,1366
,,,,WA Total,,,,1,3,4651,1366
,,,Walla Walla Total,,,,,1,3,4651,1366
,,,Yakima,WA,USA,24/05/2013,$10K - $30K,1,3,4070,8564
,,,,,,24/05/2013 Total,,1,3,4070,8564
,,,,,,06/06/2013,$50K - $70K,1,4,9016,8922
,,,,,,06/06/2013 Total,,1,4,9016,8922
,,,,,USA Total,,,2,7,13086,17486
,,,,WA Total,,,,2,7,13086,17486
,,,Yakima Total,,,,,2,7,13086,17486
,,M Total,,,,,,176,713,900247,1159407
,,S,Acapulco,Guerrero,Mexico,29/05/2013,$10K - $30K,1,4,8245,8715
,,,,,,29/05/2013 Total,,1,4,8245,8715
,,,,,,11/07/2013,$70K - $90K,1,3,1523,9887
,,,,,,11/07/2013 Total,,1,3,1523,9887
,,,,,,15/07/2013,$130K - $150K,1,3,2181,9988
,,,,,,15/07/2013 Total,,1,3,2181,9988
,,,,,,27/07/2013,$90K - $110K,1,5,9620,10323
,,,,,,27/07/2013 Total,,1,5,9620,10323
,,,,,,16/09/2013,$50K - $70K,1,3,9984,11677
,,,,,,16/09/2013 Total,,1,3,9984,11677
,,,,,,23/09/2013,$90K - $110K,1,3,3805,11867
,,,,,,23/09/2013 Total,,1,3,3805,11867
,,,,,,11/10/2013,$130K - $150K,1,5,9049,12358
,,,,,,11/10/2013 Total,,1,5,9049,12358
,,,,,,14/10/2013,$130K - $150K,1,4,7231,12444
,,,,,,14/10/2013 Total,,1,4,7231,12444
,,,,,Mexico Total,,,8,30,51638,87259
,,,,Guerrero Total,,,,8,30,51638,87259
,,,Acapulco Total,,,,,8,30,51638,87259
,,,Beverly Hills,CA,USA,15/02/2012,$30K - $50K,1,4,5954,467
,,,,,,15/02/2012 Total,,1,4,5954,467
,,,,,,25/04/2012,$110K - $130K,1,5,6184,1466
,,,,,,25/04/2012 Total,,1,5,6184,1466
,,,,,,28/04/2012,$70K - $90K,1,5,1820,1507
,,,,,,28/04/2012 Total,,1,5,1820,1507
,,,,,,05/07/2012,$50K - $70K,1,6,8070,2340
,,,,,,05/07/2012 Total,,1,6,8070,2340
,,,,,,20/07/2012,$30K - $50K,1,3,44,2528
,,,,,,20/07/2012 Total,,1,3,44,2528
,,,,,,10/08/2012,$50K - $70K,1,3,5735,2784
,,,,,,10/08/2012 Total,,1,3,5735,2784
,,,,,,01/09/2012,$90K - $110K,1,5,2523,3048
,,,,,,01/09/2012 Total,,1,5,2523,3048
,,,,,,05/09/2012,$30K - $50K,1,4,6927,3090
,,,,,,05/09/2012 Total,,1,4,6927,3090
,,,,,,22/09/2012,$10K - $30K,1,5,8248,3296
,,,,,,22/09/2012 Total,,1,5,8248,3296
,,,,,,13/10/2012,$30K - $50K,1,5,734,3570
,,,,,,13/10/2012 Total,,1,5,734,3570
,,,,,,04/11/2012,$50K - $70K,1,3,8793,3823
,,,,,,04/11/2012 Total,,1,3,8793,3823
,,,,,,23/04/2013,$30K - $50K,1,5,4115,7717
,,,,,,23/04/2013 Total,,1,5,4115,7717
,,,,,,04/09/2013,$30K - $50K,1,6,9979,11353
,,,,,,04/09/2013 Total,,1,6,9979,11353
,,,,,,22/10/2013,$110K - $130K,1,4,717,12673
,,,,,,22/10/2013 Total,,1,4,717,12673
,,,,,,13/11/2013,$50K - $70K,1,3,7560,13295
,,,,,,13/11/2013 Total,,1,3,7560,13295
,,,,,USA Total,,,15,66,77403,72957
,,,,CA Total,,,,15,66,77403,72957
,,,Beverly Hills Total,,,,,15,66,77403,72957
,,,Bremerton,WA,USA,29/01/2012,$30K - $50K,1,6,5831,266
,,,,,,29/01/2012 Total,,1,6,5831,266
,,,,,,04/02/2012,$30K - $50K,1,6,2924,351
,,,,,,04/02/2012 Total,,1,6,2924,351
,,,,,,06/05/2012,$10K - $30K,1,3,5898,1613
,,,,,,06/05/2012 Total,,1,3,5898,1613
,,,,,,21/08/2012,$70K - $90K,1,5,9866,2914
,,,,,,21/08/2012 Total,,1,5,9866,2914
,,,,,,31/08/2012,$30K - $50K,1,5,5944,3035
,,,,,,31/08/2012 Total,,1,5,5944,3035
,,,,,,01/09/2012,$10K - $30K,1,4,6832,3044
,,,,,,01/09/2012 Total,,1,4,6832,3044
,,,,,,29/10/2012,$10K - $30K,1,5,8003,3756
,,,,,,29/10/2012 Total,,1,5,8003,3756
,,,,,,11/11/2012,$30K - $50K,1,3,1979,3913
,,,,,,11/11/2012 Total,,1,3,1979,3913
,,,,,,07/12/2012,$50K - $70K,1,6,3065,4285
,,,,,,07/12/2012 Total,,1,6,3065,4285
,,,,,,10/01/2013,$50K - $70K,1,4,8947,4956
,,,,,,10/01/2013 Total,,1,4,8947,4956
,,,,,,29/01/2013,$50K - $70K,1,3,5376,5409
,,,,,,29/01/2013 Total,,1,3,5376,5409
,,,,,,28/06/2013,$10K - $30K,1,3,1633,9524
,,,,,,28/06/2013 Total,,1,3,1633,9524
,,,,,,29/08/2013,$10K - $30K,1,3,9029,11198
,,,,,,29/08/2013 Total,,1,3,9029,11198
,,,,,,17/09/2013,$30K - $50K,1,5,2924,11684
,,,,,,17/09/2013 Total,,1,5,2924,11684
,,,,,USA Total,,,14,61,78251,65948
,,,,WA Total,,,,14,61,78251,65948
,,,Bremerton Total,,,,,14,61,78251,65948
,,,Camacho,Zacatecas,Mexico,25/03/2013,$70K - $90K,1,5,4437,6919
,,,,,,25/03/2013 Total,,1,5,4437,6919
,,,,,,17/04/2013,$110K - $130K,1,4,8118,7554
,,,,,,17/04/2013 Total,,1,4,8118,7554
,,,,,,20/05/2013,$70K - $90K,1,4,9149,8466
,,,,,,20/05/2013 Total,,1,4,9149,8466
,,,,,,26/10/2013,$10K - $30K,1,4,4742,12773
,,,,,,26/10/2013 Total,,1,4,4742,12773
,,,,,,04/11/2013,$50K - $70K,1,4,5124,13059
,,,,,,04/11/2013 Total,,1,4,5124,13059
,,,,,Mexico Total,,,5,21,31570,48771
,,,,Zacatecas Total,,,,5,21,31570,48771
,,,Camacho Total,,,,,5,21,31570,48771
,,,Guadalajara,Jalisco,Mexico,14/05/2013,$10K - $30K,1,5,5669,8303
,,,,,,14/05/2013 Total,,1,5,5669,8303
,,,,,Mexico Total,,,1,5,5669,8303
,,,,Jalisco Total,,,,1,5,5669,8303
,,,Guadalajara Total,,,,,1,5,5669,8303
,,,Hidalgo,Zacatecas,Mexico,13/01/2013,$110K - $130K,1,3,4225,5031
,,,,,,13/01/2013 Total,,1,3,4225,5031
,,,,,,03/02/2013,$30K - $50K,1,5,4853,5579
,,,,,,03/02/2013 Total,,1,5,4853,5579
,,,,,,06/07/2013,$30K - $50K,1,3,2221,9720
,,,,,,06/07/2013 Total,,1,3,2221,9720
,,,,,,09/07/2013,$30K - $50K,1,5,3210,9832
,,,,,,09/07/2013 Total,,1,5,3210,9832
,,,,,,06/10/2013,$30K - $50K,1,4,7261,12234
,,,,,,06/10/2013 Total,,1,4,7261,12234
,,,,,Mexico Total,,,5,20,21770,42396
,,,,Zacatecas Total,,,,5,20,21770,42396
,,,Hidalgo Total,,,,,5,20,21770,42396
,,,Los Angeles,CA,USA,30/03/2012,$70K - $90K,1,4,4162,1090
,,,,,,30/03/2012 Total,,1,4,4162,1090
,,,,,,04/05/2012,$110K - $130K,1,5,2977,1570
,,,,,,04/05/2012 Total,,1,5,2977,1570
,,,,,,13/05/2012,$30K - $50K,1,4,8724,1707
,,,,,,13/05/2012 Total,,1,4,8724,1707
,,,,,,22/10/2012,$50K - $70K,1,4,6490,3660
,,,,,,22/10/2012 Total,,1,4,6490,3660
,,,,,,06/11/2012,$10K - $30K,1,4,3709,3856
,,,,,,06/11/2012 Total,,1,4,3709,3856
,,,,,,14/01/2013,$30K - $50K,1,2,6927,5048
,,,,,,14/01/2013 Total,,1,2,6927,5048
,,,,,,24/02/2013,$10K - $30K,1,4,26,6178
,,,,,,24/02/2013 Total,,1,4,26,6178
,,,,,,13/07/2013,$30K - $50K,1,3,7474,9955
,,,,,,13/07/2013 Total,,1,3,7474,9955
,,,,,,13/09/2013,$50K - $70K,1,4,6469,11584
,,,,,,13/09/2013 Total,,1,4,6469,11584
,,,,,,20/10/2013,$10K - $30K,1,5,2111,12623
,,,,,,20/10/2013 Total,,1,5,2111,12623
,,,,,USA Total,,,10,39,49069,57271
,,,,CA Total,,,,10,39,49069,57271
,,,Los Angeles Total,,,,,10,39,49069,57271
,,,Merida,Yucatan,Mexico,21/01/2013,$70K - $90K,1,6,1419,5241
,,,,,,21/01/2013 Total,,1,6,1419,5241
,,,,,,17/03/2013,$30K - $50K,1,5,5642,6736
,,,,,,17/03/2013 Total,,1,5,5642,6736
,,,,,,24/03/2013,$30K - $50K,1,4,5466,6905
,,,,,,24/03/2013 Total,,1,4,5466,6905
,,,,,,05/04/2013,$50K - $70K,1,3,8239,7242
,,,,,,05/04/2013 Total,,1,3,8239,7242
,,,,,,14/04/2013,$50K - $70K,1,3,498,7476
,,,,,,14/04/2013 Total,,1,3,498,7476
,,,,,,17/05/2013,$30K - $50K,1,7,5466,8379
,,,,,,17/05/2013 Total,,1,7,5466,8379
,,,,,,18/06/2013,$150K +,1,5,3125,9273
,,,,,,18/06/2013 Total,,1,5,3125,9273
,,,,,,08/07/2013,$30K - $50K,1,5,9610,9798
,,,,,,08/07/2013 Total,,1,5,9610,9798
,,,,,,15/08/2013,$70K - $90K,1,6,8870,10831
,,,,,,15/08/2013 Total,,1,6,8870,10831
,,,,,,14/10/2013,$50K - $70K,1,3,498,12438
,,,,,,14/10/2013 Total,,1,3,498,12438
,,,,,,20/10/2013,$70K - $90K,1,4,8870,12596
,,,,,,20/10/2013 Total,,1,4,8870,12596
,,,,,,06/11/2013,$70K - $90K,1,4,4647,13082
,,,,,,06/11/2013 Total,,1,4,4647,13082
,,,,,Mexico Total,,,12,55,62350,109997
,,,,Yucatan Total,,,,12,55,62350,109997
,,,Merida Total,,,,,12,55,62350,109997
,,,Mexico City,DF,Mexico,22/02/2013,$10K - $30K,1,6,8607,6106
,,,,,,22/02/2013 Total,,1,6,8607,6106
,,,,,,27/02/2013,$10K - $30K,1,6,8865,6281
,,,,,,27/02/2013 Total,,1,6,8865,6281
,,,,,,07/03/2013,$10K - $30K,1,3,242,6474
,,,,,,07/03/2013 Total,,1,3,242,6474
,,,,,,30/04/2013,$10K - $30K,1,3,1026,7916
,,,,,,30/04/2013 Total,,1,3,1026,7916
,,,,,,03/06/2013,$50K - $70K,1,4,6010,8861
,,,,,,03/06/2013 Total,,1,4,6010,8861
,,,,,,29/08/2013,$70K - $90K,1,5,1236,11193
,,,,,,29/08/2013 Total,,1,5,1236,11193
,,,,,,02/11/2013,$30K - $50K,1,3,2911,12977
,,,,,,02/11/2013 Total,,1,3,2911,12977
,,,,,Mexico Total,,,7,30,28897,59808
,,,,DF Total,,,,7,30,28897,59808
,,,Mexico City Total,,,,,7,30,28897,59808
,,,Orizaba,Veracruz,Mexico,27/12/2012,$130K - $150K,1,6,7376,4636
,,,,,,27/12/2012 Total,,1,6,7376,4636
,,,,,,01/02/2013,$50K - $70K,1,4,3870,5501
,,,,,,01/02/2013 Total,,1,4,3870,5501
,,,,,,13/07/2013,$50K - $70K,1,3,1183,9929
,,,,,,13/07/2013 Total,,1,3,1183,9929
,,,,,,26/08/2013,$30K - $50K,1,4,5172,11125
,,,,,,26/08/2013 Total,,1,4,5172,11125
,,,,,,17/11/2013,$50K - $70K,1,6,3870,13402
,,,,,,17/11/2013 Total,,1,6,3870,13402
,,,,,Mexico Total,,,5,23,21471,44593
,,,,Veracruz Total,,,,5,23,21471,44593
,,,Orizaba Total,,,,,5,23,21471,44593
,,,Portland,OR,USA,27/12/2011,$30K - $50K,1,5,6651,15
,,,,,,27/12/2011 Total,,1,5,6651,15
,,,,,,22/02/2012,$30K - $50K,1,5,2513,558
,,,,,,22/02/2012 Total,,1,5,2513,558
,,,,,,11/04/2012,$30K - $50K,1,3,1235,1248
,,,,,,11/04/2012 Total,,1,3,1235,1248
,,,,,,04/06/2012,$10K - $30K,1,5,8158,1979
,,,,,,04/06/2012 Total,,1,5,8158,1979
,,,,,,16/08/2012,$130K - $150K,1,2,4644,2850
,,,,,,16/08/2012 Total,,1,2,4644,2850
,,,,,,31/10/2012,$50K - $70K,1,3,645,3772
,,,,,,31/10/2012 Total,,1,3,645,3772
,,,,,,24/12/2012,$30K - $50K,1,2,6557,4567
,,,,,,24/12/2012 Total,,1,2,6557,4567
,,,,,,04/01/2013,$10K - $30K,1,5,3435,4804
,,,,,,04/01/2013 Total,,1,5,3435,4804
,,,,,,05/01/2013,$10K - $30K,1,3,1432,4823
,,,,,,05/01/2013 Total,,1,3,1432,4823
,,,,,,10/05/2013,$10K - $30K,1,4,4829,8211
,,,,,,10/05/2013 Total,,1,4,4829,8211
,,,,,,22/05/2013,$10K - $30K,1,5,8550,8513
,,,,,,22/05/2013 Total,,1,5,8550,8513
,,,,,,13/07/2013,$50K - $70K,1,3,645,9959
,,,,,,13/07/2013 Total,,1,3,645,9959
,,,,,,18/07/2013,$130K - $150K,1,4,9601,10106
,,,,,,18/07/2013 Total,,1,4,9601,10106
,,,,,,27/08/2013,$30K - $50K,1,5,225,11133
,,,,,,27/08/2013 Total,,1,5,225,11133
,,,,,,25/09/2013,$10K - $30K,1,5,8558,11927
,,,,,,25/09/2013 Total,,1,5,8558,11927
,,,,,,16/11/2013,$10K - $30K,1,5,8263,13400
,,,,,,16/11/2013 Total,,1,5,8263,13400
,,,,,USA Total,,,16,64,75941,97865
,,,,OR Total,,,,16,64,75941,97865
,,,Portland Total,,,,,16,64,75941,97865
,,,Salem,OR,USA,30/12/2011,$50K - $70K,1,2,3196,29
,,,,,,30/12/2011 Total,,1,2,3196,29
,,,,,,04/02/2012,$50K - $70K,1,5,4678,347
,,,,,,04/02/2012 Total,,1,5,4678,347
,,,,,,18/03/2012,$30K - $50K,1,5,1821,900
,,,,,,18/03/2012 Total,,1,5,1821,900
,,,,,,04/05/2012,$10K - $30K,1,3,2832,1582
,,,,,,04/05/2012 Total,,1,3,2832,1582
,,,,,,30/07/2012,$10K - $30K,1,3,398,2638
,,,,,,30/07/2012 Total,,1,3,398,2638
,,,,,,28/09/2012,$70K - $90K,1,6,3253,3359
,,,,,,28/09/2012 Total,,1,6,3253,3359
,,,,,,06/11/2012,$10K - $30K,1,6,7457,3865
,,,,,,06/11/2012 Total,,1,6,7457,3865
,,,,,,30/12/2012,$30K - $50K,1,3,3524,4680
,,,,,,30/12/2012 Total,,1,3,3524,4680
,,,,,,23/01/2013,$30K - $50K,1,3,4423,5264
,,,,,,23/01/2013 Total,,1,3,4423,5264
,,,,,,25/05/2013,$130K - $150K,1,4,5869,8592
,,,,,,25/05/2013 Total,,1,4,5869,8592
,,,,,,29/06/2013,$30K - $50K,1,5,3979,9551
,,,,,,29/06/2013 Total,,1,5,3979,9551
,,,,,,07/07/2013,$50K - $70K,1,4,9125,9785
,,,,,,07/07/2013 Total,,1,4,9125,9785
,,,,,,24/07/2013,$30K - $50K,1,3,1893,10245
,,,,,,24/07/2013 Total,,1,3,1893,10245
,,,,,,14/08/2013,$10K - $30K,1,4,8692,10825
,,,,,,14/08/2013 Total,,1,4,8692,10825
,,,,,,01/09/2013,$10K - $30K,1,4,2832,11262
,,,,,,01/09/2013 Total,,1,4,2832,11262
,,,,,,06/09/2013,$70K - $90K,1,5,2762,11395
,,,,,,06/09/2013 Total,,1,5,2762,11395
,,,,,,07/09/2013,$30K - $50K,1,2,1074,11418
,,,,,,07/09/2013 Total,,1,2,1074,11418
,,,,,,20/09/2013,$70K - $90K,1,5,3882,11772
,,,,,,20/09/2013 Total,,1,5,3882,11772
,,,,,,24/12/2013,$30K - $50K,1,5,2234,14028
,,,,,,24/12/2013 Total,,1,5,2234,14028
,,,,,USA Total,,,19,77,73924,131537
,,,,OR Total,,,,19,77,73924,131537
,,,Salem Total,,,,,19,77,73924,131537
,,,San Andres,DF,Mexico,31/01/2013,$50K - $70K,1,5,8061,5483
,,,,,,31/01/2013 Total,,1,5,8061,5483
,,,,,,03/02/2013,$10K - $30K,1,3,5876,5573
,,,,,,03/02/2013 Total,,1,3,5876,5573
,,,,,,12/02/2013,$30K - $50K,1,5,7934,5817
,,,,,,12/02/2013 Total,,1,5,7934,5817
,,,,,,04/03/2013,$70K - $90K,1,4,1236,6399
,,,,,,04/03/2013 Total,,1,4,1236,6399
,,,,,,09/03/2013,$30K - $50K,1,3,8548,6531
,,,,,,09/03/2013 Total,,1,3,8548,6531
,,,,,,21/03/2013,$110K - $130K,1,6,9848,6836
,,,,,,21/03/2013 Total,,1,6,9848,6836
,,,,,,08/06/2013,$90K - $110K,1,3,6961,8981
,,,,,,08/06/2013 Total,,1,3,6961,8981
,,,,,,07/08/2013,$30K - $50K,1,6,4147,10598
,,,,,,07/08/2013 Total,,1,6,4147,10598
,,,,,,09/09/2013,$30K - $50K,1,3,8890,11461
,,,,,,09/09/2013 Total,,1,3,8890,11461
,,,,,,10/11/2013,$10K - $30K,1,6,5281,13222
,,,,,,10/11/2013 Total,,1,6,5281,13222
,,,,,,11/11/2013,$50K - $70K,1,6,9189,13258
,,,,,,11/11/2013 Total,,1,6,9189,13258
,,,,,,21/12/2013,$70K - $90K,1,4,2549,14002
,,,,,,21/12/2013 Total,,1,4,2549,14002
,,,,,Mexico Total,,,12,54,78520,108161
,,,,DF Total,,,,12,54,78520,108161
,,,San Andres Total,,,,,12,54,78520,108161
,,,San Diego,CA,USA,08/03/2012,$30K - $50K,1,6,3755,743
,,,,,,08/03/2012 Total,,1,6,3755,743
,,,,,,09/03/2012,$10K - $30K,1,5,7547,763
,,,,,,09/03/2012 Total,,1,5,7547,763
,,,,,,16/03/2012,$10K - $30K,1,4,9703,866
,,,,,,16/03/2012 Total,,1,4,9703,866
,,,,,,24/06/2012,$30K - $50K,1,3,8623,2215
,,,,,,24/06/2012 Total,,1,3,8623,2215
,,,,,,09/07/2012,$10K - $30K,1,5,2672,2378
,,,,,,09/07/2012 Total,,1,5,2672,2378
,,,,,,26/09/2012,$10K - $30K,1,5,7112,3337
,,,,,,26/09/2012 Total,,1,5,7112,3337
,,,,,,03/10/2012,$30K - $50K,1,6,4687,3427
,,,,,,03/10/2012 Total,,1,6,4687,3427
,,,,,,25/10/2012,$70K - $90K,1,6,4041,3691
,,,,,,25/10/2012 Total,,1,6,4041,3691
,,,,,,29/10/2012,$90K - $110K,1,4,7942,3752
,,,,,,29/10/2012 Total,,1,4,7942,3752
,,,,,,28/11/2012,$10K - $30K,1,5,1410,4156
,,,,,,28/11/2012 Total,,1,5,1410,4156
,,,,,,31/12/2012,$10K - $30K,1,3,8499,4709
,,,,,,31/12/2012 Total,,1,3,8499,4709
,,,,,,14/01/2013,$50K - $70K,1,5,820,5054
,,,,,,14/01/2013 Total,,1,5,820,5054
,,,,,,26/03/2013,$10K - $30K,1,4,1191,6959
,,,,,,26/03/2013 Total,,1,4,1191,6959
,,,,,,29/04/2013,$90K - $110K,1,3,8034,7887
,,,,,,29/04/2013 Total,,1,3,8034,7887
,,,,,,05/09/2013,$30K - $50K,1,3,7767,11369
,,,,,,05/09/2013 Total,,1,3,7767,11369
,,,,,,18/10/2013,$10K - $30K,1,4,7112,12553
,,,,,,18/10/2013 Total,,1,4,7112,12553
,,,,,,29/10/2013,$50K - $70K,1,4,6523,12871
,,,,,,29/10/2013 Total,,1,4,6523,12871
,,,,,,26/11/2013,$10K - $30K,1,3,9992,13623
,,,,,,26/11/2013 Total,,1,3,9992,13623
,,,,,USA Total,,,18,78,107430,100353
,,,,CA Total,,,,18,78,107430,100353
,,,San Diego Total,,,,,18,78,107430,100353
,,,San Francisco,CA,USA,16/02/2012,$50K - $70K,1,4,283,480
,,,,,,16/02/2012 Total,,1,4,283,480
,,,,,USA Total,,,1,4,283,480
,,,,CA Total,,,,1,4,283,480
,,,San Francisco Total,,,,,1,4,283,480
,,,Seattle,WA,USA,03/02/2012,$30K - $50K,1,3,5647,337
,,,,,,03/02/2012 Total,,1,3,5647,337
,,,,,,06/05/2012,$30K - $50K,1,3,8562,1619
,,,,,,06/05/2012 Total,,1,3,8562,1619
,,,,,,28/05/2012,$10K - $30K,1,6,3942,1891
,,,,,,28/05/2012 Total,,1,6,3942,1891
,,,,,,24/11/2012,$30K - $50K,1,3,8657,4097
,,,,,,24/11/2012 Total,,1,3,8657,4097
,,,,,,16/05/2013,$10K - $30K,1,5,3048,8354
,,,,,,16/05/2013 Total,,1,5,3048,8354
,,,,,,21/05/2013,$30K - $50K,1,4,1959,8499
,,,,,,21/05/2013 Total,,1,4,1959,8499
,,,,,,30/08/2013,$30K - $50K,1,4,3086,11214
,,,,,,30/08/2013 Total,,1,4,3086,11214
,,,,,,25/09/2013,$30K - $50K,1,4,9337,11916
,,,,,,25/09/2013 Total,,1,4,9337,11916
,,,,,,02/10/2013,$50K - $70K,1,4,771,12120
,,,,,,02/10/2013 Total,,1,4,771,12120
,,,,,,04/11/2013,$70K - $90K,1,5,8329,13047
,,,,,,04/11/2013 Total,,1,5,8329,13047
,,,,,,07/11/2013,$70K - $90K,1,6,4916,13126
,,,,,,07/11/2013 Total,,1,6,4916,13126
,,,,,USA Total,,,11,47,58254,86220
,,,,WA Total,,,,11,47,58254,86220
,,,Seattle Total,,,,,11,47,58254,86220
,,,Spokane,WA,USA,30/01/2012,$30K - $50K,1,5,378,278
,,,,,,30/01/2012 Total,,1,5,378,278
,,,,,,09/10/2012,$10K - $30K,1,6,2019,3524
,,,,,,09/10/2012 Total,,1,6,2019,3524
,,,,,,29/04/2013,$30K - $50K,1,6,7702,7876
,,,,,,29/04/2013 Total,,1,6,7702,7876
,,,,,,29/08/2013,$30K - $50K,1,7,5295,11182
,,,,,,29/08/2013 Total,,1,7,5295,11182
,,,,,,25/09/2013,$30K - $50K,1,4,7702,11914
,,,,,,25/09/2013 Total,,1,4,7702,11914
,,,,,,07/12/2013,$10K - $30K,1,3,7502,13852
,,,,,,07/12/2013 Total,,1,3,7502,13852
,,,,,USA Total,,,6,31,30598,48626
,,,,WA Total,,,,6,31,30598,48626
,,,Spokane Total,,,,,6,31,30598,48626
,,,Tacoma,WA,USA,09/01/2012,$70K - $90K,1,3,1216,75
,,,,,,09/01/2012 Total,,1,3,1216,75
,,,,,,18/01/2012,$30K - $50K,1,5,6647,152
,,,,,,18/01/2012 Total,,1,5,6647,152
,,,,,,15/05/2012,$10K - $30K,1,4,4700,1726
,,,,,,15/05/2012 Total,,1,4,4700,1726
,,,,,,11/08/2012,$130K - $150K,1,4,6799,2798
,,,,,,11/08/2012 Total,,1,4,6799,2798
,,,,,,05/09/2012,$30K - $50K,1,4,8059,3100
,,,,,,05/09/2012 Total,,1,4,8059,3100
,,,,,,27/10/2012,$50K - $70K,1,5,5067,3723
,,,,,,27/10/2012 Total,,1,5,5067,3723
,,,,,,04/01/2013,$10K - $30K,1,4,5877,4803
,,,,,,04/01/2013 Total,,1,4,5877,4803
,,,,,,31/01/2013,$50K - $70K,1,5,5067,5484
,,,,,,31/01/2013 Total,,1,5,5067,5484
,,,,,,01/05/2013,$10K - $30K,1,3,8289,7930
,,,,,,01/05/2013 Total,,1,3,8289,7930
,,,,,,19/06/2013,$130K - $150K,1,4,1328,9274
,,,,,,19/06/2013 Total,,1,4,1328,9274
,,,,,,25/08/2013,$110K - $130K,1,4,7059,11072
,,,,,,25/08/2013 Total,,1,4,7059,11072
,,,,,,03/09/2013,$10K - $30K,1,5,3231,11312
,,,,,,03/09/2013 Total,,1,5,3231,11312
,,,,,USA Total,,,12,50,63339,61449
,,,,WA Total,,,,12,50,63339,61449
,,,Tacoma Total,,,,,12,50,63339,61449
,,,Vancouver,BC,Canada,19/02/2013,$30K - $50K,1,2,9808,6024
,,,,,,19/02/2013 Total,,1,2,9808,6024
,,,,,,28/03/2013,$110K - $130K,1,3,9352,7015
,,,,,,28/03/2013 Total,,1,3,9352,7015
,,,,,,02/04/2013,$10K - $30K,1,3,5265,7154
,,,,,,02/04/2013 Total,,1,3,5265,7154
,,,,,,27/04/2013,$110K - $130K,1,3,6882,7838
,,,,,,27/04/2013 Total,,1,3,6882,7838
,,,,,,16/05/2013,$130K - $150K,1,5,2628,8363
,,,,,,,$50K - $70K,1,5,6787,8345
,,,,,,16/05/2013 Total,,2,10,9415,16708
,,,,,,03/06/2013,$30K - $50K,1,4,3338,8840
,,,,,,03/06/2013 Total,,1,4,3338,8840
,,,,,,01/07/2013,$30K - $50K,1,5,2257,9611
,,,,,,01/07/2013 Total,,1,5,2257,9611
,,,,,,02/07/2013,$10K - $30K,1,5,4941,9621
,,,,,,02/07/2013 Total,,1,5,4941,9621
,,,,,,21/07/2013,$70K - $90K,1,3,5806,10184
,,,,,,21/07/2013 Total,,1,3,5806,10184
,,,,,,09/08/2013,$50K - $70K,1,4,9038,10653
,,,,,,09/08/2013 Total,,1,4,9038,10653
,,,,,,01/09/2013,$30K - $50K,1,4,9093,11270
,,,,,,01/09/2013 Total,,1,4,9093,11270
,,,,,,19/09/2013,$10K - $30K,1,5,5576,11744
,,,,,,19/09/2013 Total,,1,5,5576,11744
,,,,,,21/09/2013,$10K - $30K,1,4,9328,11802
,,,,,,21/09/2013 Total,,1,4,9328,11802
,,,,,,28/10/2013,$10K - $30K,1,4,3209,12844
,,,,,,28/10/2013 Total,,1,4,3209,12844
,,,,,Canada Total,,,15,59,93308,141308
,,,,BC Total,,,,15,59,93308,141308
,,,Vancouver Total,,,,,15,59,93308,141308
,,,Victoria,BC,Canada,05/02/2013,$130K - $150K,1,3,4260,5649
,,,,,,05/02/2013 Total,,1,3,4260,5649
,,,,,,04/03/2013,$10K - $30K,1,5,2048,6406
,,,,,,04/03/2013 Total,,1,5,2048,6406
,,,,,,15/07/2013,$90K - $110K,1,4,8333,9993
,,,,,,15/07/2013 Total,,1,4,8333,9993
,,,,,,19/11/2013,$30K - $50K,1,5,5036,13461
,,,,,,19/11/2013 Total,,1,5,5036,13461
,,,,,Canada Total,,,4,17,19677,35509
,,,,BC Total,,,,4,17,19677,35509
,,,Victoria Total,,,,,4,17,19677,35509
,,,Walla Walla,WA,USA,05/03/2012,$30K - $50K,1,3,4457,704
,,,,,,05/03/2012 Total,,1,3,4457,704
,,,,,,14/06/2013,$70K - $90K,1,5,758,9135
,,,,,,14/06/2013 Total,,1,5,758,9135
,,,,,,28/08/2013,$30K - $50K,1,4,5956,11168
,,,,,,28/08/2013 Total,,1,4,5956,11168
,,,,,USA Total,,,3,12,11171,21007
,,,,WA Total,,,,3,12,11171,21007
,,,Walla Walla Total,,,,,3,12,11171,21007
,,,Yakima,WA,USA,01/03/2012,$10K - $30K,1,5,4351,652
,,,,,,01/03/2012 Total,,1,5,4351,652
,,,,,,18/06/2012,$50K - $70K,1,4,7190,2131
,,,,,,18/06/2012 Total,,1,4,7190,2131
,,,,,,20/08/2012,$50K - $70K,1,2,4609,2897
,,,,,,20/08/2012 Total,,1,2,4609,2897
,,,,,,10/11/2012,$30K - $50K,1,5,6888,3904
,,,,,,10/11/2012 Total,,1,5,6888,3904
,,,,,USA Total,,,4,16,23038,9584
,,,,WA Total,,,,4,16,23038,9584
,,,Yakima Total,,,,,4,16,23038,9584
,,S Total,,,,,,203,859,1063571,1439402
,M Total,,,,,,,379,1572,1963818,2598809
Fruit Total,,,,,,,,765,3195,3897806,5246761
Hardware,F,M,Beverly Hills,CA,USA,12/05/2012,$50K - $70K,1,6,4279,1696
,,,,,,12/05/2012 Total,,1,6,4279,1696
,,,,,USA Total,,,1,6,4279,1696
,,,,CA Total,,,,1,6,4279,1696
,,,Beverly Hills Total,,,,,1,6,4279,1696
,,,Bremerton,WA,USA,25/02/2013,$30K - $50K,1,5,2878,6218
,,,,,,25/02/2013 Total,,1,5,2878,6218
,,,,,,13/07/2013,$50K - $70K,1,2,8731,9953
,,,,,,13/07/2013 Total,,1,2,8731,9953
,,,,,USA Total,,,2,7,11609,16171
,,,,WA Total,,,,2,7,11609,16171
,,,Bremerton Total,,,,,2,7,11609,16171
,,,Camacho,Zacatecas,Mexico,24/08/2013,$30K - $50K,1,4,2646,11062
,,,,,,24/08/2013 Total,,1,4,2646,11062
,,,,,Mexico Total,,,1,4,2646,11062
,,,,Zacatecas Total,,,,1,4,2646,11062
,,,Camacho Total,,,,,1,4,2646,11062
,,,Hidalgo,Zacatecas,Mexico,25/10/2013,$10K - $30K,1,4,1444,12758
,,,,,,25/10/2013 Total,,1,4,1444,12758
,,,,,,04/12/2013,$90K - $110K,1,6,4026,13811
,,,,,,04/12/2013 Total,,1,6,4026,13811
,,,,,Mexico Total,,,2,10,5470,26569
,,,,Zacatecas Total,,,,2,10,5470,26569
,,,Hidalgo Total,,,,,2,10,5470,26569
,,,Los Angeles,CA,USA,12/03/2012,$10K - $30K,1,5,10104,806
,,,,,,12/03/2012 Total,,1,5,10104,806
,,,,,,28/12/2012,$30K - $50K,1,5,8816,4659
,,,,,,28/12/2012 Total,,1,5,8816,4659
,,,,,USA Total,,,2,10,18920,5465
,,,,CA Total,,,,2,10,18920,5465
,,,Los Angeles Total,,,,,2,10,18920,5465
,,,Merida,Yucatan,Mexico,17/03/2013,$70K - $90K,1,4,9844,6746
,,,,,,17/03/2013 Total,,1,4,9844,6746
,,,,,,22/03/2013,$70K - $90K,1,2,6075,6850
,,,,,,22/03/2013 Total,,1,2,6075,6850
,,,,,,15/08/2013,$10K - $30K,1,4,2139,10830
,,,,,,15/08/2013 Total,,1,4,2139,10830
,,,,,Mexico Total,,,3,10,18058,24426
,,,,Yucatan Total,,,,3,10,18058,24426
,,,Merida Total,,,,,3,10,18058,24426
,,,Orizaba,Veracruz,Mexico,15/02/2013,$30K - $50K,1,3,1836,5923
,,,,,,15/02/2013 Total,,1,3,1836,5923
,,,,,Mexico Total,,,1,3,1836,5923
,,,,Veracruz Total,,,,1,3,1836,5923
,,,Orizaba Total,,,,,1,3,1836,5923
,,,Portland,OR,USA,27/08/2013,$10K - $30K,1,2,2258,11130
,,,,,,27/08/2013 Total,,1,2,2258,11130
,,,,,USA Total,,,1,2,2258,11130
,,,,OR Total,,,,1,2,2258,11130
,,,Portland Total,,,,,1,2,2258,11130
,,,Salem,OR,USA,10/01/2012,$130K - $150K,1,5,4396,83
,,,,,,10/01/2012 Total,,1,5,4396,83
,,,,,,10/08/2012,$30K - $50K,1,5,7269,2785
,,,,,,10/08/2012 Total,,1,5,7269,2785
,,,,,,01/03/2013,$70K - $90K,1,4,1681,6313
,,,,,,01/03/2013 Total,,1,4,1681,6313
,,,,,,02/04/2013,$50K - $70K,1,5,7132,7161
,,,,,,02/04/2013 Total,,1,5,7132,7161
,,,,,,21/05/2013,$30K - $50K,1,4,1996,8496
,,,,,,21/05/2013 Total,,1,4,1996,8496
,,,,,USA Total,,,5,23,22474,24838
,,,,OR Total,,,,5,23,22474,24838
,,,Salem Total,,,,,5,23,22474,24838
,,,San Andres,DF,Mexico,09/09/2013,$130K - $150K,1,4,6052,11460
,,,,,,09/09/2013 Total,,1,4,6052,11460
,,,,,,27/09/2013,$50K - $70K,1,3,9402,11993
,,,,,,27/09/2013 Total,,1,3,9402,11993
,,,,,Mexico Total,,,2,7,15454,23453
,,,,DF Total,,,,2,7,15454,23453
,,,San Andres Total,,,,,2,7,15454,23453
,,,San Diego,CA,USA,02/04/2012,$50K - $70K,1,6,6741,1118
,,,,,,02/04/2012 Total,,1,6,6741,1118
,,,,,USA Total,,,1,6,6741,1118
,,,,CA Total,,,,1,6,6741,1118
,,,San Diego Total,,,,,1,6,6741,1118
,,,Spokane,WA,USA,11/06/2012,$30K - $50K,1,5,4391,2047
,,,,,,11/06/2012 Total,,1,5,4391,2047
,,,,,,02/12/2013,$130K - $150K,1,3,4868,13772
,,,,,,02/12/2013 Total,,1,3,4868,13772
,,,,,USA Total,,,2,8,9259,15819
,,,,WA Total,,,,2,8,9259,15819
,,,Spokane Total,,,,,2,8,9259,15819
,,,Tacoma,WA,USA,31/05/2012,$30K - $50K,1,3,1965,1933
,,,,,,31/05/2012 Total,,1,3,1965,1933
,,,,,,04/02/2013,$30K - $50K,1,4,6690,5591
,,,,,,04/02/2013 Total,,1,4,6690,5591
,,,,,,07/07/2013,$30K - $50K,1,6,9734,9764
,,,,,,07/07/2013 Total,,1,6,9734,9764
,,,,,,23/07/2013,$30K - $50K,1,3,3528,10228
,,,,,,23/07/2013 Total,,1,3,3528,10228
,,,,,USA Total,,,4,16,21917,27516
,,,,WA Total,,,,4,16,21917,27516
,,,Tacoma Total,,,,,4,16,21917,27516
,,,Vancouver,BC,Canada,24/04/2013,$110K - $130K,1,6,7630,7739
,,,,,,24/04/2013 Total,,1,6,7630,7739
,,,,,,08/07/2013,$10K - $30K,1,2,1501,9808
,,,,,,08/07/2013 Total,,1,2,1501,9808
,,,,,,11/08/2013,$130K - $150K,1,4,2651,10720
,,,,,,,$70K - $90K,1,3,4929,10728
,,,,,,11/08/2013 Total,,2,7,7580,21448
,,,,,,23/11/2013,$30K - $50K,1,5,4361,13548
,,,,,,23/11/2013 Total,,1,5,4361,13548
,,,,,Canada Total,,,5,20,21072,52543
,,,,BC Total,,,,5,20,21072,52543
,,,Vancouver Total,,,,,5,20,21072,52543
,,,Yakima,WA,USA,25/04/2012,$150K +,1,3,354,1453
,,,,,,25/04/2012 Total,,1,3,354,1453
,,,,,USA Total,,,1,3,354,1453
,,,,WA Total,,,,1,3,354,1453
,,,Yakima Total,,,,,1,3,354,1453
,,M Total,,,,,,33,135,162347,249182
,,S,Beverly Hills,CA,USA,13/09/2012,$10K - $30K,1,4,8684,3197
,,,,,,13/09/2012 Total,,1,4,8684,3197
,,,,,USA Total,,,1,4,8684,3197
,,,,CA Total,,,,1,4,8684,3197
,,,Beverly Hills Total,,,,,1,4,8684,3197
,,,Bremerton,WA,USA,16/06/2012,$30K - $50K,1,5,5537,2107
,,,,,,16/06/2012 Total,,1,5,5537,2107
,,,,,USA Total,,,1,5,5537,2107
,,,,WA Total,,,,1,5,5537,2107
,,,Bremerton Total,,,,,1,5,5537,2107
,,,Camacho,Zacatecas,Mexico,15/05/2013,$30K - $50K,1,4,9811,8325
,,,,,,15/05/2013 Total,,1,4,9811,8325
,,,,,,28/08/2013,$50K - $70K,1,6,4932,11151
,,,,,,28/08/2013 Total,,1,6,4932,11151
,,,,,Mexico Total,,,2,10,14743,19476
,,,,Zacatecas Total,,,,2,10,14743,19476
,,,Camacho Total,,,,,2,10,14743,19476
,,,Guadalajara,Jalisco,Mexico,18/06/2013,$70K - $90K,1,2,6004,9245
,,,,,,18/06/2013 Total,,1,2,6004,9245
,,,,,Mexico Total,,,1,2,6004,9245
,,,,Jalisco Total,,,,1,2,6004,9245
,,,Guadalajara Total,,,,,1,2,6004,9245
,,,Hidalgo,Zacatecas,Mexico,13/02/2013,$30K - $50K,1,4,7782,5866
,,,,,,13/02/2013 Total,,1,4,7782,5866
,,,,,Mexico Total,,,1,4,7782,5866
,,,,Zacatecas Total,,,,1,4,7782,5866
,,,Hidalgo Total,,,,,1,4,7782,5866
,,,Merida,Yucatan,Mexico,05/02/2013,$30K - $50K,1,2,4285,5623
,,,,,,05/02/2013 Total,,1,2,4285,5623
,,,,,,22/02/2013,$70K - $90K,1,2,5102,6129
,,,,,,22/02/2013 Total,,1,2,5102,6129
,,,,,,16/11/2013,$50K - $70K,1,7,6387,13384
,,,,,,16/11/2013 Total,,1,7,6387,13384
,,,,,Mexico Total,,,3,11,15774,25136
,,,,Yucatan Total,,,,3,11,15774,25136
,,,Merida Total,,,,,3,11,15774,25136
,,,Mexico City,DF,Mexico,06/06/2013,$30K - $50K,1,5,4043,8946
,,,,,,06/06/2013 Total,,1,5,4043,8946
,,,,,Mexico Total,,,1,5,4043,8946
,,,,DF Total,,,,1,5,4043,8946
,,,Mexico City Total,,,,,1,5,4043,8946
,,,Orizaba,Veracruz,Mexico,25/02/2013,$90K - $110K,1,3,6812,6213
,,,,,,25/02/2013 Total,,1,3,6812,6213
,,,,,,14/06/2013,$30K - $50K,1,7,670,9148
,,,,,,14/06/2013 Total,,1,7,670,9148
,,,,,Mexico Total,,,2,10,7482,15361
,,,,Veracruz Total,,,,2,10,7482,15361
,,,Orizaba Total,,,,,2,10,7482,15361
,,,Portland,OR,USA,08/08/2012,$10K - $30K,1,4,1195,2760
,,,,,,08/08/2012 Total,,1,4,1195,2760
,,,,,USA Total,,,1,4,1195,2760
,,,,OR Total,,,,1,4,1195,2760
,,,Portland Total,,,,,1,4,1195,2760
,,,Salem,OR,USA,01/05/2012,$50K - $70K,1,5,2398,1535
,,,,,,01/05/2012 Total,,1,5,2398,1535
,,,,,,04/07/2012,$90K - $110K,1,3,5958,2326
,,,,,,04/07/2012 Total,,1,3,5958,2326
,,,,,,22/03/2013,$10K - $30K,1,4,7149,6861
,,,,,,22/03/2013 Total,,1,4,7149,6861
,,,,,,25/03/2013,$90K - $110K,1,2,7292,6941
,,,,,,25/03/2013 Total,,1,2,7292,6941
,,,,,,11/09/2013,$30K - $50K,1,4,6306,11526
,,,,,,11/09/2013 Total,,1,4,6306,11526
,,,,,,22/11/2013,$70K - $90K,1,5,3130,13543
,,,,,,22/11/2013 Total,,1,5,3130,13543
,,,,,USA Total,,,6,23,32233,42732
,,,,OR Total,,,,6,23,32233,42732
,,,Salem Total,,,,,6,23,32233,42732
,,,San Andres,DF,Mexico,05/09/2013,$50K - $70K,1,4,310,11371
,,,,,,05/09/2013 Total,,1,4,310,11371
,,,,,,12/09/2013,$10K - $30K,1,4,1910,11549
,,,,,,12/09/2013 Total,,1,4,1910,11549
,,,,,,16/11/2013,$50K - $70K,1,3,1542,13396
,,,,,,16/11/2013 Total,,1,3,1542,13396
,,,,,Mexico Total,,,3,11,3762,36316
,,,,DF Total,,,,3,11,3762,36316
,,,San Andres Total,,,,,3,11,3762,36316
,,,San Diego,CA,USA,28/02/2012,$30K - $50K,1,3,6501,617
,,,,,,28/02/2012 Total,,1,3,6501,617
,,,,,,14/05/2013,$30K - $50K,1,4,9481,8305
,,,,,,14/05/2013 Total,,1,4,9481,8305
,,,,,USA Total,,,2,7,15982,8922
,,,,CA Total,,,,2,7,15982,8922
,,,San Diego Total,,,,,2,7,15982,8922
,,,San Francisco,CA,USA,22/11/2013,$10K - $30K,1,1,9326,13530
,,,,,,22/11/2013 Total,,1,1,9326,13530
,,,,,USA Total,,,1,1,9326,13530
,,,,CA Total,,,,1,1,9326,13530
,,,San Francisco Total,,,,,1,1,9326,13530
,,,Seattle,WA,USA,05/04/2012,$30K - $50K,1,5,10058,1177
,,,,,,05/04/2012 Total,,1,5,10058,1177
,,,,,,05/06/2013,$30K - $50K,1,6,7857,8910
,,,,,,05/06/2013 Total,,1,6,7857,8910
,,,,,USA Total,,,2,11,17915,10087
,,,,WA Total,,,,2,11,17915,10087
,,,Seattle Total,,,,,2,11,17915,10087
,,,Spokane,WA,USA,30/06/2013,$30K - $50K,1,3,769,9581
,,,,,,30/06/2013 Total,,1,3,769,9581
,,,,,,04/09/2013,$10K - $30K,1,4,2448,11337
,,,,,,04/09/2013 Total,,1,4,2448,11337
,,,,,USA Total,,,2,7,3217,20918
,,,,WA Total,,,,2,7,3217,20918
,,,Spokane Total,,,,,2,7,3217,20918
,,,Tacoma,WA,USA,14/06/2013,$30K - $50K,1,3,7282,9143
,,,,,,14/06/2013 Total,,1,3,7282,9143
,,,,,USA Total,,,1,3,7282,9143
,,,,WA Total,,,,1,3,7282,9143
,,,Tacoma Total,,,,,1,3,7282,9143
,,,Yakima,WA,USA,01/07/2012,$10K - $30K,1,4,3719,2298
,,,,,,01/07/2012 Total,,1,4,3719,2298
,,,,,,18/07/2013,$30K - $50K,1,5,2829,10108
,,,,,,18/07/2013 Total,,1,5,2829,10108
,,,,,USA Total,,,2,9,6548,12406
,,,,WA Total,,,,2,9,6548,12406
,,,Yakima Total,,,,,2,9,6548,12406
,,S Total,,,,,,32,127,167509,246148
,F Total,,,,,,,65,262,329856,495330
,M,M,Acapulco,Guerrero,Mexico,06/02/2013,$10K - $30K,1,5,5933,5660
,,,,,,06/02/2013 Total,,1,5,5933,5660
,,,,,Mexico Total,,,1,5,5933,5660
,,,,Guerrero Total,,,,1,5,5933,5660
,,,Acapulco Total,,,,,1,5,5933,5660
,,,Bellingham,WA,USA,18/05/2013,$70K - $90K,1,5,10076,8404
,,,,,,18/05/2013 Total,,1,5,10076,8404
,,,,,USA Total,,,1,5,10076,8404
,,,,WA Total,,,,1,5,10076,8404
,,,Bellingham Total,,,,,1,5,10076,8404
,,,Beverly Hills,CA,USA,22/04/2012,$50K - $70K,1,4,9908,1422
,,,,,,22/04/2012 Total,,1,4,9908,1422
,,,,,USA Total,,,1,4,9908,1422
,,,,CA Total,,,,1,4,9908,1422
,,,Beverly Hills Total,,,,,1,4,9908,1422
,,,Hidalgo,Zacatecas,Mexico,08/05/2013,$50K - $70K,1,4,6669,8155
,,,,,,08/05/2013 Total,,1,4,6669,8155
,,,,,Mexico Total,,,1,4,6669,8155
,,,,Zacatecas Total,,,,1,4,6669,8155
,,,Hidalgo Total,,,,,1,4,6669,8155
,,,Los Angeles,CA,USA,05/09/2013,$10K - $30K,1,5,8296,11366
,,,,,,05/09/2013 Total,,1,5,8296,11366
,,,,,,27/11/2013,$130K - $150K,1,2,3316,13657
,,,,,,27/11/2013 Total,,1,2,3316,13657
,,,,,USA Total,,,2,7,11612,25023
,,,,CA Total,,,,2,7,11612,25023
,,,Los Angeles Total,,,,,2,7,11612,25023
,,,Merida,Yucatan,Mexico,18/02/2013,$50K - $70K,1,3,4477,6009
,,,,,,18/02/2013 Total,,1,3,4477,6009
,,,,,,11/09/2013,$30K - $50K,1,3,2852,11533
,,,,,,11/09/2013 Total,,1,3,2852,11533
,,,,,Mexico Total,,,2,6,7329,17542
,,,,Yucatan Total,,,,2,6,7329,17542
,,,Merida Total,,,,,2,6,7329,17542
,,,Orizaba,Veracruz,Mexico,08/11/2013,$30K - $50K,1,4,7794,13151
,,,,,,08/11/2013 Total,,1,4,7794,13151
,,,,,Mexico Total,,,1,4,7794,13151
,,,,Veracruz Total,,,,1,4,7794,13151
,,,Orizaba Total,,,,,1,4,7794,13151
,,,Portland,OR,USA,02/10/2012,$50K - $70K,1,3,7828,3399
,,,,,,02/10/2012 Total,,1,3,7828,3399
,,,,,,28/06/2013,$30K - $50K,1,6,6816,9511
,,,,,,28/06/2013 Total,,1,6,6816,9511
,,,,,,22/10/2013,$130K - $150K,1,4,8528,12678
,,,,,,22/10/2013 Total,,1,4,8528,12678
,,,,,,21/11/2013,$30K - $50K,1,5,1319,13506
,,,,,,21/11/2013 Total,,1,5,1319,13506
,,,,,USA Total,,,4,18,24491,39094
,,,,OR Total,,,,4,18,24491,39094
,,,Portland Total,,,,,4,18,24491,39094
,,,Salem,OR,USA,30/04/2012,$10K - $30K,1,6,4342,1525
,,,,,,30/04/2012 Total,,1,6,4342,1525
,,,,,,14/11/2012,$130K - $150K,1,6,93,3941
,,,,,,14/11/2012 Total,,1,6,93,3941
,,,,,,01/01/2013,$10K - $30K,1,5,7906,4733
,,,,,,01/01/2013 Total,,1,5,7906,4733
,,,,,,27/01/2013,$50K - $70K,1,5,4881,5388
,,,,,,27/01/2013 Total,,1,5,4881,5388
,,,,,,27/11/2013,$30K - $50K,1,4,4690,13649
,,,,,,27/11/2013 Total,,1,4,4690,13649
,,,,,USA Total,,,5,26,21912,29236
,,,,OR Total,,,,5,26,21912,29236
,,,Salem Total,,,,,5,26,21912,29236
,,,San Diego,CA,USA,03/05/2013,$10K - $30K,1,6,8529,7993
,,,,,,03/05/2013 Total,,1,6,8529,7993
,,,,,,01/11/2013,$110K - $130K,1,5,9130,12950
,,,,,,01/11/2013 Total,,1,5,9130,12950
,,,,,USA Total,,,2,11,17659,20943
,,,,CA Total,,,,2,11,17659,20943
,,,San Diego Total,,,,,2,11,17659,20943
,,,Seattle,WA,USA,19/02/2012,$30K - $50K,1,5,5526,531
,,,,,,19/02/2012 Total,,1,5,5526,531
,,,,,,08/03/2012,$10K - $30K,1,3,3650,741
,,,,,,08/03/2012 Total,,1,3,3650,741
,,,,,,07/05/2012,$50K - $70K,1,2,4153,1637
,,,,,,07/05/2012 Total,,1,2,4153,1637
,,,,,,25/10/2013,$50K - $70K,1,4,9682,12765
,,,,,,25/10/2013 Total,,1,4,9682,12765
,,,,,,24/11/2013,$30K - $50K,1,5,766,13585
,,,,,,24/11/2013 Total,,1,5,766,13585
,,,,,USA Total,,,5,19,23777,29259
,,,,WA Total,,,,5,19,23777,29259
,,,Seattle Total,,,,,5,19,23777,29259
,,,Spokane,WA,USA,20/09/2012,$50K - $70K,1,6,2553,3284
,,,,,,20/09/2012 Total,,1,6,2553,3284
,,,,,,02/11/2012,$130K - $150K,1,5,8452,3792
,,,,,,02/11/2012 Total,,1,5,8452,3792
,,,,,,17/08/2013,$10K - $30K,1,4,8427,10898
,,,,,,17/08/2013 Total,,1,4,8427,10898
,,,,,USA Total,,,3,15,19432,17974
,,,,WA Total,,,,3,15,19432,17974
,,,Spokane Total,,,,,3,15,19432,17974
,,,Tacoma,WA,USA,05/08/2012,$10K - $30K,1,4,3838,2720
,,,,,,05/08/2012 Total,,1,4,3838,2720
,,,,,,22/07/2013,$30K - $50K,1,6,7514,10218
,,,,,,22/07/2013 Total,,1,6,7514,10218
,,,,,USA Total,,,2,10,11352,12938
,,,,WA Total,,,,2,10,11352,12938
,,,Tacoma Total,,,,,2,10,11352,12938
,,,Vancouver,BC,Canada,23/11/2013,$50K - $70K,1,4,9649,13545
,,,,,,23/11/2013 Total,,1,4,9649,13545
,,,,,,22/12/2013,$30K - $50K,1,4,10016,14009
,,,,,,22/12/2013 Total,,1,4,10016,14009
,,,,,Canada Total,,,2,8,19665,27554
,,,,BC Total,,,,2,8,19665,27554
,,,Vancouver Total,,,,,2,8,19665,27554
,,,Victoria,BC,Canada,02/08/2013,$50K - $70K,1,4,47,10483
,,,,,,02/08/2013 Total,,1,4,47,10483
,,,,,Canada Total,,,1,4,47,10483
,,,,BC Total,,,,1,4,47,10483
,,,Victoria Total,,,,,1,4,47,10483
,,M Total,,,,,,33,146,197656,266838
,,S,Acapulco,Guerrero,Mexico,14/04/2013,$30K - $50K,1,3,8391,7460
,,,,,,14/04/2013 Total,,1,3,8391,7460
,,,,,,02/05/2013,$10K - $30K,1,5,3823,7965
,,,,,,02/05/2013 Total,,1,5,3823,7965
,,,,,,08/08/2013,$110K - $130K,1,6,1174,10635
,,,,,,08/08/2013 Total,,1,6,1174,10635
,,,,,Mexico Total,,,3,14,13388,26060
,,,,Guerrero Total,,,,3,14,13388,26060
,,,Acapulco Total,,,,,3,14,13388,26060
,,,Beverly Hills,CA,USA,07/12/2012,$10K - $30K,1,4,447,4293
,,,,,,07/12/2012 Total,,1,4,447,4293
,,,,,USA Total,,,1,4,447,4293
,,,,CA Total,,,,1,4,447,4293
,,,Beverly Hills Total,,,,,1,4,447,4293
,,,Bremerton,WA,USA,30/11/2012,$10K - $30K,1,3,8003,4175
,,,,,,30/11/2012 Total,,1,3,8003,4175
,,,,,USA Total,,,1,3,8003,4175
,,,,WA Total,,,,1,3,8003,4175
,,,Bremerton Total,,,,,1,3,8003,4175
,,,Guadalajara,Jalisco,Mexico,25/04/2013,$10K - $30K,1,3,5669,7765
,,,,,,25/04/2013 Total,,1,3,5669,7765
,,,,,,30/07/2013,$50K - $70K,1,3,2022,10402
,,,,,,30/07/2013 Total,,1,3,2022,10402
,,,,,Mexico Total,,,2,6,7691,18167
,,,,Jalisco Total,,,,2,6,7691,18167
,,,Guadalajara Total,,,,,2,6,7691,18167
,,,Hidalgo,Zacatecas,Mexico,03/07/2013,$30K - $50K,1,4,5757,9658
,,,,,,03/07/2013 Total,,1,4,5757,9658
,,,,,,06/10/2013,$30K - $50K,1,3,3210,12213
,,,,,,06/10/2013 Total,,1,3,3210,12213
,,,,,Mexico Total,,,2,7,8967,21871
,,,,Zacatecas Total,,,,2,7,8967,21871
,,,Hidalgo Total,,,,,2,7,8967,21871
,,,Los Angeles,CA,USA,15/04/2012,$10K - $30K,1,4,551,1315
,,,,,,15/04/2012 Total,,1,4,551,1315
,,,,,,04/09/2012,$50K - $70K,1,2,792,3081
,,,,,,04/09/2012 Total,,1,2,792,3081
,,,,,,19/01/2013,$130K - $150K,1,5,658,5161
,,,,,,19/01/2013 Total,,1,5,658,5161
,,,,,,27/07/2013,$70K - $90K,1,4,3087,10339
,,,,,,27/07/2013 Total,,1,4,3087,10339
,,,,,USA Total,,,4,15,5088,19896
,,,,CA Total,,,,4,15,5088,19896
,,,Los Angeles Total,,,,,4,15,5088,19896
,,,Merida,Yucatan,Mexico,28/08/2013,$30K - $50K,1,5,5642,11152
,,,,,,28/08/2013 Total,,1,5,5642,11152
,,,,,Mexico Total,,,1,5,5642,11152
,,,,Yucatan Total,,,,1,5,5642,11152
,,,Merida Total,,,,,1,5,5642,11152
,,,Orizaba,Veracruz,Mexico,30/10/2013,$130K - $150K,1,5,8166,12895
,,,,,,30/10/2013 Total,,1,5,8166,12895
,,,,,Mexico Total,,,1,5,8166,12895
,,,,Veracruz Total,,,,1,5,8166,12895
,,,Orizaba Total,,,,,1,5,8166,12895
,,,Portland,OR,USA,07/12/2012,$50K - $70K,1,5,6640,4299
,,,,,,07/12/2012 Total,,1,5,6640,4299
,,,,,,01/04/2013,$10K - $30K,1,5,2263,7133
,,,,,,01/04/2013 Total,,1,5,2263,7133
,,,,,,19/10/2013,$90K - $110K,1,5,9467,12574
,,,,,,19/10/2013 Total,,1,5,9467,12574
,,,,,,30/11/2013,$30K - $50K,1,2,8849,13739
,,,,,,30/11/2013 Total,,1,2,8849,13739
,,,,,USA Total,,,4,17,27219,37745
,,,,OR Total,,,,4,17,27219,37745
,,,Portland Total,,,,,4,17,27219,37745
,,,Salem,OR,USA,05/01/2012,$10K - $30K,1,4,7733,56
,,,,,,05/01/2012 Total,,1,4,7733,56
,,,,,,04/07/2012,$70K - $90K,1,4,1611,2335
,,,,,,04/07/2012 Total,,1,4,1611,2335
,,,,,USA Total,,,2,8,9344,2391
,,,,OR Total,,,,2,8,9344,2391
,,,Salem Total,,,,,2,8,9344,2391
,,,San Andres,DF,Mexico,04/02/2013,$70K - $90K,1,2,4576,5611
,,,,,,04/02/2013 Total,,1,2,4576,5611
,,,,,,05/02/2013,$30K - $50K,1,4,9993,5645
,,,,,,05/02/2013 Total,,1,4,9993,5645
,,,,,,03/07/2013,$10K - $30K,1,4,925,9657
,,,,,,03/07/2013 Total,,1,4,925,9657
,,,,,,16/07/2013,$70K - $90K,1,3,2549,10043
,,,,,,16/07/2013 Total,,1,3,2549,10043
,,,,,Mexico Total,,,4,13,18043,30956
,,,,DF Total,,,,4,13,18043,30956
,,,San Andres Total,,,,,4,13,18043,30956
,,,San Diego,CA,USA,30/12/2011,$50K - $70K,1,5,5801,28
,,,,,,30/12/2011 Total,,1,5,5801,28
,,,,,,06/10/2012,$10K - $30K,1,5,3527,3481
,,,,,,06/10/2012 Total,,1,5,3527,3481
,,,,,,05/06/2013,$10K - $30K,1,5,6948,8912
,,,,,,05/06/2013 Total,,1,5,6948,8912
,,,,,USA Total,,,3,15,16276,12421
,,,,CA Total,,,,3,15,16276,12421
,,,San Diego Total,,,,,3,15,16276,12421
,,,Seattle,WA,USA,26/06/2013,$70K - $90K,1,5,1161,9470
,,,,,,26/06/2013 Total,,1,5,1161,9470
,,,,,USA Total,,,1,5,1161,9470
,,,,WA Total,,,,1,5,1161,9470
,,,Seattle Total,,,,,1,5,1161,9470
,,,Vancouver,BC,Canada,09/08/2013,$50K - $70K,1,3,4379,10665
,,,,,,09/08/2013 Total,,1,3,4379,10665
,,,,,,09/12/2013,$10K - $30K,1,3,2323,13871
,,,,,,09/12/2013 Total,,1,3,2323,13871
,,,,,Canada Total,,,2,6,6702,24536
,,,,BC Total,,,,2,6,6702,24536
,,,Vancouver Total,,,,,2,6,6702,24536
,,S Total,,,,,,31,123,136137,236028
,M Total,,,,,,,64,269,333793,502866
Hardware Total,,,,,,,,129,531,663649,998196
Hot Beverages,F,M,Bellingham,WA,USA,24/02/2012,$130K - $150K,1,2,7462,585
,,,,,,24/02/2012 Total,,1,2,7462,585
,,,,,,30/05/2012,$50K - $70K,1,2,1810,1915
,,,,,,30/05/2012 Total,,1,2,1810,1915
,,,,,USA Total,,,2,4,9272,2500
,,,,WA Total,,,,2,4,9272,2500
,,,Bellingham Total,,,,,2,4,9272,2500
,,,Beverly Hills,CA,USA,17/02/2012,$50K - $70K,1,5,6442,494
,,,,,,17/02/2012 Total,,1,5,6442,494
,,,,,,01/06/2012,$10K - $30K,1,3,8699,1939
,,,,,,01/06/2012 Total,,1,3,8699,1939
,,,,,,18/11/2012,$10K - $30K,1,5,3875,4018
,,,,,,18/11/2012 Total,,1,5,3875,4018
,,,,,,19/11/2013,$70K - $90K,1,5,6702,13468
,,,,,,19/11/2013 Total,,1,5,6702,13468
,,,,,USA Total,,,4,18,25718,19919
,,,,CA Total,,,,4,18,25718,19919
,,,Beverly Hills Total,,,,,4,18,25718,19919
,,,Bremerton,WA,USA,01/07/2012,$50K - $70K,1,3,4541,2299
,,,,,,01/07/2012 Total,,1,3,4541,2299
,,,,,,08/10/2013,$50K - $70K,1,2,8731,12288
,,,,,,08/10/2013 Total,,1,2,8731,12288
,,,,,USA Total,,,2,5,13272,14587
,,,,WA Total,,,,2,5,13272,14587
,,,Bremerton Total,,,,,2,5,13272,14587
,,,Camacho,Zacatecas,Mexico,08/01/2013,$10K - $30K,1,4,1056,4916
,,,,,,08/01/2013 Total,,1,4,1056,4916
,,,,,,15/03/2013,$30K - $50K,1,3,4202,6701
,,,,,,15/03/2013 Total,,1,3,4202,6701
,,,,,,07/05/2013,$70K - $90K,1,3,4807,8107
,,,,,,07/05/2013 Total,,1,3,4807,8107
,,,,,Mexico Total,,,3,10,10065,19724
,,,,Zacatecas Total,,,,3,10,10065,19724
,,,Camacho Total,,,,,3,10,10065,19724
,,,Hidalgo,Zacatecas,Mexico,26/02/2013,$10K - $30K,1,5,9644,6249
,,,,,,26/02/2013 Total,,1,5,9644,6249
,,,,,,28/04/2013,$30K - $50K,1,3,4620,7859
,,,,,,28/04/2013 Total,,1,3,4620,7859
,,,,,,16/06/2013,$130K - $150K,1,5,7069,9203
,,,,,,16/06/2013 Total,,1,5,7069,9203
,,,,,,16/08/2013,$10K - $30K,1,3,3440,10852
,,,,,,16/08/2013 Total,,1,3,3440,10852
,,,,,,11/09/2013,$30K - $50K,1,3,5114,11537
,,,,,,11/09/2013 Total,,1,3,5114,11537
,,,,,,04/11/2013,$10K - $30K,1,4,3495,13051
,,,,,,04/11/2013 Total,,1,4,3495,13051
,,,,,,22/11/2013,$30K - $50K,1,6,1871,13518
,,,,,,22/11/2013 Total,,1,6,1871,13518
,,,,,Mexico Total,,,7,29,35253,72269
,,,,Zacatecas Total,,,,7,29,35253,72269
,,,Hidalgo Total,,,,,7,29,35253,72269
,,,Los Angeles,CA,USA,06/05/2012,$110K - $130K,1,3,3513,1623
,,,,,,06/05/2012 Total,,1,3,3513,1623
,,,,,,26/07/2012,$30K - $50K,1,5,1079,2600
,,,,,,26/07/2012 Total,,1,5,1079,2600
,,,,,,09/10/2012,$10K - $30K,1,4,7571,3516
,,,,,,09/10/2012 Total,,1,4,7571,3516
,,,,,,06/01/2013,$90K - $110K,1,5,1576,4857
,,,,,,06/01/2013 Total,,1,5,1576,4857
,,,,,USA Total,,,4,17,13739,12596
,,,,CA Total,,,,4,17,13739,12596
,,,Los Angeles Total,,,,,4,17,13739,12596
,,,Merida,Yucatan,Mexico,13/05/2013,$30K - $50K,1,6,9249,8268
,,,,,,13/05/2013 Total,,1,6,9249,8268
,,,,,,30/07/2013,$70K - $90K,1,3,9625,10404
,,,,,,30/07/2013 Total,,1,3,9625,10404
,,,,,,25/08/2013,$30K - $50K,1,3,9249,11082
,,,,,,25/08/2013 Total,,1,3,9249,11082
,,,,,,26/08/2013,$30K - $50K,1,5,6603,11115
,,,,,,26/08/2013 Total,,1,5,6603,11115
,,,,,,10/09/2013,$10K - $30K,1,4,1753,11513
,,,,,,10/09/2013 Total,,1,4,1753,11513
,,,,,Mexico Total,,,5,21,36479,52382
,,,,Yucatan Total,,,,5,21,36479,52382
,,,Merida Total,,,,,5,21,36479,52382
,,,Mexico City,DF,Mexico,27/07/2013,$50K - $70K,1,4,3377,10330
,,,,,,27/07/2013 Total,,1,4,3377,10330
,,,,,Mexico Total,,,1,4,3377,10330
,,,,DF Total,,,,1,4,3377,10330
,,,Mexico City Total,,,,,1,4,3377,10330
,,,Orizaba,Veracruz,Mexico,27/04/2013,$10K - $30K,1,2,9037,7839
,,,,,,27/04/2013 Total,,1,2,9037,7839
,,,,,Mexico Total,,,1,2,9037,7839
,,,,Veracruz Total,,,,1,2,9037,7839
,,,Orizaba Total,,,,,1,2,9037,7839
,,,Portland,OR,USA,23/03/2012,$30K - $50K,1,3,7818,970
,,,,,,23/03/2012 Total,,1,3,7818,970
,,,,,,27/07/2013,$30K - $50K,1,5,7800,10337
,,,,,,27/07/2013 Total,,1,5,7800,10337
,,,,,USA Total,,,2,8,15618,11307
,,,,OR Total,,,,2,8,15618,11307
,,,Portland Total,,,,,2,8,15618,11307
,,,Salem,OR,USA,24/02/2013,$30K - $50K,1,3,3388,6192
,,,,,,24/02/2013 Total,,1,3,3388,6192
,,,,,,24/07/2013,$90K - $110K,1,3,4666,10257
,,,,,,24/07/2013 Total,,1,3,4666,10257
,,,,,,07/11/2013,$50K - $70K,1,5,2638,13131
,,,,,,07/11/2013 Total,,1,5,2638,13131
,,,,,USA Total,,,3,11,10692,29580
,,,,OR Total,,,,3,11,10692,29580
,,,Salem Total,,,,,3,11,10692,29580
,,,San Andres,DF,Mexico,25/10/2013,$10K - $30K,1,4,2176,12759
,,,,,,25/10/2013 Total,,1,4,2176,12759
,,,,,Mexico Total,,,1,4,2176,12759
,,,,DF Total,,,,1,4,2176,12759
,,,San Andres Total,,,,,1,4,2176,12759
,,,San Diego,CA,USA,29/04/2012,$70K - $90K,1,4,7914,1514
,,,,,,29/04/2012 Total,,1,4,7914,1514
,,,,,,10/12/2012,$30K - $50K,1,4,4088,4338
,,,,,,10/12/2012 Total,,1,4,4088,4338
,,,,,,28/03/2013,$10K - $30K,1,6,3180,7020
,,,,,,28/03/2013 Total,,1,6,3180,7020
,,,,,USA Total,,,3,14,15182,12872
,,,,CA Total,,,,3,14,15182,12872
,,,San Diego Total,,,,,3,14,15182,12872
,,,Seattle,WA,USA,10/06/2012,$50K - $70K,1,4,3929,2044
,,,,,,10/06/2012 Total,,1,4,3929,2044
,,,,,,11/11/2012,$10K - $30K,1,5,8998,3910
,,,,,,11/11/2012 Total,,1,5,8998,3910
,,,,,,15/12/2012,$50K - $70K,1,2,4131,4417
,,,,,,15/12/2012 Total,,1,2,4131,4417
,,,,,,12/02/2013,$150K +,1,3,7723,5840
,,,,,,12/02/2013 Total,,1,3,7723,5840
,,,,,,02/05/2013,$90K - $110K,1,4,3994,7956
,,,,,,02/05/2013 Total,,1,4,3994,7956
,,,,,,25/06/2013,$10K - $30K,1,5,6864,9442
,,,,,,25/06/2013 Total,,1,5,6864,9442
,,,,,,13/09/2013,$70K - $90K,1,4,2897,11573
,,,,,,13/09/2013 Total,,1,4,2897,11573
,,,,,USA Total,,,7,27,38536,45182
,,,,WA Total,,,,7,27,38536,45182
,,,Seattle Total,,,,,7,27,38536,45182
,,,Spokane,WA,USA,16/03/2012,$70K - $90K,1,3,976,869
,,,,,,16/03/2012 Total,,1,3,976,869
,,,,,,13/10/2012,$30K - $50K,1,2,2201,3562
,,,,,,13/10/2012 Total,,1,2,2201,3562
,,,,,,01/03/2013,$70K - $90K,1,2,976,6337
,,,,,,01/03/2013 Total,,1,2,976,6337
,,,,,,16/03/2013,$70K - $90K,1,3,8511,6714
,,,,,,16/03/2013 Total,,1,3,8511,6714
,,,,,,01/06/2013,$10K - $30K,1,5,6912,8796
,,,,,,01/06/2013 Total,,1,5,6912,8796
,,,,,,16/06/2013,$130K - $150K,1,5,4868,9209
,,,,,,16/06/2013 Total,,1,5,4868,9209
,,,,,USA Total,,,6,20,24444,35487
,,,,WA Total,,,,6,20,24444,35487
,,,Spokane Total,,,,,6,20,24444,35487
,,,Tacoma,WA,USA,11/02/2012,$70K - $90K,1,5,8435,425
,,,,,,11/02/2012 Total,,1,5,8435,425
,,,,,,29/02/2012,$110K - $130K,1,5,4615,636
,,,,,,29/02/2012 Total,,1,5,4615,636
,,,,,,11/04/2012,$70K - $90K,1,3,6554,1252
,,,,,,11/04/2012 Total,,1,3,6554,1252
,,,,,,04/06/2012,$70K - $90K,1,4,8435,1985
,,,,,,04/06/2012 Total,,1,4,8435,1985
,,,,,,01/10/2012,$110K - $130K,1,4,7065,3396
,,,,,,01/10/2012 Total,,1,4,7065,3396
,,,,,,17/12/2012,$50K - $70K,1,3,6683,4450
,,,,,,17/12/2012 Total,,1,3,6683,4450
,,,,,,25/01/2013,$50K - $70K,1,4,1556,5330
,,,,,,25/01/2013 Total,,1,4,1556,5330
,,,,,,30/05/2013,$30K - $50K,1,6,3528,8755
,,,,,,30/05/2013 Total,,1,6,3528,8755
,,,,,,20/07/2013,$30K - $50K,1,7,2787,10152
,,,,,,20/07/2013 Total,,1,7,2787,10152
,,,,,,15/09/2013,$30K - $50K,1,3,1965,11651
,,,,,,15/09/2013 Total,,1,3,1965,11651
,,,,,,30/11/2013,$50K - $70K,1,4,10131,13737
,,,,,,30/11/2013 Total,,1,4,10131,13737
,,,,,USA Total,,,11,48,61754,61769
,,,,WA Total,,,,11,48,61754,61769
,,,Tacoma Total,,,,,11,48,61754,61769
,,,Vancouver,BC,Canada,26/12/2012,$30K - $50K,1,3,9995,4617
,,,,,,26/12/2012 Total,,1,3,9995,4617
,,,,,Canada Total,,,1,3,9995,4617
,,,,BC Total,,,,1,3,9995,4617
,,,Vancouver Total,,,,,1,3,9995,4617
,,,Victoria,BC,Canada,19/11/2013,$10K - $30K,1,2,7874,13453
,,,,,,19/11/2013 Total,,1,2,7874,13453
,,,,,Canada Total,,,1,2,7874,13453
,,,,BC Total,,,,1,2,7874,13453
,,,Victoria Total,,,,,1,2,7874,13453
,,,Walla Walla,WA,USA,27/03/2012,$30K - $50K,1,3,10043,1033
,,,,,,27/03/2012 Total,,1,3,10043,1033
,,,,,,25/03/2013,$110K - $130K,1,2,2135,6936
,,,,,,25/03/2013 Total,,1,2,2135,6936
,,,,,USA Total,,,2,5,12178,7969
,,,,WA Total,,,,2,5,12178,7969
,,,Walla Walla Total,,,,,2,5,12178,7969
,,M Total,,,,,,66,252,354661,447141
,,S,Acapulco,Guerrero,Mexico,08/02/2013,$10K - $30K,1,3,2434,5715
,,,,,,08/02/2013 Total,,1,3,2434,5715
,,,,,,07/10/2013,$30K - $50K,1,5,8767,12262
,,,,,,07/10/2013 Total,,1,5,8767,12262
,,,,,Mexico Total,,,2,8,11201,17977
,,,,Guerrero Total,,,,2,8,11201,17977
,,,Acapulco Total,,,,,2,8,11201,17977
,,,Bellingham,WA,USA,15/09/2012,$50K - $70K,1,4,4210,3219
,,,,,,15/09/2012 Total,,1,4,4210,3219
,,,,,,22/04/2013,$10K - $30K,1,2,2732,7685
,,,,,,22/04/2013 Total,,1,2,2732,7685
,,,,,USA Total,,,2,6,6942,10904
,,,,WA Total,,,,2,6,6942,10904
,,,Bellingham Total,,,,,2,6,6942,10904
,,,Beverly Hills,CA,USA,25/07/2012,$30K - $50K,1,4,9622,2588
,,,,,,25/07/2012 Total,,1,4,9622,2588
,,,,,,08/01/2013,$70K - $90K,1,4,7695,4898
,,,,,,08/01/2013 Total,,1,4,7695,4898
,,,,,,06/09/2013,$70K - $90K,1,3,9527,11392
,,,,,,06/09/2013 Total,,1,3,9527,11392
,,,,,USA Total,,,3,11,26844,18878
,,,,CA Total,,,,3,11,26844,18878
,,,Beverly Hills Total,,,,,3,11,26844,18878
,,,Bremerton,WA,USA,28/01/2012,$30K - $50K,1,4,1758,250
,,,,,,28/01/2012 Total,,1,4,1758,250
,,,,,,29/06/2013,$30K - $50K,1,3,754,9552
,,,,,,29/06/2013 Total,,1,3,754,9552
,,,,,,19/07/2013,$30K - $50K,1,4,3476,10129
,,,,,,19/07/2013 Total,,1,4,3476,10129
,,,,,USA Total,,,3,11,5988,19931
,,,,WA Total,,,,3,11,5988,19931
,,,Bremerton Total,,,,,3,11,5988,19931
,,,Camacho,Zacatecas,Mexico,05/02/2013,$50K - $70K,1,5,4932,5629
,,,,,,05/02/2013 Total,,1,5,4932,5629
,,,,,,27/04/2013,$10K - $30K,1,4,8498,7816
,,,,,,27/04/2013 Total,,1,4,8498,7816
,,,,,,08/10/2013,$30K - $50K,1,4,9811,12281
,,,,,,08/10/2013 Total,,1,4,9811,12281
,,,,,Mexico Total,,,3,13,23241,25726
,,,,Zacatecas Total,,,,3,13,23241,25726
,,,Camacho Total,,,,,3,13,23241,25726
,,,Hidalgo,Zacatecas,Mexico,18/02/2013,$90K - $110K,1,5,1571,5990
,,,,,,18/02/2013 Total,,1,5,1571,5990
,,,,,,11/04/2013,$50K - $70K,1,4,7633,7402
,,,,,,11/04/2013 Total,,1,4,7633,7402
,,,,,,26/09/2013,$50K - $70K,1,2,7633,11965
,,,,,,26/09/2013 Total,,1,2,7633,11965
,,,,,Mexico Total,,,3,11,16837,25357
,,,,Zacatecas Total,,,,3,11,16837,25357
,,,Hidalgo Total,,,,,3,11,16837,25357
,,,Los Angeles,CA,USA,19/08/2012,$30K - $50K,1,3,2961,2886
,,,,,,19/08/2012 Total,,1,3,2961,2886
,,,,,,11/10/2013,$70K - $90K,1,3,2817,12350
,,,,,,11/10/2013 Total,,1,3,2817,12350
,,,,,USA Total,,,2,6,5778,15236
,,,,CA Total,,,,2,6,5778,15236
,,,Los Angeles Total,,,,,2,6,5778,15236
,,,Merida,Yucatan,Mexico,26/01/2013,$90K - $110K,1,3,1050,5358
,,,,,,26/01/2013 Total,,1,3,1050,5358
,,,,,Mexico Total,,,1,3,1050,5358
,,,,Yucatan Total,,,,1,3,1050,5358
,,,Merida Total,,,,,1,3,1050,5358
,,,Mexico City,DF,Mexico,11/04/2013,$10K - $30K,1,5,6726,7397
,,,,,,11/04/2013 Total,,1,5,6726,7397
,,,,,Mexico Total,,,1,5,6726,7397
,,,,DF Total,,,,1,5,6726,7397
,,,Mexico City Total,,,,,1,5,6726,7397
,,,Portland,OR,USA,07/09/2013,$90K - $110K,1,6,6551,11431
,,,,,,07/09/2013 Total,,1,6,6551,11431
,,,,,,10/09/2013,$30K - $50K,1,4,2725,11516
,,,,,,10/09/2013 Total,,1,4,2725,11516
,,,,,,15/10/2013,$10K - $30K,1,4,8482,12462
,,,,,,15/10/2013 Total,,1,4,8482,12462
,,,,,USA Total,,,3,14,17758,35409
,,,,OR Total,,,,3,14,17758,35409
,,,Portland Total,,,,,3,14,17758,35409
,,,Salem,OR,USA,25/02/2012,$30K - $50K,1,3,3799,595
,,,,,,25/02/2012 Total,,1,3,3799,595
,,,,,,04/03/2012,$10K - $30K,1,5,7149,694
,,,,,,04/03/2012 Total,,1,5,7149,694
,,,,,,31/05/2012,$50K - $70K,1,4,5855,1926
,,,,,,31/05/2012 Total,,1,4,5855,1926
,,,,,,21/06/2012,$10K - $30K,1,4,7149,2176
,,,,,,21/06/2012 Total,,1,4,7149,2176
,,,,,,16/12/2012,$10K - $30K,1,3,6544,4439
,,,,,,16/12/2012 Total,,1,3,6544,4439
,,,,,,13/07/2013,$90K - $110K,1,6,5452,9943
,,,,,,13/07/2013 Total,,1,6,5452,9943
,,,,,USA Total,,,6,25,35948,19773
,,,,OR Total,,,,6,25,35948,19773
,,,Salem Total,,,,,6,25,35948,19773
,,,San Andres,DF,Mexico,23/11/2013,$90K - $110K,1,5,7663,13571
,,,,,,23/11/2013 Total,,1,5,7663,13571
,,,,,Mexico Total,,,1,5,7663,13571
,,,,DF Total,,,,1,5,7663,13571
,,,San Andres Total,,,,,1,5,7663,13571
,,,San Diego,CA,USA,02/02/2012,$90K - $110K,1,5,8171,311
,,,,,,02/02/2012 Total,,1,5,8171,311
,,,,,,11/09/2012,$10K - $30K,1,6,7236,3176
,,,,,,11/09/2012 Total,,1,6,7236,3176
,,,,,,02/10/2013,$70K - $90K,1,3,6220,12136
,,,,,,02/10/2013 Total,,1,3,6220,12136
,,,,,USA Total,,,3,14,21627,15623
,,,,CA Total,,,,3,14,21627,15623
,,,San Diego Total,,,,,3,14,21627,15623
,,,San Francisco,CA,USA,26/07/2012,$130K - $150K,1,3,7461,2594
,,,,,,26/07/2012 Total,,1,3,7461,2594
,,,,,USA Total,,,1,3,7461,2594
,,,,CA Total,,,,1,3,7461,2594
,,,San Francisco Total,,,,,1,3,7461,2594
,,,Seattle,WA,USA,24/06/2012,$10K - $30K,1,4,2715,2220
,,,,,,24/06/2012 Total,,1,4,2715,2220
,,,,,,20/08/2012,$110K - $130K,1,4,9129,2905
,,,,,,20/08/2012 Total,,1,4,9129,2905
,,,,,,18/03/2013,$30K - $50K,1,2,5182,6765
,,,,,,18/03/2013 Total,,1,2,5182,6765
,,,,,,28/06/2013,$30K - $50K,1,2,1658,9525
,,,,,,28/06/2013 Total,,1,2,1658,9525
,,,,,,06/08/2013,$30K - $50K,1,6,852,10569
,,,,,,06/08/2013 Total,,1,6,852,10569
,,,,,,08/10/2013,$30K - $50K,1,4,786,12279
,,,,,,08/10/2013 Total,,1,4,786,12279
,,,,,USA Total,,,6,22,20322,44263
,,,,WA Total,,,,6,22,20322,44263
,,,Seattle Total,,,,,6,22,20322,44263
,,,Spokane,WA,USA,05/02/2012,$30K - $50K,1,3,2921,363
,,,,,,05/02/2012 Total,,1,3,2921,363
,,,,,,25/01/2013,$30K - $50K,1,3,1720,5312
,,,,,,25/01/2013 Total,,1,3,1720,5312
,,,,,,16/02/2013,$10K - $30K,1,4,9200,5952
,,,,,,16/02/2013 Total,,1,4,9200,5952
,,,,,,09/06/2013,$30K - $50K,1,4,9040,9022
,,,,,,09/06/2013 Total,,1,4,9040,9022
,,,,,,19/09/2013,$50K - $70K,1,5,663,11760
,,,,,,19/09/2013 Total,,1,5,663,11760
,,,,,,28/09/2013,$50K - $70K,1,2,6153,12006
,,,,,,28/09/2013 Total,,1,2,6153,12006
,,,,,,29/09/2013,$10K - $30K,1,4,9928,12056
,,,,,,29/09/2013 Total,,1,4,9928,12056
,,,,,,06/11/2013,$30K - $50K,1,2,6114,13113
,,,,,,06/11/2013 Total,,1,2,6114,13113
,,,,,USA Total,,,8,27,45739,69584
,,,,WA Total,,,,8,27,45739,69584
,,,Spokane Total,,,,,8,27,45739,69584
,,,Tacoma,WA,USA,14/04/2012,$50K - $70K,1,2,4597,1300
,,,,,,14/04/2012 Total,,1,2,4597,1300
,,,,,,01/07/2012,$50K - $70K,1,3,4445,2296
,,,,,,01/07/2012 Total,,1,3,4445,2296
,,,,,,21/07/2013,$10K - $30K,1,5,770,10171
,,,,,,21/07/2013 Total,,1,5,770,10171
,,,,,,08/08/2013,$30K - $50K,1,4,1862,10634
,,,,,,08/08/2013 Total,,1,4,1862,10634
,,,,,,26/11/2013,$50K - $70K,1,5,4239,13622
,,,,,,26/11/2013 Total,,1,5,4239,13622
,,,,,USA Total,,,5,19,15913,38023
,,,,WA Total,,,,5,19,15913,38023
,,,Tacoma Total,,,,,5,19,15913,38023
,,,Vancouver,BC,Canada,22/03/2013,$10K - $30K,1,4,3016,6856
,,,,,,22/03/2013 Total,,1,4,3016,6856
,,,,,,01/08/2013,$130K - $150K,1,5,2752,10439
,,,,,,01/08/2013 Total,,1,5,2752,10439
,,,,,Canada Total,,,2,9,5768,17295
,,,,BC Total,,,,2,9,5768,17295
,,,Vancouver Total,,,,,2,9,5768,17295
,,,Walla Walla,WA,USA,28/03/2012,$30K - $50K,1,2,4540,1045
,,,,,,28/03/2012 Total,,1,2,4540,1045
,,,,,,16/06/2013,$50K - $70K,1,4,6581,9196
,,,,,,16/06/2013 Total,,1,4,6581,9196
,,,,,USA Total,,,2,6,11121,10241
,,,,WA Total,,,,2,6,11121,10241
,,,Walla Walla Total,,,,,2,6,11121,10241
,,S Total,,,,,,57,218,293927,413140
,F Total,,,,,,,123,470,648588,860281
,M,M,Acapulco,Guerrero,Mexico,25/06/2013,$30K - $50K,1,5,6076,9437
,,,,,,25/06/2013 Total,,1,5,6076,9437
,,,,,Mexico Total,,,1,5,6076,9437
,,,,Guerrero Total,,,,1,5,6076,9437
,,,Acapulco Total,,,,,1,5,6076,9437
,,,Beverly Hills,CA,USA,15/04/2012,$110K - $130K,1,5,5532,1319
,,,,,,15/04/2012 Total,,1,5,5532,1319
,,,,,,20/05/2012,$50K - $70K,1,2,466,1785
,,,,,,20/05/2012 Total,,1,2,466,1785
,,,,,,02/12/2012,$70K - $90K,1,4,5580,4204
,,,,,,02/12/2012 Total,,1,4,5580,4204
,,,,,,19/05/2013,$30K - $50K,1,5,8457,8424
,,,,,,19/05/2013 Total,,1,5,8457,8424
,,,,,USA Total,,,4,16,20035,15732
,,,,CA Total,,,,4,16,20035,15732
,,,Beverly Hills Total,,,,,4,16,20035,15732
,,,Bremerton,WA,USA,15/05/2012,$30K - $50K,1,3,5063,1730
,,,,,,15/05/2012 Total,,1,3,5063,1730
,,,,,,11/07/2012,$30K - $50K,1,6,7849,2401
,,,,,,11/07/2012 Total,,1,6,7849,2401
,,,,,,26/08/2012,$110K - $130K,1,4,2556,2977
,,,,,,26/08/2012 Total,,1,4,2556,2977
,,,,,,16/11/2013,$70K - $90K,1,3,1622,13388
,,,,,,16/11/2013 Total,,1,3,1622,13388
,,,,,,03/12/2013,$30K - $50K,1,3,6496,13786
,,,,,,03/12/2013 Total,,1,3,6496,13786
,,,,,USA Total,,,5,19,23586,34282
,,,,WA Total,,,,5,19,23586,34282
,,,Bremerton Total,,,,,5,19,23586,34282
,,,Camacho,Zacatecas,Mexico,27/07/2013,$50K - $70K,1,4,4732,10332
,,,,,,27/07/2013 Total,,1,4,4732,10332
,,,,,Mexico Total,,,1,4,4732,10332
,,,,Zacatecas Total,,,,1,4,4732,10332
,,,Camacho Total,,,,,1,4,4732,10332
,,,Los Angeles,CA,USA,19/03/2012,$50K - $70K,1,4,7391,909
,,,,,,19/03/2012 Total,,1,4,7391,909
,,,,,,04/02/2013,$10K - $30K,1,3,5859,5601
,,,,,,04/02/2013 Total,,1,3,5859,5601
,,,,,,05/09/2013,$90K - $110K,1,4,2088,11367
,,,,,,05/09/2013 Total,,1,4,2088,11367
,,,,,USA Total,,,3,11,15338,17877
,,,,CA Total,,,,3,11,15338,17877
,,,Los Angeles Total,,,,,3,11,15338,17877
,,,Merida,Yucatan,Mexico,08/06/2013,$30K - $50K,1,6,8670,8975
,,,,,,08/06/2013 Total,,1,6,8670,8975
,,,,,,22/09/2013,$70K - $90K,1,3,7448,11851
,,,,,,22/09/2013 Total,,1,3,7448,11851
,,,,,Mexico Total,,,2,9,16118,20826
,,,,Yucatan Total,,,,2,9,16118,20826
,,,Merida Total,,,,,2,9,16118,20826
,,,Orizaba,Veracruz,Mexico,15/01/2013,$10K - $30K,1,5,2063,5076
,,,,,,15/01/2013 Total,,1,5,2063,5076
,,,,,,28/01/2013,$10K - $30K,1,5,2063,5402
,,,,,,28/01/2013 Total,,1,5,2063,5402
,,,,,,03/03/2013,$10K - $30K,1,4,5605,6364
,,,,,,03/03/2013 Total,,1,4,5605,6364
,,,,,,24/08/2013,$30K - $50K,1,5,6081,11049
,,,,,,24/08/2013 Total,,1,5,6081,11049
,,,,,,29/08/2013,$30K - $50K,1,6,7860,11188
,,,,,,29/08/2013 Total,,1,6,7860,11188
,,,,,,11/10/2013,$10K - $30K,1,3,5605,12373
,,,,,,11/10/2013 Total,,1,3,5605,12373
,,,,,Mexico Total,,,6,28,29277,51452
,,,,Veracruz Total,,,,6,28,29277,51452
,,,Orizaba Total,,,,,6,28,29277,51452
,,,Portland,OR,USA,09/05/2012,$50K - $70K,1,5,4116,1661
,,,,,,09/05/2012 Total,,1,5,4116,1661
,,,,,,16/05/2013,$30K - $50K,1,5,9308,8362
,,,,,,16/05/2013 Total,,1,5,9308,8362
,,,,,,03/07/2013,$30K - $50K,1,5,2908,9645
,,,,,,03/07/2013 Total,,1,5,2908,9645
,,,,,USA Total,,,3,15,16332,19668
,,,,OR Total,,,,3,15,16332,19668
,,,Portland Total,,,,,3,15,16332,19668
,,,Salem,OR,USA,03/05/2012,$10K - $30K,1,5,9491,1566
,,,,,,03/05/2012 Total,,1,5,9491,1566
,,,,,,16/06/2012,$10K - $30K,1,5,7906,2104
,,,,,,16/06/2012 Total,,1,5,7906,2104
,,,,,,03/04/2013,$10K - $30K,1,3,5809,7177
,,,,,,03/04/2013 Total,,1,3,5809,7177
,,,,,,01/07/2013,$150K +,1,5,3308,9609
,,,,,,01/07/2013 Total,,1,5,3308,9609
,,,,,USA Total,,,4,18,26514,20456
,,,,OR Total,,,,4,18,26514,20456
,,,Salem Total,,,,,4,18,26514,20456
,,,San Andres,DF,Mexico,10/01/2013,$50K - $70K,1,4,7342,4955
,,,,,,10/01/2013 Total,,1,4,7342,4955
,,,,,,08/02/2013,$10K - $30K,1,5,211,5725
,,,,,,08/02/2013 Total,,1,5,211,5725
,,,,,,04/03/2013,$30K - $50K,1,3,397,6403
,,,,,,04/03/2013 Total,,1,3,397,6403
,,,,,,28/09/2013,$130K - $150K,1,4,9460,12007
,,,,,,28/09/2013 Total,,1,4,9460,12007
,,,,,Mexico Total,,,4,16,17410,29090
,,,,DF Total,,,,4,16,17410,29090
,,,San Andres Total,,,,,4,16,17410,29090
,,,San Diego,CA,USA,04/05/2012,$110K - $130K,1,5,9381,1569
,,,,,,04/05/2012 Total,,1,5,9381,1569
,,,,,,23/10/2012,$30K - $50K,1,5,9223,3675
,,,,,,23/10/2012 Total,,1,5,9223,3675
,,,,,,18/11/2012,$150K +,1,5,2260,4012
,,,,,,18/11/2012 Total,,1,5,2260,4012
,,,,,,04/02/2013,$50K - $70K,1,3,906,5612
,,,,,,04/02/2013 Total,,1,3,906,5612
,,,,,,07/03/2013,$10K - $30K,1,3,8911,6476
,,,,,,07/03/2013 Total,,1,3,8911,6476
,,,,,,11/11/2013,$30K - $50K,1,5,1564,13235
,,,,,,11/11/2013 Total,,1,5,1564,13235
,,,,,,13/11/2013,$30K - $50K,1,3,1564,13297
,,,,,,13/11/2013 Total,,1,3,1564,13297
,,,,,USA Total,,,7,29,33809,47876
,,,,CA Total,,,,7,29,33809,47876
,,,San Diego Total,,,,,7,29,33809,47876
,,,Seattle,WA,USA,16/10/2013,$10K - $30K,1,3,411,12505
,,,,,,16/10/2013 Total,,1,3,411,12505
,,,,,USA Total,,,1,3,411,12505
,,,,WA Total,,,,1,3,411,12505
,,,Seattle Total,,,,,1,3,411,12505
,,,Spokane,WA,USA,01/02/2013,$130K - $150K,1,3,8452,5500
,,,,,,01/02/2013 Total,,1,3,8452,5500
,,,,,,26/03/2013,$30K - $50K,1,5,7862,6969
,,,,,,26/03/2013 Total,,1,5,7862,6969
,,,,,,13/04/2013,$10K - $30K,1,5,9728,7445
,,,,,,13/04/2013 Total,,1,5,9728,7445
,,,,,USA Total,,,3,13,26042,19914
,,,,WA Total,,,,3,13,26042,19914
,,,Spokane Total,,,,,3,13,26042,19914
,,,Tacoma,WA,USA,08/06/2012,$10K - $30K,1,6,8414,2025
,,,,,,08/06/2012 Total,,1,6,8414,2025
,,,,,,10/09/2012,$30K - $50K,1,6,2511,3149
,,,,,,10/09/2012 Total,,1,6,2511,3149
,,,,,,17/01/2013,$50K - $70K,1,3,10167,5114
,,,,,,17/01/2013 Total,,1,3,10167,5114
,,,,,,07/03/2013,$30K - $50K,1,5,9837,6481
,,,,,,07/03/2013 Total,,1,5,9837,6481
,,,,,,23/03/2013,$10K - $30K,1,6,4029,6874
,,,,,,23/03/2013 Total,,1,6,4029,6874
,,,,,,27/03/2013,$30K - $50K,1,3,1470,6991
,,,,,,27/03/2013 Total,,1,3,1470,6991
,,,,,USA Total,,,6,29,36428,30634
,,,,WA Total,,,,6,29,36428,30634
,,,Tacoma Total,,,,,6,29,36428,30634
,,,Vancouver,BC,Canada,09/05/2013,$150K +,1,5,632,8174
,,,,,,09/05/2013 Total,,1,5,632,8174
,,,,,,11/10/2013,$10K - $30K,1,4,1475,12368
,,,,,,11/10/2013 Total,,1,4,1475,12368
,,,,,Canada Total,,,2,9,2107,20542
,,,,BC Total,,,,2,9,2107,20542
,,,Vancouver Total,,,,,2,9,2107,20542
,,,Yakima,WA,USA,31/03/2013,$70K - $90K,1,6,8769,7102
,,,,,,31/03/2013 Total,,1,6,8769,7102
,,,,,USA Total,,,1,6,8769,7102
,,,,WA Total,,,,1,6,8769,7102
,,,Yakima Total,,,,,1,6,8769,7102
,,M Total,,,,,,53,230,282984,367725
,,S,Beverly Hills,CA,USA,27/09/2012,$30K - $50K,1,3,1274,3342
,,,,,,27/09/2012 Total,,1,3,1274,3342
,,,,,,07/10/2012,$10K - $30K,1,2,26,3496
,,,,,,07/10/2012 Total,,1,2,26,3496
,,,,,,07/02/2013,$150K +,1,2,4582,5680
,,,,,,07/02/2013 Total,,1,2,4582,5680
,,,,,,28/02/2013,$30K - $50K,1,4,6375,6299
,,,,,,28/02/2013 Total,,1,4,6375,6299
,,,,,,07/08/2013,$90K - $110K,1,4,8148,10616
,,,,,,07/08/2013 Total,,1,4,8148,10616
,,,,,USA Total,,,5,15,20405,29433
,,,,CA Total,,,,5,15,20405,29433
,,,Beverly Hills Total,,,,,5,15,20405,29433
,,,Bremerton,WA,USA,10/03/2012,$70K - $90K,1,4,6559,775
,,,,,,10/03/2012 Total,,1,4,6559,775
,,,,,,14/10/2013,$110K - $130K,1,3,3711,12454
,,,,,,14/10/2013 Total,,1,3,3711,12454
,,,,,USA Total,,,2,7,10270,13229
,,,,WA Total,,,,2,7,10270,13229
,,,Bremerton Total,,,,,2,7,10270,13229
,,,Camacho,Zacatecas,Mexico,06/03/2013,$70K - $90K,1,4,3366,6443
,,,,,,06/03/2013 Total,,1,4,3366,6443
,,,,,Mexico Total,,,1,4,3366,6443
,,,,Zacatecas Total,,,,1,4,3366,6443
,,,Camacho Total,,,,,1,4,3366,6443
,,,Hidalgo,Zacatecas,Mexico,30/01/2013,$30K - $50K,1,4,4771,5457
,,,,,,30/01/2013 Total,,1,4,4771,5457
,,,,,,20/05/2013,$30K - $50K,1,4,597,8462
,,,,,,20/05/2013 Total,,1,4,597,8462
,,,,,Mexico Total,,,2,8,5368,13919
,,,,Zacatecas Total,,,,2,8,5368,13919
,,,Hidalgo Total,,,,,2,8,5368,13919
,,,Los Angeles,CA,USA,01/07/2013,$10K - $30K,1,4,1189,9597
,,,,,,01/07/2013 Total,,1,4,1189,9597
,,,,,USA Total,,,1,4,1189,9597
,,,,CA Total,,,,1,4,1189,9597
,,,Los Angeles Total,,,,,1,4,1189,9597
,,,Merida,Yucatan,Mexico,16/08/2013,$90K - $110K,1,5,10208,10854
,,,,,,16/08/2013 Total,,1,5,10208,10854
,,,,,Mexico Total,,,1,5,10208,10854
,,,,Yucatan Total,,,,1,5,10208,10854
,,,Merida Total,,,,,1,5,10208,10854
,,,Mexico City,DF,Mexico,25/05/2013,$30K - $50K,1,4,3961,8589
,,,,,,25/05/2013 Total,,1,4,3961,8589
,,,,,,09/06/2013,$30K - $50K,1,5,2449,9032
,,,,,,09/06/2013 Total,,1,5,2449,9032
,,,,,Mexico Total,,,2,9,6410,17621
,,,,DF Total,,,,2,9,6410,17621
,,,Mexico City Total,,,,,2,9,6410,17621
,,,Orizaba,Veracruz,Mexico,16/07/2013,$110K - $130K,1,3,8952,10041
,,,,,,16/07/2013 Total,,1,3,8952,10041
,,,,,,23/10/2013,$50K - $70K,1,5,3870,12697
,,,,,,23/10/2013 Total,,1,5,3870,12697
,,,,,,18/11/2013,$110K - $130K,1,6,8952,13429
,,,,,,18/11/2013 Total,,1,6,8952,13429
,,,,,Mexico Total,,,3,14,21774,36167
,,,,Veracruz Total,,,,3,14,21774,36167
,,,Orizaba Total,,,,,3,14,21774,36167
,,,Portland,OR,USA,19/02/2012,$50K - $70K,1,5,2270,518
,,,,,,19/02/2012 Total,,1,5,2270,518
,,,,,,22/02/2012,$10K - $30K,1,5,64,557
,,,,,,22/02/2012 Total,,1,5,64,557
,,,,,,31/05/2012,$70K - $90K,1,5,9050,1927
,,,,,,31/05/2012 Total,,1,5,9050,1927
,,,,,,15/10/2012,$10K - $30K,1,4,7769,3584
,,,,,,15/10/2012 Total,,1,4,7769,3584
,,,,,,26/11/2012,$50K - $70K,1,3,645,4129
,,,,,,26/11/2012 Total,,1,3,645,4129
,,,,,,15/02/2013,$30K - $50K,1,4,538,5908
,,,,,,15/02/2013 Total,,1,4,538,5908
,,,,,,08/11/2013,$70K - $90K,1,4,1547,13140
,,,,,,08/11/2013 Total,,1,4,1547,13140
,,,,,USA Total,,,7,30,21883,29763
,,,,OR Total,,,,7,30,21883,29763
,,,Portland Total,,,,,7,30,21883,29763
,,,Salem,OR,USA,07/07/2012,$30K - $50K,1,3,7721,2356
,,,,,,07/07/2012 Total,,1,3,7721,2356
,,,,,,16/08/2012,$30K - $50K,1,5,994,2860
,,,,,,16/08/2012 Total,,1,5,994,2860
,,,,,,22/08/2012,$30K - $50K,1,5,1468,2931
,,,,,,22/08/2012 Total,,1,5,1468,2931
,,,,,,24/03/2013,$30K - $50K,1,5,2234,6914
,,,,,,24/03/2013 Total,,1,5,2234,6914
,,,,,,23/07/2013,$90K - $110K,1,4,1271,10230
,,,,,,23/07/2013 Total,,1,4,1271,10230
,,,,,USA Total,,,5,22,13688,25291
,,,,OR Total,,,,5,22,13688,25291
,,,Salem Total,,,,,5,22,13688,25291
,,,San Andres,DF,Mexico,24/02/2013,$30K - $50K,1,5,4753,6197
,,,,,,24/02/2013 Total,,1,5,4753,6197
,,,,,,21/03/2013,$30K - $50K,1,2,3961,6844
,,,,,,21/03/2013 Total,,1,2,3961,6844
,,,,,,09/04/2013,$30K - $50K,1,5,4718,7351
,,,,,,09/04/2013 Total,,1,5,4718,7351
,,,,,Mexico Total,,,3,12,13432,20392
,,,,DF Total,,,,3,12,13432,20392
,,,San Andres Total,,,,,3,12,13432,20392
,,,San Diego,CA,USA,07/02/2012,$70K - $90K,1,4,7151,384
,,,,,,07/02/2012 Total,,1,4,7151,384
,,,,,,05/08/2012,$50K - $70K,1,3,499,2717
,,,,,,05/08/2012 Total,,1,3,499,2717
,,,,,,29/10/2012,$130K - $150K,1,3,9393,3753
,,,,,,29/10/2012 Total,,1,3,9393,3753
,,,,,,04/05/2013,$30K - $50K,1,4,3755,8004
,,,,,,04/05/2013 Total,,1,4,3755,8004
,,,,,,09/05/2013,$30K - $50K,1,4,482,8172
,,,,,,09/05/2013 Total,,1,4,482,8172
,,,,,USA Total,,,5,18,21280,23030
,,,,CA Total,,,,5,18,21280,23030
,,,San Diego Total,,,,,5,18,21280,23030
,,,San Francisco,CA,USA,16/10/2012,$30K - $50K,1,4,3208,3603
,,,,,,16/10/2012 Total,,1,4,3208,3603
,,,,,USA Total,,,1,4,3208,3603
,,,,CA Total,,,,1,4,3208,3603
,,,San Francisco Total,,,,,1,4,3208,3603
,,,Seattle,WA,USA,16/07/2013,$30K - $50K,1,5,5643,10027
,,,,,,16/07/2013 Total,,1,5,5643,10027
,,,,,USA Total,,,1,5,5643,10027
,,,,WA Total,,,,1,5,5643,10027
,,,Seattle Total,,,,,1,5,5643,10027
,,,Spokane,WA,USA,23/11/2013,$30K - $50K,1,5,1297,13568
,,,,,,23/11/2013 Total,,1,5,1297,13568
,,,,,USA Total,,,1,5,1297,13568
,,,,WA Total,,,,1,5,1297,13568
,,,Spokane Total,,,,,1,5,1297,13568
,,,Tacoma,WA,USA,11/01/2013,$30K - $50K,1,4,4497,4972
,,,,,,11/01/2013 Total,,1,4,4497,4972
,,,,,,06/07/2013,$30K - $50K,1,5,9224,9750
,,,,,,06/07/2013 Total,,1,5,9224,9750
,,,,,USA Total,,,2,9,13721,14722
,,,,WA Total,,,,2,9,13721,14722
,,,Tacoma Total,,,,,2,9,13721,14722
,,,Vancouver,BC,Canada,15/03/2013,$30K - $50K,1,5,5290,6696
,,,,,,15/03/2013 Total,,1,5,5290,6696
,,,,,,02/10/2013,$70K - $90K,1,5,3771,12137
,,,,,,02/10/2013 Total,,1,5,3771,12137
,,,,,,24/10/2013,$90K - $110K,1,4,2451,12740
,,,,,,24/10/2013 Total,,1,4,2451,12740
,,,,,Canada Total,,,3,14,11512,31573
,,,,BC Total,,,,3,14,11512,31573
,,,Vancouver Total,,,,,3,14,11512,31573
,,,Victoria,BC,Canada,22/09/2013,$130K - $150K,1,6,9829,11826
,,,,,,22/09/2013 Total,,1,6,9829,11826
,,,,,Canada Total,,,1,6,9829,11826
,,,,BC Total,,,,1,6,9829,11826
,,,Victoria Total,,,,,1,6,9829,11826
,,,Walla Walla,WA,USA,16/08/2013,$30K - $50K,1,4,1107,10843
,,,,,,16/08/2013 Total,,1,4,1107,10843
,,,,,,15/11/2013,$30K - $50K,1,2,2060,13362
,,,,,,15/11/2013 Total,,1,2,2060,13362
,,,,,USA Total,,,2,6,3167,24205
,,,,WA Total,,,,2,6,3167,24205
,,,Walla Walla Total,,,,,2,6,3167,24205
,,,Yakima,WA,USA,06/12/2012,$90K - $110K,1,6,4958,4274
,,,,,,06/12/2012 Total,,1,6,4958,4274
,,,,,,26/07/2013,$70K - $90K,1,5,9498,10288
,,,,,,26/07/2013 Total,,1,5,9498,10288
,,,,,USA Total,,,2,11,14456,14562
,,,,WA Total,,,,2,11,14456,14562
,,,Yakima Total,,,,,2,11,14456,14562
,,S Total,,,,,,50,208,212106,359825
,M Total,,,,,,,103,438,495090,727550
Hot Beverages Total,,,,,,,,226,908,1143678,1587831
Hygiene,F,M,Beverly Hills,CA,USA,19/10/2013,$30K - $50K,1,3,5690,12573
,,,,,,19/10/2013 Total,,1,3,5690,12573
,,,,,USA Total,,,1,3,5690,12573
,,,,CA Total,,,,1,3,5690,12573
,,,Beverly Hills Total,,,,,1,3,5690,12573
,,,Bremerton,WA,USA,09/06/2012,$30K - $50K,1,3,4711,2041
,,,,,,09/06/2012 Total,,1,3,4711,2041
,,,,,,24/10/2013,$30K - $50K,1,2,2878,12739
,,,,,,24/10/2013 Total,,1,2,2878,12739
,,,,,USA Total,,,2,5,7589,14780
,,,,WA Total,,,,2,5,7589,14780
,,,Bremerton Total,,,,,2,5,7589,14780
,,,Camacho,Zacatecas,Mexico,27/09/2013,$10K - $30K,1,5,1056,11995
,,,,,,27/09/2013 Total,,1,5,1056,11995
,,,,,Mexico Total,,,1,5,1056,11995
,,,,Zacatecas Total,,,,1,5,1056,11995
,,,Camacho Total,,,,,1,5,1056,11995
,,,Guadalajara,Jalisco,Mexico,22/04/2013,$30K - $50K,1,3,2108,7691
,,,,,,22/04/2013 Total,,1,3,2108,7691
,,,,,Mexico Total,,,1,3,2108,7691
,,,,Jalisco Total,,,,1,3,2108,7691
,,,Guadalajara Total,,,,,1,3,2108,7691
,,,Hidalgo,Zacatecas,Mexico,18/07/2013,$90K - $110K,1,6,4026,10102
,,,,,,18/07/2013 Total,,1,6,4026,10102
,,,,,,07/10/2013,$50K - $70K,1,4,4579,12238
,,,,,,07/10/2013 Total,,1,4,4579,12238
,,,,,,20/10/2013,$130K - $150K,1,5,7069,12608
,,,,,,20/10/2013 Total,,1,5,7069,12608
,,,,,Mexico Total,,,3,15,15674,34948
,,,,Zacatecas Total,,,,3,15,15674,34948
,,,Hidalgo Total,,,,,3,15,15674,34948
,,,Los Angeles,CA,USA,05/11/2012,$30K - $50K,1,4,8048,3841
,,,,,,05/11/2012 Total,,1,4,8048,3841
,,,,,,23/01/2013,$70K - $90K,1,5,2248,5266
,,,,,,23/01/2013 Total,,1,5,2248,5266
,,,,,USA Total,,,2,9,10296,9107
,,,,CA Total,,,,2,9,10296,9107
,,,Los Angeles Total,,,,,2,9,10296,9107
,,,Orizaba,Veracruz,Mexico,08/01/2013,$130K - $150K,1,3,7279,4902
,,,,,,08/01/2013 Total,,1,3,7279,4902
,,,,,,21/06/2013,$130K - $150K,1,4,7146,9341
,,,,,,21/06/2013 Total,,1,4,7146,9341
,,,,,,07/07/2013,$30K - $50K,1,5,1425,9758
,,,,,,07/07/2013 Total,,1,5,1425,9758
,,,,,,21/10/2013,$110K - $130K,1,4,3608,12648
,,,,,,21/10/2013 Total,,1,4,3608,12648
,,,,,Mexico Total,,,4,16,19458,36649
,,,,Veracruz Total,,,,4,16,19458,36649
,,,Orizaba Total,,,,,4,16,19458,36649
,,,Portland,OR,USA,11/10/2012,$30K - $50K,1,3,4942,3538
,,,,,,11/10/2012 Total,,1,3,4942,3538
,,,,,,16/02/2013,$70K - $90K,1,2,4080,5929
,,,,,,16/02/2013 Total,,1,2,4080,5929
,,,,,USA Total,,,2,5,9022,9467
,,,,OR Total,,,,2,5,9022,9467
,,,Portland Total,,,,,2,5,9022,9467
,,,Salem,OR,USA,21/01/2012,$70K - $90K,1,4,6079,180
,,,,,,21/01/2012 Total,,1,4,6079,180
,,,,,,18/02/2012,$90K - $110K,1,5,1940,515
,,,,,,18/02/2012 Total,,1,5,1940,515
,,,,,,10/04/2012,$30K - $50K,1,4,3020,1238
,,,,,,10/04/2012 Total,,1,4,3020,1238
,,,,,,01/10/2013,$30K - $50K,1,2,6182,12092
,,,,,,01/10/2013 Total,,1,2,6182,12092
,,,,,USA Total,,,4,15,17221,14025
,,,,OR Total,,,,4,15,17221,14025
,,,Salem Total,,,,,4,15,17221,14025
,,,San Andres,DF,Mexico,21/03/2013,$130K - $150K,1,5,8708,6845
,,,,,,21/03/2013 Total,,1,5,8708,6845
,,,,,,20/07/2013,$150K +,1,4,6382,10150
,,,,,,20/07/2013 Total,,1,4,6382,10150
,,,,,Mexico Total,,,2,9,15090,16995
,,,,DF Total,,,,2,9,15090,16995
,,,San Andres Total,,,,,2,9,15090,16995
,,,San Diego,CA,USA,06/03/2012,$30K - $50K,1,5,7266,725
,,,,,,06/03/2012 Total,,1,5,7266,725
,,,,,,04/09/2013,$50K - $70K,1,4,1692,11332
,,,,,,04/09/2013 Total,,1,4,1692,11332
,,,,,USA Total,,,2,9,8958,12057
,,,,CA Total,,,,2,9,8958,12057
,,,San Diego Total,,,,,2,9,8958,12057
,,,Seattle,WA,USA,08/04/2012,$10K - $30K,1,3,5929,1205
,,,,,,08/04/2012 Total,,1,3,5929,1205
,,,,,,06/06/2012,$70K - $90K,1,5,432,2008
,,,,,,06/06/2012 Total,,1,5,432,2008
,,,,,,04/12/2013,$50K - $70K,1,3,1861,13814
,,,,,,04/12/2013 Total,,1,3,1861,13814
,,,,,USA Total,,,3,11,8222,17027
,,,,WA Total,,,,3,11,8222,17027
,,,Seattle Total,,,,,3,11,8222,17027
,,,Spokane,WA,USA,06/06/2012,$130K - $150K,1,4,4868,2007
,,,,,,06/06/2012 Total,,1,4,4868,2007
,,,,,,02/12/2012,$30K - $50K,1,4,10173,4208
,,,,,,02/12/2012 Total,,1,4,10173,4208
,,,,,,21/09/2013,$50K - $70K,1,5,9797,11793
,,,,,,21/09/2013 Total,,1,5,9797,11793
,,,,,,23/12/2013,$30K - $50K,1,4,7051,14016
,,,,,,23/12/2013 Total,,1,4,7051,14016
,,,,,USA Total,,,4,17,31889,32024
,,,,WA Total,,,,4,17,31889,32024
,,,Spokane Total,,,,,4,17,31889,32024
,,,Tacoma,WA,USA,10/03/2012,$30K - $50K,1,4,5410,783
,,,,,,10/03/2012 Total,,1,4,5410,783
,,,,,,08/07/2012,$30K - $50K,1,4,8074,2364
,,,,,,08/07/2012 Total,,1,4,8074,2364
,,,,,,14/07/2012,$50K - $70K,1,5,6683,2439
,,,,,,14/07/2012 Total,,1,5,6683,2439
,,,,,,02/11/2013,$10K - $30K,1,5,7989,13005
,,,,,,02/11/2013 Total,,1,5,7989,13005
,,,,,USA Total,,,4,18,28156,18591
,,,,WA Total,,,,4,18,28156,18591
,,,Tacoma Total,,,,,4,18,28156,18591
,,,Vancouver,BC,Canada,24/10/2013,$30K - $50K,1,4,162,12725
,,,,,,24/10/2013 Total,,1,4,162,12725
,,,,,,12/11/2013,$150K +,1,5,2728,13280
,,,,,,12/11/2013 Total,,1,5,2728,13280
,,,,,,17/12/2013,$50K - $70K,1,6,1443,13971
,,,,,,17/12/2013 Total,,1,6,1443,13971
,,,,,Canada Total,,,3,15,4333,39976
,,,,BC Total,,,,3,15,4333,39976
,,,Vancouver Total,,,,,3,15,4333,39976
,,M Total,,,,,,38,155,184762,287905
,,S,Acapulco,Guerrero,Mexico,16/11/2013,$70K - $90K,1,6,5833,13376
,,,,,,16/11/2013 Total,,1,6,5833,13376
,,,,,Mexico Total,,,1,6,5833,13376
,,,,Guerrero Total,,,,1,6,5833,13376
,,,Acapulco Total,,,,,1,6,5833,13376
,,,Bellingham,WA,USA,15/09/2013,$70K - $90K,1,4,8079,11653
,,,,,,15/09/2013 Total,,1,4,8079,11653
,,,,,USA Total,,,1,4,8079,11653
,,,,WA Total,,,,1,4,8079,11653
,,,Bellingham Total,,,,,1,4,8079,11653
,,,Beverly Hills,CA,USA,07/02/2012,$70K - $90K,1,4,7324,388
,,,,,,07/02/2012 Total,,1,4,7324,388
,,,,,,10/03/2012,$10K - $30K,1,4,1990,782
,,,,,,10/03/2012 Total,,1,4,1990,782
,,,,,,30/11/2013,$70K - $90K,1,4,9095,13730
,,,,,,30/11/2013 Total,,1,4,9095,13730
,,,,,USA Total,,,3,12,18409,14900
,,,,CA Total,,,,3,12,18409,14900
,,,Beverly Hills Total,,,,,3,12,18409,14900
,,,Bremerton,WA,USA,08/01/2012,$90K - $110K,1,3,753,68
,,,,,,08/01/2012 Total,,1,3,753,68
,,,,,,24/10/2013,$30K - $50K,1,4,4165,12720
,,,,,,24/10/2013 Total,,1,4,4165,12720
,,,,,USA Total,,,2,7,4918,12788
,,,,WA Total,,,,2,7,4918,12788
,,,Bremerton Total,,,,,2,7,4918,12788
,,,Camacho,Zacatecas,Mexico,09/03/2013,$50K - $70K,1,6,4174,6519
,,,,,,09/03/2013 Total,,1,6,4174,6519
,,,,,,02/07/2013,$30K - $50K,1,4,9811,9619
,,,,,,02/07/2013 Total,,1,4,9811,9619
,,,,,,24/07/2013,$50K - $70K,1,2,7969,10241
,,,,,,24/07/2013 Total,,1,2,7969,10241
,,,,,Mexico Total,,,3,12,21954,26379
,,,,Zacatecas Total,,,,3,12,21954,26379
,,,Camacho Total,,,,,3,12,21954,26379
,,,Hidalgo,Zacatecas,Mexico,24/01/2013,$30K - $50K,1,3,7782,5299
,,,,,,24/01/2013 Total,,1,3,7782,5299
,,,,,,11/06/2013,$70K - $90K,1,4,4325,9068
,,,,,,11/06/2013 Total,,1,4,4325,9068
,,,,,,28/07/2013,$70K - $90K,1,3,8040,10343
,,,,,,28/07/2013 Total,,1,3,8040,10343
,,,,,Mexico Total,,,3,10,20147,24710
,,,,Zacatecas Total,,,,3,10,20147,24710
,,,Hidalgo Total,,,,,3,10,20147,24710
,,,Mexico City,DF,Mexico,31/07/2013,$30K - $50K,1,4,8873,10416
,,,,,,31/07/2013 Total,,1,4,8873,10416
,,,,,Mexico Total,,,1,4,8873,10416
,,,,DF Total,,,,1,4,8873,10416
,,,Mexico City Total,,,,,1,4,8873,10416
,,,Orizaba,Veracruz,Mexico,09/07/2013,$30K - $50K,1,3,3602,9829
,,,,,,09/07/2013 Total,,1,3,3602,9829
,,,,,Mexico Total,,,1,3,3602,9829
,,,,Veracruz Total,,,,1,3,3602,9829
,,,Orizaba Total,,,,,1,3,3602,9829
,,,Portland,OR,USA,12/05/2012,$30K - $50K,1,3,5000,1692
,,,,,,12/05/2012 Total,,1,3,5000,1692
,,,,,,18/08/2012,$30K - $50K,1,3,8891,2876
,,,,,,18/08/2012 Total,,1,3,8891,2876
,,,,,,03/02/2013,$50K - $70K,1,5,8322,5570
,,,,,,03/02/2013 Total,,1,5,8322,5570
,,,,,,19/02/2013,$30K - $50K,1,4,4608,6022
,,,,,,19/02/2013 Total,,1,4,4608,6022
,,,,,USA Total,,,4,15,26821,16160
,,,,OR Total,,,,4,15,26821,16160
,,,Portland Total,,,,,4,15,26821,16160
,,,Salem,OR,USA,23/03/2012,$90K - $110K,1,2,5452,965
,,,,,,23/03/2012 Total,,1,2,5452,965
,,,,,,18/06/2012,$10K - $30K,1,3,4589,2133
,,,,,,18/06/2012 Total,,1,3,4589,2133
,,,,,,31/10/2012,$30K - $50K,1,5,9867,3781
,,,,,,31/10/2012 Total,,1,5,9867,3781
,,,,,,03/11/2012,$50K - $70K,1,4,4619,3814
,,,,,,03/11/2012 Total,,1,4,4619,3814
,,,,,,20/04/2013,$50K - $70K,1,5,4518,7623
,,,,,,20/04/2013 Total,,1,5,4518,7623
,,,,,,21/06/2013,$90K - $110K,1,6,8091,9349
,,,,,,21/06/2013 Total,,1,6,8091,9349
,,,,,USA Total,,,6,25,37136,27665
,,,,OR Total,,,,6,25,37136,27665
,,,Salem Total,,,,,6,25,37136,27665
,,,San Andres,DF,Mexico,01/03/2013,$70K - $90K,1,2,7074,6324
,,,,,,01/03/2013 Total,,1,2,7074,6324
,,,,,,15/03/2013,$30K - $50K,1,5,1722,6688
,,,,,,15/03/2013 Total,,1,5,1722,6688
,,,,,,16/07/2013,$30K - $50K,1,5,8904,10035
,,,,,,16/07/2013 Total,,1,5,8904,10035
,,,,,Mexico Total,,,3,12,17700,23047
,,,,DF Total,,,,3,12,17700,23047
,,,San Andres Total,,,,,3,12,17700,23047
,,,San Diego,CA,USA,02/04/2012,$30K - $50K,1,2,9593,1124
,,,,,,02/04/2012 Total,,1,2,9593,1124
,,,,,,25/04/2012,$50K - $70K,1,3,3300,1463
,,,,,,25/04/2012 Total,,1,3,3300,1463
,,,,,,25/09/2012,$130K - $150K,1,4,5656,3325
,,,,,,25/09/2012 Total,,1,4,5656,3325
,,,,,USA Total,,,3,9,18549,5912
,,,,CA Total,,,,3,9,18549,5912
,,,San Diego Total,,,,,3,9,18549,5912
,,,San Francisco,CA,USA,21/10/2012,$30K - $50K,1,2,7420,3647
,,,,,,21/10/2012 Total,,1,2,7420,3647
,,,,,USA Total,,,1,2,7420,3647
,,,,CA Total,,,,1,2,7420,3647
,,,San Francisco Total,,,,,1,2,7420,3647
,,,Seattle,WA,USA,25/10/2012,$130K - $150K,1,5,7654,3703
,,,,,,25/10/2012 Total,,1,5,7654,3703
,,,,,,23/03/2013,$50K - $70K,1,5,3902,6871
,,,,,,23/03/2013 Total,,1,5,3902,6871
,,,,,,23/10/2013,$30K - $50K,1,3,6457,12708
,,,,,,23/10/2013 Total,,1,3,6457,12708
,,,,,USA Total,,,3,13,18013,23282
,,,,WA Total,,,,3,13,18013,23282
,,,Seattle Total,,,,,3,13,18013,23282
,,,Tacoma,WA,USA,02/01/2012,$50K - $70K,1,4,4239,46
,,,,,,02/01/2012 Total,,1,4,4239,46
,,,,,,24/07/2012,$30K - $50K,1,4,5501,2571
,,,,,,24/07/2012 Total,,1,4,5501,2571
,,,,,,10/10/2012,$70K - $90K,1,3,5419,3528
,,,,,,10/10/2012 Total,,1,3,5419,3528
,,,,,,06/11/2012,$10K - $30K,1,4,770,3852
,,,,,,06/11/2012 Total,,1,4,770,3852
,,,,,,29/01/2013,$10K - $30K,1,4,6161,5412
,,,,,,29/01/2013 Total,,1,4,6161,5412
,,,,,,02/04/2013,$50K - $70K,1,5,5379,7149
,,,,,,02/04/2013 Total,,1,5,5379,7149
,,,,,USA Total,,,6,24,27469,22558
,,,,WA Total,,,,6,24,27469,22558
,,,Tacoma Total,,,,,6,24,27469,22558
,,S Total,,,,,,41,158,244923,246322
,F Total,,,,,,,79,313,429685,534227
,M,M,Bellingham,WA,USA,02/05/2012,$10K - $30K,1,3,338,1547
,,,,,,02/05/2012 Total,,1,3,338,1547
,,,,,USA Total,,,1,3,338,1547
,,,,WA Total,,,,1,3,338,1547
,,,Bellingham Total,,,,,1,3,338,1547
,,,Beverly Hills,CA,USA,08/01/2012,$110K - $130K,1,5,8593,72
,,,,,,08/01/2012 Total,,1,5,8593,72
,,,,,,05/05/2012,$30K - $50K,1,5,874,1595
,,,,,,05/05/2012 Total,,1,5,874,1595
,,,,,,01/08/2012,$70K - $90K,1,4,1162,2668
,,,,,,01/08/2012 Total,,1,4,1162,2668
,,,,,USA Total,,,3,14,10629,4335
,,,,CA Total,,,,3,14,10629,4335
,,,Beverly Hills Total,,,,,3,14,10629,4335
,,,Bremerton,WA,USA,10/02/2013,$70K - $90K,1,5,3878,5764
,,,,,,10/02/2013 Total,,1,5,3878,5764
,,,,,,08/11/2013,$30K - $50K,1,5,924,13144
,,,,,,08/11/2013 Total,,1,5,924,13144
,,,,,,12/11/2013,$70K - $90K,1,4,4075,13284
,,,,,,12/11/2013 Total,,1,4,4075,13284
,,,,,,18/11/2013,$30K - $50K,1,3,1341,13433
,,,,,,18/11/2013 Total,,1,3,1341,13433
,,,,,USA Total,,,4,17,10218,45625
,,,,WA Total,,,,4,17,10218,45625
,,,Bremerton Total,,,,,4,17,10218,45625
,,,Camacho,Zacatecas,Mexico,22/10/2013,$50K - $70K,1,4,48,12659
,,,,,,22/10/2013 Total,,1,4,48,12659
,,,,,Mexico Total,,,1,4,48,12659
,,,,Zacatecas Total,,,,1,4,48,12659
,,,Camacho Total,,,,,1,4,48,12659
,,,Hidalgo,Zacatecas,Mexico,28/02/2013,$90K - $110K,1,5,850,6291
,,,,,,28/02/2013 Total,,1,5,850,6291
,,,,,Mexico Total,,,1,5,850,6291
,,,,Zacatecas Total,,,,1,5,850,6291
,,,Hidalgo Total,,,,,1,5,850,6291
,,,Los Angeles,CA,USA,05/02/2012,$50K - $70K,1,4,1023,354
,,,,,,05/02/2012 Total,,1,4,1023,354
,,,,,,03/08/2012,$70K - $90K,1,7,10192,2697
,,,,,,03/08/2012 Total,,1,7,10192,2697
,,,,,,04/10/2013,$30K - $50K,1,5,3099,12173
,,,,,,04/10/2013 Total,,1,5,3099,12173
,,,,,USA Total,,,3,16,14314,15224
,,,,CA Total,,,,3,16,14314,15224
,,,Los Angeles Total,,,,,3,16,14314,15224
,,,Merida,Yucatan,Mexico,29/06/2013,$130K - $150K,1,5,2998,9550
,,,,,,29/06/2013 Total,,1,5,2998,9550
,,,,,,22/11/2013,$30K - $50K,1,3,8710,13517
,,,,,,22/11/2013 Total,,1,3,8710,13517
,,,,,Mexico Total,,,2,8,11708,23067
,,,,Yucatan Total,,,,2,8,11708,23067
,,,Merida Total,,,,,2,8,11708,23067
,,,Orizaba,Veracruz,Mexico,11/05/2013,$110K - $130K,1,3,9725,8227
,,,,,,11/05/2013 Total,,1,3,9725,8227
,,,,,,05/12/2013,$50K - $70K,1,5,3795,13822
,,,,,,05/12/2013 Total,,1,5,3795,13822
,,,,,Mexico Total,,,2,8,13520,22049
,,,,Veracruz Total,,,,2,8,13520,22049
,,,Orizaba Total,,,,,2,8,13520,22049
,,,Portland,OR,USA,20/02/2013,$70K - $90K,1,4,5388,6052
,,,,,,20/02/2013 Total,,1,4,5388,6052
,,,,,,19/04/2013,$30K - $50K,1,3,9308,7599
,,,,,,19/04/2013 Total,,1,3,9308,7599
,,,,,,29/09/2013,$50K - $70K,1,4,1311,12038
,,,,,,29/09/2013 Total,,1,4,1311,12038
,,,,,USA Total,,,3,11,16007,25689
,,,,OR Total,,,,3,11,16007,25689
,,,Portland Total,,,,,3,11,16007,25689
,,,Salem,OR,USA,27/12/2011,$30K - $50K,1,5,5230,16
,,,,,,27/12/2011 Total,,1,5,5230,16
,,,,,,10/02/2012,$90K - $110K,1,6,8901,418
,,,,,,10/02/2012 Total,,1,6,8901,418
,,,,,,13/02/2012,$110K - $130K,1,4,7319,444
,,,,,,13/02/2012 Total,,1,4,7319,444
,,,,,,15/05/2012,$30K - $50K,1,4,3213,1732
,,,,,,15/05/2012 Total,,1,4,3213,1732
,,,,,,08/06/2012,$90K - $110K,1,5,8901,2032
,,,,,,08/06/2012 Total,,1,5,8901,2032
,,,,,,03/08/2012,$10K - $30K,1,5,2086,2691
,,,,,,03/08/2012 Total,,1,5,2086,2691
,,,,,,11/02/2013,$10K - $30K,1,4,1575,5809
,,,,,,11/02/2013 Total,,1,4,1575,5809
,,,,,,31/05/2013,$130K - $150K,1,5,4499,8765
,,,,,,31/05/2013 Total,,1,5,4499,8765
,,,,,,04/06/2013,$130K - $150K,1,4,1957,8882
,,,,,,04/06/2013 Total,,1,4,1957,8882
,,,,,USA Total,,,9,42,43681,30789
,,,,OR Total,,,,9,42,43681,30789
,,,Salem Total,,,,,9,42,43681,30789
,,,San Andres,DF,Mexico,15/07/2013,$50K - $70K,1,4,2115,10009
,,,,,,15/07/2013 Total,,1,4,2115,10009
,,,,,,07/10/2013,$10K - $30K,1,2,866,12267
,,,,,,07/10/2013 Total,,1,2,866,12267
,,,,,Mexico Total,,,2,6,2981,22276
,,,,DF Total,,,,2,6,2981,22276
,,,San Andres Total,,,,,2,6,2981,22276
,,,San Diego,CA,USA,15/04/2012,$30K - $50K,1,5,3027,1318
,,,,,,15/04/2012 Total,,1,5,3027,1318
,,,,,,20/11/2012,$10K - $30K,1,3,10099,4035
,,,,,,20/11/2012 Total,,1,3,10099,4035
,,,,,,25/07/2013,$10K - $30K,1,5,140,10271
,,,,,,25/07/2013 Total,,1,5,140,10271
,,,,,,29/10/2013,$50K - $70K,1,5,9005,12873
,,,,,,29/10/2013 Total,,1,5,9005,12873
,,,,,USA Total,,,4,18,22271,28497
,,,,CA Total,,,,4,18,22271,28497
,,,San Diego Total,,,,,4,18,22271,28497
,,,Seattle,WA,USA,06/12/2012,$50K - $70K,1,5,533,4276
,,,,,,06/12/2012 Total,,1,5,533,4276
,,,,,,12/12/2013,$30K - $50K,1,4,7646,13919
,,,,,,12/12/2013 Total,,1,4,7646,13919
,,,,,USA Total,,,2,9,8179,18195
,,,,WA Total,,,,2,9,8179,18195
,,,Seattle Total,,,,,2,9,8179,18195
,,,Spokane,WA,USA,02/01/2013,$50K - $70K,1,2,2553,4750
,,,,,,02/01/2013 Total,,1,2,2553,4750
,,,,,,24/01/2013,$70K - $90K,1,3,3567,5293
,,,,,,24/01/2013 Total,,1,3,3567,5293
,,,,,,08/06/2013,$10K - $30K,1,5,5432,9002
,,,,,,08/06/2013 Total,,1,5,5432,9002
,,,,,,25/06/2013,$70K - $90K,1,3,3567,9443
,,,,,,25/06/2013 Total,,1,3,3567,9443
,,,,,,28/06/2013,$10K - $30K,1,5,5432,9502
,,,,,,28/06/2013 Total,,1,5,5432,9502
,,,,,,12/09/2013,$10K - $30K,1,2,8427,11559
,,,,,,12/09/2013 Total,,1,2,8427,11559
,,,,,,09/11/2013,$50K - $70K,1,3,3826,13173
,,,,,,09/11/2013 Total,,1,3,3826,13173
,,,,,USA Total,,,7,23,32804,62722
,,,,WA Total,,,,7,23,32804,62722
,,,Spokane Total,,,,,7,23,32804,62722
,,,Tacoma,WA,USA,11/06/2012,$50K - $70K,1,3,8172,2057
,,,,,,11/06/2012 Total,,1,3,8172,2057
,,,,,,08/08/2012,$10K - $30K,1,5,7813,2764
,,,,,,08/08/2012 Total,,1,5,7813,2764
,,,,,,21/08/2012,$10K - $30K,1,6,1192,2916
,,,,,,21/08/2012 Total,,1,6,1192,2916
,,,,,,04/10/2012,$10K - $30K,1,3,9937,3443
,,,,,,04/10/2012 Total,,1,3,9937,3443
,,,,,,31/10/2012,$70K - $90K,1,5,4099,3774
,,,,,,31/10/2012 Total,,1,5,4099,3774
,,,,,,25/11/2012,$130K - $150K,1,5,2065,4116
,,,,,,25/11/2012 Total,,1,5,2065,4116
,,,,,,19/02/2013,$30K - $50K,1,5,1003,6030
,,,,,,19/02/2013 Total,,1,5,1003,6030
,,,,,,17/03/2013,$10K - $30K,1,3,8414,6734
,,,,,,17/03/2013 Total,,1,3,8414,6734
,,,,,,24/04/2013,$30K - $50K,1,5,587,7744
,,,,,,24/04/2013 Total,,1,5,587,7744
,,,,,,06/06/2013,$110K - $130K,1,5,5590,8936
,,,,,,06/06/2013 Total,,1,5,5590,8936
,,,,,,18/06/2013,$30K - $50K,1,4,1744,9269
,,,,,,18/06/2013 Total,,1,4,1744,9269
,,,,,USA Total,,,11,49,50616,57783
,,,,WA Total,,,,11,49,50616,57783
,,,Tacoma Total,,,,,11,49,50616,57783
,,,Vancouver,BC,Canada,14/05/2013,$50K - $70K,1,6,1350,8287
,,,,,,14/05/2013 Total,,1,6,1350,8287
,,,,,,29/05/2013,$50K - $70K,1,5,9822,8718
,,,,,,29/05/2013 Total,,1,5,9822,8718
,,,,,,05/06/2013,$10K - $30K,1,4,5959,8913
,,,,,,05/06/2013 Total,,1,4,5959,8913
,,,,,,18/07/2013,$30K - $50K,1,6,7471,10099
,,,,,,18/07/2013 Total,,1,6,7471,10099
,,,,,Canada Total,,,4,21,24602,36017
,,,,BC Total,,,,4,21,24602,36017
,,,Vancouver Total,,,,,4,21,24602,36017
,,,Yakima,WA,USA,11/09/2012,$10K - $30K,1,3,8669,3172
,,,,,,11/09/2012 Total,,1,3,8669,3172
,,,,,,12/04/2013,$70K - $90K,1,3,9134,7417
,,,,,,12/04/2013 Total,,1,3,9134,7417
,,,,,,22/08/2013,$50K - $70K,1,4,9891,11012
,,,,,,22/08/2013 Total,,1,4,9891,11012
,,,,,USA Total,,,3,10,27694,21601
,,,,WA Total,,,,3,10,27694,21601
,,,Yakima Total,,,,,3,10,27694,21601
,,M Total,,,,,,62,264,290460,434366
,,S,Bellingham,WA,USA,25/04/2012,$30K - $50K,1,1,5650,1457
,,,,,,25/04/2012 Total,,1,1,5650,1457
,,,,,USA Total,,,1,1,5650,1457
,,,,WA Total,,,,1,1,5650,1457
,,,Bellingham Total,,,,,1,1,5650,1457
,,,Beverly Hills,CA,USA,04/02/2013,$50K - $70K,1,4,10274,5621
,,,,,,04/02/2013 Total,,1,4,10274,5621
,,,,,,12/02/2013,$10K - $30K,1,7,9449,5816
,,,,,,12/02/2013 Total,,1,7,9449,5816
,,,,,,05/11/2013,$10K - $30K,1,3,2830,13067
,,,,,,05/11/2013 Total,,1,3,2830,13067
,,,,,USA Total,,,3,14,22553,24504
,,,,CA Total,,,,3,14,22553,24504
,,,Beverly Hills Total,,,,,3,14,22553,24504
,,,Bremerton,WA,USA,24/03/2012,$30K - $50K,1,4,1979,981
,,,,,,24/03/2012 Total,,1,4,1979,981
,,,,,,15/09/2012,$30K - $50K,1,5,4693,3220
,,,,,,15/09/2012 Total,,1,5,4693,3220
,,,,,,25/08/2013,$70K - $90K,1,3,6559,11080
,,,,,,25/08/2013 Total,,1,3,6559,11080
,,,,,USA Total,,,3,12,13231,15281
,,,,WA Total,,,,3,12,13231,15281
,,,Bremerton Total,,,,,3,12,13231,15281
,,,Camacho,Zacatecas,Mexico,08/02/2013,$30K - $50K,1,4,3584,5709
,,,,,,08/02/2013 Total,,1,4,3584,5709
,,,,,,22/11/2013,$50K - $70K,1,4,7337,13533
,,,,,,22/11/2013 Total,,1,4,7337,13533
,,,,,Mexico Total,,,2,8,10921,19242
,,,,Zacatecas Total,,,,2,8,10921,19242
,,,Camacho Total,,,,,2,8,10921,19242
,,,Los Angeles,CA,USA,08/03/2012,$30K - $50K,1,4,2344,750
,,,,,,08/03/2012 Total,,1,4,2344,750
,,,,,,22/04/2012,$50K - $70K,1,4,5556,1418
,,,,,,22/04/2012 Total,,1,4,5556,1418
,,,,,USA Total,,,2,8,7900,2168
,,,,CA Total,,,,2,8,7900,2168
,,,Los Angeles Total,,,,,2,8,7900,2168
,,,Merida,Yucatan,Mexico,02/05/2013,$150K +,1,5,6679,7959
,,,,,,02/05/2013 Total,,1,5,6679,7959
,,,,,,08/06/2013,$70K - $90K,1,4,8870,8976
,,,,,,08/06/2013 Total,,1,4,8870,8976
,,,,,,27/10/2013,$30K - $50K,1,7,5642,12819
,,,,,,27/10/2013 Total,,1,7,5642,12819
,,,,,Mexico Total,,,3,16,21191,29754
,,,,Yucatan Total,,,,3,16,21191,29754
,,,Merida Total,,,,,3,16,21191,29754
,,,Mexico City,DF,Mexico,27/01/2013,$10K - $30K,1,4,4101,5382
,,,,,,27/01/2013 Total,,1,4,4101,5382
,,,,,,17/03/2013,$10K - $30K,1,6,5557,6735
,,,,,,17/03/2013 Total,,1,6,5557,6735
,,,,,Mexico Total,,,2,10,9658,12117
,,,,DF Total,,,,2,10,9658,12117
,,,Mexico City Total,,,,,2,10,9658,12117
,,,Orizaba,Veracruz,Mexico,28/01/2013,$30K - $50K,1,2,2229,5391
,,,,,,28/01/2013 Total,,1,2,2229,5391
,,,,,,11/05/2013,$30K - $50K,1,5,8203,8225
,,,,,,11/05/2013 Total,,1,5,8203,8225
,,,,,,11/10/2013,$30K - $50K,1,4,2229,12372
,,,,,,11/10/2013 Total,,1,4,2229,12372
,,,,,Mexico Total,,,3,11,12661,25988
,,,,Veracruz Total,,,,3,11,12661,25988
,,,Orizaba Total,,,,,3,11,12661,25988
,,,Portland,OR,USA,14/02/2012,$10K - $30K,1,4,9331,459
,,,,,,14/02/2012 Total,,1,4,9331,459
,,,,,,10/08/2012,$70K - $90K,1,4,8187,2781
,,,,,,10/08/2012 Total,,1,4,8187,2781
,,,,,,27/11/2012,$70K - $90K,1,5,9795,4148
,,,,,,27/11/2012 Total,,1,5,9795,4148
,,,,,USA Total,,,3,13,27313,7388
,,,,OR Total,,,,3,13,27313,7388
,,,Portland Total,,,,,3,13,27313,7388
,,,Salem,OR,USA,24/02/2012,$70K - $90K,1,5,625,576
,,,,,,24/02/2012 Total,,1,5,625,576
,,,,,,28/03/2012,$50K - $70K,1,3,8892,1051
,,,,,,28/03/2012 Total,,1,3,8892,1051
,,,,,,17/04/2012,$70K - $90K,1,7,1330,1340
,,,,,,17/04/2012 Total,,1,7,1330,1340
,,,,,,09/05/2012,$30K - $50K,1,5,3524,1656
,,,,,,09/05/2012 Total,,1,5,3524,1656
,,,,,,01/06/2012,$10K - $30K,1,5,3463,1941
,,,,,,01/06/2012 Total,,1,5,3463,1941
,,,,,,20/06/2012,$10K - $30K,1,2,9144,2145
,,,,,,20/06/2012 Total,,1,2,9144,2145
,,,,,,27/07/2012,$30K - $50K,1,4,6607,2611
,,,,,,27/07/2012 Total,,1,4,6607,2611
,,,,,,23/12/2012,$30K - $50K,1,3,5909,4557
,,,,,,23/12/2012 Total,,1,3,5909,4557
,,,,,,23/04/2013,$130K - $150K,1,5,5869,7737
,,,,,,23/04/2013 Total,,1,5,5869,7737
,,,,,USA Total,,,9,39,45363,23614
,,,,OR Total,,,,9,39,45363,23614
,,,Salem Total,,,,,9,39,45363,23614
,,,San Andres,DF,Mexico,28/02/2013,$70K - $90K,1,3,1236,6302
,,,,,,28/02/2013 Total,,1,3,1236,6302
,,,,,,24/04/2013,$50K - $70K,1,5,6010,7751
,,,,,,24/04/2013 Total,,1,5,6010,7751
,,,,,Mexico Total,,,2,8,7246,14053
,,,,DF Total,,,,2,8,7246,14053
,,,San Andres Total,,,,,2,8,7246,14053
,,,San Diego,CA,USA,12/01/2012,$10K - $30K,1,4,1275,91
,,,,,,12/01/2012 Total,,1,4,1275,91
,,,,,,11/02/2012,$10K - $30K,1,4,1808,426
,,,,,,11/02/2012 Total,,1,4,1808,426
,,,,,,04/04/2012,$70K - $90K,1,5,1938,1155
,,,,,,04/04/2012 Total,,1,5,1938,1155
,,,,,,11/02/2013,$30K - $50K,1,4,5412,5797
,,,,,,11/02/2013 Total,,1,4,5412,5797
,,,,,USA Total,,,4,17,10433,7469
,,,,CA Total,,,,4,17,10433,7469
,,,San Diego Total,,,,,4,17,10433,7469
,,,Seattle,WA,USA,22/07/2012,$30K - $50K,1,6,3945,2556
,,,,,,22/07/2012 Total,,1,6,3945,2556
,,,,,,18/01/2013,$30K - $50K,1,6,4349,5151
,,,,,,18/01/2013 Total,,1,6,4349,5151
,,,,,,20/05/2013,$90K - $110K,1,4,9873,8461
,,,,,,20/05/2013 Total,,1,4,9873,8461
,,,,,,26/08/2013,$50K - $70K,1,7,6945,11116
,,,,,,26/08/2013 Total,,1,7,6945,11116
,,,,,,09/09/2013,$50K - $70K,1,4,2973,11475
,,,,,,09/09/2013 Total,,1,4,2973,11475
,,,,,USA Total,,,5,27,28085,38759
,,,,WA Total,,,,5,27,28085,38759
,,,Seattle Total,,,,,5,27,28085,38759
,,,Spokane,WA,USA,26/03/2012,$10K - $30K,1,3,2769,1010
,,,,,,26/03/2012 Total,,1,3,2769,1010
,,,,,,12/12/2013,$10K - $30K,1,4,2769,13917
,,,,,,12/12/2013 Total,,1,4,2769,13917
,,,,,USA Total,,,2,7,5538,14927
,,,,WA Total,,,,2,7,5538,14927
,,,Spokane Total,,,,,2,7,5538,14927
,,,Tacoma,WA,USA,14/01/2012,$10K - $30K,1,4,4564,107
,,,,,,14/01/2012 Total,,1,4,4564,107
,,,,,,18/10/2012,$50K - $70K,1,3,1352,3621
,,,,,,18/10/2012 Total,,1,3,1352,3621
,,,,,,26/09/2013,$30K - $50K,1,4,9224,11975
,,,,,,26/09/2013 Total,,1,4,9224,11975
,,,,,USA Total,,,3,11,15140,15703
,,,,WA Total,,,,3,11,15140,15703
,,,Tacoma Total,,,,,3,11,15140,15703
,,,Vancouver,BC,Canada,03/03/2013,$30K - $50K,1,4,7587,6386
,,,,,,03/03/2013 Total,,1,4,7587,6386
,,,,,,05/04/2013,$30K - $50K,1,4,5465,7246
,,,,,,05/04/2013 Total,,1,4,5465,7246
,,,,,,13/05/2013,$110K - $130K,1,5,7990,8269
,,,,,,13/05/2013 Total,,1,5,7990,8269
,,,,,,15/07/2013,$10K - $30K,1,5,1936,9991
,,,,,,15/07/2013 Total,,1,5,1936,9991
,,,,,Canada Total,,,4,18,22978,31892
,,,,BC Total,,,,4,18,22978,31892
,,,Vancouver Total,,,,,4,18,22978,31892
,,,Victoria,BC,Canada,18/03/2013,$130K - $150K,1,4,4260,6754
,,,,,,18/03/2013 Total,,1,4,4260,6754
,,,,,Canada Total,,,1,4,4260,6754
,,,,BC Total,,,,1,4,4260,6754
,,,Victoria Total,,,,,1,4,4260,6754
,,,Walla Walla,WA,USA,03/02/2012,$10K - $30K,1,3,566,332
,,,,,,03/02/2012 Total,,1,3,566,332
,,,,,,12/11/2012,$130K - $150K,1,2,1696,3925
,,,,,,12/11/2012 Total,,1,2,1696,3925
,,,,,,23/11/2012,$50K - $70K,1,1,8770,4080
,,,,,,23/11/2012 Total,,1,1,8770,4080
,,,,,USA Total,,,3,6,11032,8337
,,,,WA Total,,,,3,6,11032,8337
,,,Walla Walla Total,,,,,3,6,11032,8337
,,,Yakima,WA,USA,04/03/2012,$150K +,1,6,7370,691
,,,,,,04/03/2012 Total,,1,6,7370,691
,,,,,USA Total,,,1,6,7370,691
,,,,WA Total,,,,1,6,7370,691
,,,Yakima Total,,,,,1,6,7370,691
,,S Total,,,,,,56,236,288523,300098
,M Total,,,,,,,118,500,578983,734464
Hygiene Total,,,,,,,,197,813,1008668,1268691
Jams and Jellies,F,M,Acapulco,Guerrero,Mexico,19/01/2013,$30K - $50K,1,3,4362,5174
,,,,,,19/01/2013 Total,,1,3,4362,5174
,,,,,,25/07/2013,$70K - $90K,1,4,5618,10273
,,,,,,25/07/2013 Total,,1,4,5618,10273
,,,,,Mexico Total,,,2,7,9980,15447
,,,,Guerrero Total,,,,2,7,9980,15447
,,,Acapulco Total,,,,,2,7,9980,15447
,,,Bellingham,WA,USA,05/04/2012,$10K - $30K,1,2,1057,1178
,,,,,,05/04/2012 Total,,1,2,1057,1178
,,,,,USA Total,,,1,2,1057,1178
,,,,WA Total,,,,1,2,1057,1178
,,,Bellingham Total,,,,,1,2,1057,1178
,,,Beverly Hills,CA,USA,11/04/2012,$10K - $30K,1,3,9471,1255
,,,,,,11/04/2012 Total,,1,3,9471,1255
,,,,,,13/05/2012,$10K - $30K,1,3,5918,1710
,,,,,,13/05/2012 Total,,1,3,5918,1710
,,,,,,25/10/2012,$30K - $50K,1,6,4191,3698
,,,,,,25/10/2012 Total,,1,6,4191,3698
,,,,,,30/12/2012,$50K - $70K,1,3,7478,4703
,,,,,,30/12/2012 Total,,1,3,7478,4703
,,,,,,12/02/2013,$10K - $30K,1,4,9269,5833
,,,,,,12/02/2013 Total,,1,4,9269,5833
,,,,,,04/06/2013,$50K - $70K,1,5,7033,8865
,,,,,,04/06/2013 Total,,1,5,7033,8865
,,,,,,31/08/2013,$110K - $130K,1,3,8272,11234
,,,,,,31/08/2013 Total,,1,3,8272,11234
,,,,,,24/11/2013,$30K - $50K,1,5,5095,13577
,,,,,,24/11/2013 Total,,1,5,5095,13577
,,,,,,26/11/2013,$10K - $30K,1,6,4426,13639
,,,,,,26/11/2013 Total,,1,6,4426,13639
,,,,,,30/11/2013,$70K - $90K,1,3,6600,13735
,,,,,,30/11/2013 Total,,1,3,6600,13735
,,,,,USA Total,,,10,41,67753,78249
,,,,CA Total,,,,10,41,67753,78249
,,,Beverly Hills Total,,,,,10,41,67753,78249
,,,Bremerton,WA,USA,25/04/2012,$50K - $70K,1,5,8731,1455
,,,,,,25/04/2012 Total,,1,5,8731,1455
,,,,,,08/08/2012,$50K - $70K,1,4,3124,2759
,,,,,,08/08/2012 Total,,1,4,3124,2759
,,,,,,09/08/2012,$10K - $30K,1,3,7056,2778
,,,,,,09/08/2012 Total,,1,3,7056,2778
,,,,,,23/08/2012,$70K - $90K,1,4,2690,2945
,,,,,,23/08/2012 Total,,1,4,2690,2945
,,,,,,13/09/2012,$70K - $90K,1,5,3627,3189
,,,,,,13/09/2012 Total,,1,5,3627,3189
,,,,,,27/03/2013,$50K - $70K,1,4,4541,6986
,,,,,,27/03/2013 Total,,1,4,4541,6986
,,,,,,14/08/2013,$70K - $90K,1,3,2690,10816
,,,,,,14/08/2013 Total,,1,3,2690,10816
,,,,,USA Total,,,7,28,32459,30928
,,,,WA Total,,,,7,28,32459,30928
,,,Bremerton Total,,,,,7,28,32459,30928
,,,Camacho,Zacatecas,Mexico,01/01/2013,$30K - $50K,1,3,4571,4741
,,,,,,01/01/2013 Total,,1,3,4571,4741
,,,,,,12/04/2013,$10K - $30K,1,5,1056,7415
,,,,,,12/04/2013 Total,,1,5,1056,7415
,,,,,,15/04/2013,$50K - $70K,1,2,5099,7501
,,,,,,15/04/2013 Total,,1,2,5099,7501
,,,,,,25/10/2013,$30K - $50K,1,5,4355,12751
,,,,,,25/10/2013 Total,,1,5,4355,12751
,,,,,Mexico Total,,,4,15,15081,32408
,,,,Zacatecas Total,,,,4,15,15081,32408
,,,Camacho Total,,,,,4,15,15081,32408
,,,Guadalajara,Jalisco,Mexico,31/01/2013,$50K - $70K,1,3,441,5477
,,,,,,31/01/2013 Total,,1,3,441,5477
,,,,,Mexico Total,,,1,3,441,5477
,,,,Jalisco Total,,,,1,3,441,5477
,,,Guadalajara Total,,,,,1,3,441,5477
,,,Hidalgo,Zacatecas,Mexico,14/01/2013,$50K - $70K,1,4,789,5041
,,,,,,14/01/2013 Total,,1,4,789,5041
,,,,,,15/03/2013,$70K - $90K,1,6,6652,6674
,,,,,,15/03/2013 Total,,1,6,6652,6674
,,,,,,26/08/2013,$70K - $90K,1,4,4226,11109
,,,,,,26/08/2013 Total,,1,4,4226,11109
,,,,,,29/08/2013,$30K - $50K,1,3,4620,11181
,,,,,,29/08/2013 Total,,1,3,4620,11181
,,,,,,06/09/2013,$70K - $90K,1,6,8363,11396
,,,,,,06/09/2013 Total,,1,6,8363,11396
,,,,,,12/10/2013,$30K - $50K,1,4,1495,12378
,,,,,,12/10/2013 Total,,1,4,1495,12378
,,,,,Mexico Total,,,6,27,26145,57779
,,,,Zacatecas Total,,,,6,27,26145,57779
,,,Hidalgo Total,,,,,6,27,26145,57779
,,,Los Angeles,CA,USA,08/03/2012,$50K - $70K,1,3,7611,747
,,,,,,08/03/2012 Total,,1,3,7611,747
,,,,,,24/05/2012,$30K - $50K,1,5,2890,1843
,,,,,,24/05/2012 Total,,1,5,2890,1843
,,,,,,13/07/2012,$30K - $50K,1,3,6584,2437
,,,,,,13/07/2012 Total,,1,3,6584,2437
,,,,,,05/10/2012,$30K - $50K,1,5,4030,3453
,,,,,,05/10/2012 Total,,1,5,4030,3453
,,,,,,25/11/2012,$110K - $130K,1,4,1647,4110
,,,,,,25/11/2012 Total,,1,4,1647,4110
,,,,,,26/11/2012,$70K - $90K,1,5,5289,4121
,,,,,,26/11/2012 Total,,1,5,5289,4121
,,,,,,01/10/2013,$10K - $30K,1,4,2438,12091
,,,,,,01/10/2013 Total,,1,4,2438,12091
,,,,,USA Total,,,7,29,30489,28802
,,,,CA Total,,,,7,29,30489,28802
,,,Los Angeles Total,,,,,7,29,30489,28802
,,,Merida,Yucatan,Mexico,01/03/2013,$30K - $50K,1,3,3501,6334
,,,,,,01/03/2013 Total,,1,3,3501,6334
,,,,,,15/03/2013,$30K - $50K,1,6,2500,6697
,,,,,,15/03/2013 Total,,1,6,2500,6697
,,,,,,22/04/2013,$30K - $50K,1,5,1578,7698
,,,,,,22/04/2013 Total,,1,5,1578,7698
,,,,,,20/05/2013,$10K - $30K,1,4,1753,8472
,,,,,,20/05/2013 Total,,1,4,1753,8472
,,,,,,02/06/2013,$50K - $70K,1,4,9143,8823
,,,,,,02/06/2013 Total,,1,4,9143,8823
,,,,,,28/06/2013,$30K - $50K,1,5,5851,9513
,,,,,,28/06/2013 Total,,1,5,5851,9513
,,,,,,29/07/2013,$70K - $90K,1,5,9844,10386
,,,,,,29/07/2013 Total,,1,5,9844,10386
,,,,,,07/08/2013,$10K - $30K,1,6,8087,10599
,,,,,,07/08/2013 Total,,1,6,8087,10599
,,,,,,20/08/2013,$50K - $70K,1,5,298,10950
,,,,,,20/08/2013 Total,,1,5,298,10950
,,,,,,28/08/2013,$30K - $50K,1,4,9249,11153
,,,,,,28/08/2013 Total,,1,4,9249,11153
,,,,,,10/10/2013,$10K - $30K,1,5,3857,12326
,,,,,,10/10/2013 Total,,1,5,3857,12326
,,,,,Mexico Total,,,11,52,55661,102951
,,,,Yucatan Total,,,,11,52,55661,102951
,,,Merida Total,,,,,11,52,55661,102951
,,,Mexico City,DF,Mexico,17/02/2013,$50K - $70K,1,3,8773,5965
,,,,,,17/02/2013 Total,,1,3,8773,5965
,,,,,,06/04/2013,$70K - $90K,1,5,2070,7254
,,,,,,06/04/2013 Total,,1,5,2070,7254
,,,,,,28/04/2013,$30K - $50K,1,3,1952,7860
,,,,,,28/04/2013 Total,,1,3,1952,7860
,,,,,Mexico Total,,,3,11,12795,21079
,,,,DF Total,,,,3,11,12795,21079
,,,Mexico City Total,,,,,3,11,12795,21079
,,,Orizaba,Veracruz,Mexico,11/01/2013,$10K - $30K,1,3,1013,4990
,,,,,,11/01/2013 Total,,1,3,1013,4990
,,,,,,20/02/2013,$10K - $30K,1,4,3234,6066
,,,,,,20/02/2013 Total,,1,4,3234,6066
,,,,,,01/06/2013,$10K - $30K,1,4,9037,8793
,,,,,,01/06/2013 Total,,1,4,9037,8793
,,,,,,06/07/2013,$10K - $30K,1,6,9559,9723
,,,,,,06/07/2013 Total,,1,6,9559,9723
,,,,,,23/09/2013,$10K - $30K,1,2,9037,11859
,,,,,,23/09/2013 Total,,1,2,9037,11859
,,,,,,20/11/2013,$10K - $30K,1,4,1013,13472
,,,,,,20/11/2013 Total,,1,4,1013,13472
,,,,,Mexico Total,,,6,23,32893,54903
,,,,Veracruz Total,,,,6,23,32893,54903
,,,Orizaba Total,,,,,6,23,32893,54903
,,,Portland,OR,USA,12/03/2012,$30K - $50K,1,5,4954,815
,,,,,,12/03/2012 Total,,1,5,4954,815
,,,,,,29/03/2012,$10K - $30K,1,5,1332,1071
,,,,,,29/03/2012 Total,,1,5,1332,1071
,,,,,,05/05/2012,$50K - $70K,1,4,6057,1602
,,,,,,05/05/2012 Total,,1,4,6057,1602
,,,,,,02/09/2012,$110K - $130K,1,5,673,3057
,,,,,,02/09/2012 Total,,1,5,673,3057
,,,,,,23/08/2013,$30K - $50K,1,4,3925,11021
,,,,,,23/08/2013 Total,,1,4,3925,11021
,,,,,,20/10/2013,$10K - $30K,1,4,3395,12616
,,,,,,20/10/2013 Total,,1,4,3395,12616
,,,,,,24/10/2013,$50K - $70K,1,4,2846,12715
,,,,,,24/10/2013 Total,,1,4,2846,12715
,,,,,USA Total,,,7,31,23182,42897
,,,,OR Total,,,,7,31,23182,42897
,,,Portland Total,,,,,7,31,23182,42897
,,,Salem,OR,USA,05/02/2012,$110K - $130K,1,3,9788,357
,,,,,,05/02/2012 Total,,1,3,9788,357
,,,,,,26/03/2012,$30K - $50K,1,6,8310,1020
,,,,,,26/03/2012 Total,,1,6,8310,1020
,,,,,,12/04/2012,$110K - $130K,1,4,9788,1264
,,,,,,12/04/2012 Total,,1,4,9788,1264
,,,,,,07/05/2012,$50K - $70K,1,4,1987,1629
,,,,,,07/05/2012 Total,,1,4,1987,1629
,,,,,,09/05/2012,$70K - $90K,1,2,6079,1657
,,,,,,09/05/2012 Total,,1,2,6079,1657
,,,,,,13/05/2012,$10K - $30K,1,2,9420,1702
,,,,,,13/05/2012 Total,,1,2,9420,1702
,,,,,,26/07/2012,$90K - $110K,1,3,484,2602
,,,,,,26/07/2012 Total,,1,3,484,2602
,,,,,,04/08/2012,$70K - $90K,1,5,8207,2709
,,,,,,04/08/2012 Total,,1,5,8207,2709
,,,,,,12/09/2012,$30K - $50K,1,6,8467,3183
,,,,,,12/09/2012 Total,,1,6,8467,3183
,,,,,,12/11/2012,$30K - $50K,1,4,7283,3922
,,,,,,12/11/2012 Total,,1,4,7283,3922
,,,,,,02/12/2012,$10K - $30K,1,5,4004,4215
,,,,,,02/12/2012 Total,,1,5,4004,4215
,,,,,,27/01/2013,$130K - $150K,1,3,208,5368
,,,,,,27/01/2013 Total,,1,3,208,5368
,,,,,,27/02/2013,$50K - $70K,1,5,697,6253
,,,,,,27/02/2013 Total,,1,5,697,6253
,,,,,,20/04/2013,$30K - $50K,1,3,8140,7627
,,,,,,20/04/2013 Total,,1,3,8140,7627
,,,,,,16/06/2013,$10K - $30K,1,5,2695,9211
,,,,,,16/06/2013 Total,,1,5,2695,9211
,,,,,,18/09/2013,$70K - $90K,1,3,9297,11708
,,,,,,18/09/2013 Total,,1,3,9297,11708
,,,,,USA Total,,,16,63,94854,64427
,,,,OR Total,,,,16,63,94854,64427
,,,Salem Total,,,,,16,63,94854,64427
,,,San Andres,DF,Mexico,21/02/2013,$150K +,1,3,6382,6096
,,,,,,21/02/2013 Total,,1,3,6382,6096
,,,,,,27/02/2013,$30K - $50K,1,5,2802,6263
,,,,,,27/02/2013 Total,,1,5,2802,6263
,,,,,,01/03/2013,$30K - $50K,1,4,9830,6318
,,,,,,01/03/2013 Total,,1,4,9830,6318
,,,,,,23/03/2013,$10K - $30K,1,3,474,6869
,,,,,,23/03/2013 Total,,1,3,474,6869
,,,,,,04/05/2013,$30K - $50K,1,5,4766,8013
,,,,,,04/05/2013 Total,,1,5,4766,8013
,,,,,,05/05/2013,$50K - $70K,1,4,6461,8036
,,,,,,05/05/2013 Total,,1,4,6461,8036
,,,,,,07/05/2013,$30K - $50K,1,6,5767,8111
,,,,,,07/05/2013 Total,,1,6,5767,8111
,,,,,,19/05/2013,$50K - $70K,1,4,2156,8421
,,,,,,19/05/2013 Total,,1,4,2156,8421
,,,,,,23/05/2013,$130K - $150K,1,6,9319,8554
,,,,,,23/05/2013 Total,,1,6,9319,8554
,,,,,,24/06/2013,$10K - $30K,1,6,2191,9417
,,,,,,24/06/2013 Total,,1,6,2191,9417
,,,,,,17/08/2013,$10K - $30K,1,6,8326,10880
,,,,,,17/08/2013 Total,,1,6,8326,10880
,,,,,,19/08/2013,$30K - $50K,1,4,1563,10937
,,,,,,19/08/2013 Total,,1,4,1563,10937
,,,,,,07/09/2013,$30K - $50K,1,4,4766,11409
,,,,,,07/09/2013 Total,,1,4,4766,11409
,,,,,,28/10/2013,$50K - $70K,1,4,8773,12853
,,,,,,28/10/2013 Total,,1,4,8773,12853
,,,,,,06/11/2013,$70K - $90K,1,3,42,13098
,,,,,,06/11/2013 Total,,1,3,42,13098
,,,,,,08/11/2013,$130K - $150K,1,4,9319,13164
,,,,,,08/11/2013 Total,,1,4,9319,13164
,,,,,,16/11/2013,$30K - $50K,1,3,4766,13380
,,,,,,16/11/2013 Total,,1,3,4766,13380
,,,,,Mexico Total,,,17,74,87703,161819
,,,,DF Total,,,,17,74,87703,161819
,,,San Andres Total,,,,,17,74,87703,161819
,,,San Diego,CA,USA,17/03/2012,$30K - $50K,1,4,5313,879
,,,,,,17/03/2012 Total,,1,4,5313,879
,,,,,,04/04/2012,$90K - $110K,1,6,6842,1160
,,,,,,04/04/2012 Total,,1,6,6842,1160
,,,,,,13/06/2012,$30K - $50K,1,3,8083,2077
,,,,,,13/06/2012 Total,,1,3,8083,2077
,,,,,,06/08/2012,$10K - $30K,1,5,2313,2730
,,,,,,06/08/2012 Total,,1,5,2313,2730
,,,,,,14/04/2013,$130K - $150K,1,3,9536,7463
,,,,,,14/04/2013 Total,,1,3,9536,7463
,,,,,,11/08/2013,$70K - $90K,1,2,1643,10721
,,,,,,11/08/2013 Total,,1,2,1643,10721
,,,,,,06/10/2013,$10K - $30K,1,4,2034,12219
,,,,,,06/10/2013 Total,,1,4,2034,12219
,,,,,,06/11/2013,$50K - $70K,1,4,5150,13099
,,,,,,06/11/2013 Total,,1,4,5150,13099
,,,,,USA Total,,,8,31,40914,50348
,,,,CA Total,,,,8,31,40914,50348
,,,San Diego Total,,,,,8,31,40914,50348
,,,Seattle,WA,USA,19/01/2012,$50K - $70K,1,5,2035,166
,,,,,,19/01/2012 Total,,1,5,2035,166
,,,,,,16/02/2012,$90K - $110K,1,6,3373,484
,,,,,,16/02/2012 Total,,1,6,3373,484
,,,,,,01/07/2012,$30K - $50K,1,4,9924,2297
,,,,,,01/07/2012 Total,,1,4,9924,2297
,,,,,,18/12/2012,$30K - $50K,1,4,6065,4470
,,,,,,18/12/2012 Total,,1,4,6065,4470
,,,,,,21/12/2012,$70K - $90K,1,6,229,4514
,,,,,,21/12/2012 Total,,1,6,229,4514
,,,,,,09/03/2013,$90K - $110K,1,5,7075,6535
,,,,,,09/03/2013 Total,,1,5,7075,6535
,,,,,,22/06/2013,$30K - $50K,1,6,8111,9367
,,,,,,22/06/2013 Total,,1,6,8111,9367
,,,,,,06/07/2013,$30K - $50K,1,6,3749,9738
,,,,,,06/07/2013 Total,,1,6,3749,9738
,,,,,,24/08/2013,$10K - $30K,1,4,6659,11068
,,,,,,24/08/2013 Total,,1,4,6659,11068
,,,,,,28/08/2013,$110K - $130K,1,5,1583,11158
,,,,,,28/08/2013 Total,,1,5,1583,11158
,,,,,,27/09/2013,$10K - $30K,1,6,9793,11983
,,,,,,27/09/2013 Total,,1,6,9793,11983
,,,,,,03/11/2013,$50K - $70K,1,3,7218,13015
,,,,,,03/11/2013 Total,,1,3,7218,13015
,,,,,,04/11/2013,$30K - $50K,1,5,7494,13033
,,,,,,04/11/2013 Total,,1,5,7494,13033
,,,,,USA Total,,,13,65,73308,97828
,,,,WA Total,,,,13,65,73308,97828
,,,Seattle Total,,,,,13,65,73308,97828
,,,Spokane,WA,USA,17/10/2012,$30K - $50K,1,4,4391,3608
,,,,,,17/10/2012 Total,,1,4,4391,3608
,,,,,,13/01/2013,$10K - $30K,1,4,1310,5024
,,,,,,13/01/2013 Total,,1,4,1310,5024
,,,,,,09/04/2013,$30K - $50K,1,4,4391,7344
,,,,,,09/04/2013 Total,,1,4,4391,7344
,,,,,,29/08/2013,$130K - $150K,1,3,4868,11190
,,,,,,29/08/2013 Total,,1,3,4868,11190
,,,,,USA Total,,,4,15,14960,27166
,,,,WA Total,,,,4,15,14960,27166
,,,Spokane Total,,,,,4,15,14960,27166
,,,Tacoma,WA,USA,23/02/2012,$10K - $30K,1,5,5341,564
,,,,,,23/02/2012 Total,,1,5,5341,564
,,,,,,10/07/2012,$70K - $90K,1,5,3716,2384
,,,,,,10/07/2012 Total,,1,5,3716,2384
,,,,,,26/11/2012,$130K - $150K,1,5,158,4122
,,,,,,26/11/2012 Total,,1,5,158,4122
,,,,,,20/12/2012,$30K - $50K,1,4,472,4508
,,,,,,20/12/2012 Total,,1,4,472,4508
,,,,,,14/01/2013,$110K - $130K,1,5,5644,5033
,,,,,,14/01/2013 Total,,1,5,5644,5033
,,,,,,02/02/2013,$70K - $90K,1,3,7281,5562
,,,,,,02/02/2013 Total,,1,3,7281,5562
,,,,,,07/03/2013,$30K - $50K,1,4,472,6489
,,,,,,,$90K - $110K,1,5,6001,6465
,,,,,,07/03/2013 Total,,2,9,6473,12954
,,,,,,26/03/2013,$50K - $70K,1,4,9064,6974
,,,,,,26/03/2013 Total,,1,4,9064,6974
,,,,,,26/04/2013,$10K - $30K,1,4,3328,7786
,,,,,,26/04/2013 Total,,1,4,3328,7786
,,,,,,20/06/2013,$30K - $50K,1,5,5410,9311
,,,,,,20/06/2013 Total,,1,5,5410,9311
,,,,,,22/06/2013,$150K +,1,6,10280,9364
,,,,,,22/06/2013 Total,,1,6,10280,9364
,,,,,,10/07/2013,$70K - $90K,1,5,6313,9839
,,,,,,10/07/2013 Total,,1,5,6313,9839
,,,,,,27/07/2013,$110K - $130K,1,4,5644,10318
,,,,,,27/07/2013 Total,,1,4,5644,10318
,,,,,,18/08/2013,$50K - $70K,1,5,1607,10909
,,,,,,18/08/2013 Total,,1,5,1607,10909
,,,,,,19/08/2013,$110K - $130K,1,3,7065,10923
,,,,,,19/08/2013 Total,,1,3,7065,10923
,,,,,,01/09/2013,$10K - $30K,1,2,7831,11266
,,,,,,01/09/2013 Total,,1,2,7831,11266
,,,,,USA Total,,,17,74,85627,121817
,,,,WA Total,,,,17,74,85627,121817
,,,Tacoma Total,,,,,17,74,85627,121817
,,,Vancouver,BC,Canada,26/04/2013,$30K - $50K,1,2,7960,7800
,,,,,,26/04/2013 Total,,1,2,7960,7800
,,,,,,10/05/2013,$10K - $30K,1,3,1501,8196
,,,,,,10/05/2013 Total,,1,3,1501,8196
,,,,,,24/05/2013,$50K - $70K,1,5,6071,8571
,,,,,,24/05/2013 Total,,1,5,6071,8571
,,,,,,25/05/2013,$10K - $30K,1,3,6224,8590
,,,,,,25/05/2013 Total,,1,3,6224,8590
,,,,,,21/09/2013,$70K - $90K,1,4,6127,11797
,,,,,,21/09/2013 Total,,1,4,6127,11797
,,,,,Canada Total,,,5,17,27883,44954
,,,,BC Total,,,,5,17,27883,44954
,,,Vancouver Total,,,,,5,17,27883,44954
,,,Victoria,BC,Canada,16/01/2013,$50K - $70K,1,4,615,5110
,,,,,,16/01/2013 Total,,1,4,615,5110
,,,,,,28/07/2013,$50K - $70K,1,4,6152,10345
,,,,,,28/07/2013 Total,,1,4,6152,10345
,,,,,,24/09/2013,$30K - $50K,1,3,7751,11906
,,,,,,24/09/2013 Total,,1,3,7751,11906
,,,,,Canada Total,,,3,11,14518,27361
,,,,BC Total,,,,3,11,14518,27361
,,,Victoria Total,,,,,3,11,14518,27361
,,,Walla Walla,WA,USA,05/06/2012,$10K - $30K,1,4,5555,1991
,,,,,,05/06/2012 Total,,1,4,5555,1991
,,,,,,19/03/2013,$10K - $30K,1,5,5555,6777
,,,,,,19/03/2013 Total,,1,5,5555,6777
,,,,,USA Total,,,2,9,11110,8768
,,,,WA Total,,,,2,9,11110,8768
,,,Walla Walla Total,,,,,2,9,11110,8768
,,,Yakima,WA,USA,17/07/2012,$50K - $70K,1,4,1802,2485
,,,,,,17/07/2012 Total,,1,4,1802,2485
,,,,,,11/10/2012,$110K - $130K,1,4,2981,3545
,,,,,,11/10/2012 Total,,1,4,2981,3545
,,,,,,06/01/2013,$50K - $70K,1,3,1802,4870
,,,,,,06/01/2013 Total,,1,3,1802,4870
,,,,,,04/03/2013,$70K - $90K,1,3,5204,6404
,,,,,,04/03/2013 Total,,1,3,5204,6404
,,,,,USA Total,,,4,14,11789,17304
,,,,WA Total,,,,4,14,11789,17304
,,,Yakima Total,,,,,4,14,11789,17304
,,M Total,,,,,,154,642,770602,1093890
,,S,Acapulco,Guerrero,Mexico,07/01/2013,$10K - $30K,1,2,8121,4887
,,,,,,07/01/2013 Total,,1,2,8121,4887
,,,,,,08/06/2013,$10K - $30K,1,5,9586,8995
,,,,,,08/06/2013 Total,,1,5,9586,8995
,,,,,,02/08/2013,$10K - $30K,1,4,6358,10467
,,,,,,02/08/2013 Total,,1,4,6358,10467
,,,,,,24/09/2013,$30K - $50K,1,4,5406,11898
,,,,,,24/09/2013 Total,,1,4,5406,11898
,,,,,,10/11/2013,$10K - $30K,1,4,6358,13196
,,,,,,10/11/2013 Total,,1,4,6358,13196
,,,,,,20/11/2013,$30K - $50K,1,4,5406,13493
,,,,,,20/11/2013 Total,,1,4,5406,13493
,,,,,Mexico Total,,,6,23,41235,62936
,,,,Guerrero Total,,,,6,23,41235,62936
,,,Acapulco Total,,,,,6,23,41235,62936
,,,Bellingham,WA,USA,09/05/2013,$10K - $30K,1,2,264,8166
,,,,,,09/05/2013 Total,,1,2,264,8166
,,,,,,25/06/2013,$70K - $90K,1,4,8362,9432
,,,,,,25/06/2013 Total,,1,4,8362,9432
,,,,,USA Total,,,2,6,8626,17598
,,,,WA Total,,,,2,6,8626,17598
,,,Bellingham Total,,,,,2,6,8626,17598
,,,Beverly Hills,CA,USA,08/04/2012,$10K - $30K,1,4,9160,1209
,,,,,,08/04/2012 Total,,1,4,9160,1209
,,,,,,07/05/2012,$10K - $30K,1,4,3981,1630
,,,,,,07/05/2012 Total,,1,4,3981,1630
,,,,,,18/11/2012,$30K - $50K,1,7,3233,4005
,,,,,,18/11/2012 Total,,1,7,3233,4005
,,,,,,03/04/2013,$30K - $50K,1,3,2866,7175
,,,,,,03/04/2013 Total,,1,3,2866,7175
,,,,,,24/04/2013,$30K - $50K,1,4,2961,7758
,,,,,,24/04/2013 Total,,1,4,2961,7758
,,,,,,15/06/2013,$30K - $50K,1,5,3233,9179
,,,,,,15/06/2013 Total,,1,5,3233,9179
,,,,,,13/07/2013,$30K - $50K,1,4,9067,9932
,,,,,,13/07/2013 Total,,1,4,9067,9932
,,,,,USA Total,,,7,31,34501,40888
,,,,CA Total,,,,7,31,34501,40888
,,,Beverly Hills Total,,,,,7,31,34501,40888
,,,Bremerton,WA,USA,30/03/2012,$50K - $70K,1,5,6367,1086
,,,,,,30/03/2012 Total,,1,5,6367,1086
,,,,,,05/08/2012,$10K - $30K,1,5,2431,2722
,,,,,,05/08/2012 Total,,1,5,2431,2722
,,,,,,19/10/2012,$50K - $70K,1,4,4234,3632
,,,,,,19/10/2012 Total,,1,4,4234,3632
,,,,,,18/11/2012,$70K - $90K,1,4,76,4011
,,,,,,18/11/2012 Total,,1,4,76,4011
,,,,,,25/01/2013,$130K - $150K,1,3,997,5313
,,,,,,25/01/2013 Total,,1,3,997,5313
,,,,,,30/03/2013,$30K - $50K,1,2,4257,7083
,,,,,,30/03/2013 Total,,1,2,4257,7083
,,,,,,04/05/2013,$50K - $70K,1,4,8966,8002
,,,,,,04/05/2013 Total,,1,4,8966,8002
,,,,,,08/07/2013,$30K - $50K,1,2,7743,9810
,,,,,,08/07/2013 Total,,1,2,7743,9810
,,,,,,13/10/2013,$90K - $110K,1,5,753,12426
,,,,,,13/10/2013 Total,,1,5,753,12426
,,,,,,16/10/2013,$90K - $110K,1,4,753,12503
,,,,,,16/10/2013 Total,,1,4,753,12503
,,,,,USA Total,,,10,38,36577,66588
,,,,WA Total,,,,10,38,36577,66588
,,,Bremerton Total,,,,,10,38,36577,66588
,,,Camacho,Zacatecas,Mexico,02/05/2013,$50K - $70K,1,2,7328,7967
,,,,,,02/05/2013 Total,,1,2,7328,7967
,,,,,,25/05/2013,$10K - $30K,1,4,767,8616
,,,,,,25/05/2013 Total,,1,4,767,8616
,,,,,,21/09/2013,$10K - $30K,1,4,7593,11796
,,,,,,21/09/2013 Total,,1,4,7593,11796
,,,,,,15/11/2013,$50K - $70K,1,5,4174,13363
,,,,,,15/11/2013 Total,,1,5,4174,13363
,,,,,Mexico Total,,,4,15,19862,41742
,,,,Zacatecas Total,,,,4,15,19862,41742
,,,Camacho Total,,,,,4,15,19862,41742
,,,Guadalajara,Jalisco,Mexico,13/06/2013,$70K - $90K,1,5,6004,9113
,,,,,,13/06/2013 Total,,1,5,6004,9113
,,,,,,17/10/2013,$10K - $30K,1,3,9514,12523
,,,,,,17/10/2013 Total,,1,3,9514,12523
,,,,,Mexico Total,,,2,8,15518,21636
,,,,Jalisco Total,,,,2,8,15518,21636
,,,Guadalajara Total,,,,,2,8,15518,21636
,,,Hidalgo,Zacatecas,Mexico,21/06/2013,$50K - $70K,1,4,4914,9326
,,,,,,21/06/2013 Total,,1,4,4914,9326
,,,,,,10/07/2013,$70K - $90K,1,3,4325,9856
,,,,,,10/07/2013 Total,,1,3,4325,9856
,,,,,,27/07/2013,$30K - $50K,1,3,1636,10331
,,,,,,27/07/2013 Total,,1,3,1636,10331
,,,,,,14/08/2013,$30K - $50K,1,2,8697,10810
,,,,,,14/08/2013 Total,,1,2,8697,10810
,,,,,,17/08/2013,$10K - $30K,1,2,5348,10901
,,,,,,17/08/2013 Total,,1,2,5348,10901
,,,,,,01/11/2013,$10K - $30K,1,5,4731,12957
,,,,,,01/11/2013 Total,,1,5,4731,12957
,,,,,,14/11/2013,$70K - $90K,1,3,6934,13332
,,,,,,14/11/2013 Total,,1,3,6934,13332
,,,,,Mexico Total,,,7,22,36585,77513
,,,,Zacatecas Total,,,,7,22,36585,77513
,,,Hidalgo Total,,,,,7,22,36585,77513
,,,Los Angeles,CA,USA,20/03/2012,$10K - $30K,1,5,1602,941
,,,,,,20/03/2012 Total,,1,5,1602,941
,,,,,,02/12/2012,$10K - $30K,1,4,6174,4201
,,,,,,02/12/2012 Total,,1,4,6174,4201
,,,,,,26/12/2012,$30K - $50K,1,5,3327,4601
,,,,,,26/12/2012 Total,,1,5,3327,4601
,,,,,,30/01/2013,$110K - $130K,1,4,8747,5456
,,,,,,30/01/2013 Total,,1,4,8747,5456
,,,,,,08/02/2013,$50K - $70K,1,3,9404,5720
,,,,,,08/02/2013 Total,,1,3,9404,5720
,,,,,,06/07/2013,$150K +,1,5,6849,9742
,,,,,,06/07/2013 Total,,1,5,6849,9742
,,,,,,19/09/2013,$50K - $70K,1,5,4246,11736
,,,,,,19/09/2013 Total,,1,5,4246,11736
,,,,,,09/10/2013,$30K - $50K,1,6,9622,12302
,,,,,,09/10/2013 Total,,1,6,9622,12302
,,,,,,25/12/2013,$30K - $50K,1,6,4510,14034
,,,,,,25/12/2013 Total,,1,6,4510,14034
,,,,,USA Total,,,9,43,54481,68733
,,,,CA Total,,,,9,43,54481,68733
,,,Los Angeles Total,,,,,9,43,54481,68733
,,,Merida,Yucatan,Mexico,11/01/2013,$30K - $50K,1,3,1593,4986
,,,,,,11/01/2013 Total,,1,3,1593,4986
,,,,,,13/02/2013,$30K - $50K,1,6,1593,5850
,,,,,,13/02/2013 Total,,1,6,1593,5850
,,,,,,09/04/2013,$30K - $50K,1,5,4495,7332
,,,,,,09/04/2013 Total,,1,5,4495,7332
,,,,,,11/08/2013,$30K - $50K,1,4,1593,10725
,,,,,,11/08/2013 Total,,1,4,1593,10725
,,,,,,07/11/2013,$50K - $70K,1,3,7315,13119
,,,,,,07/11/2013 Total,,1,3,7315,13119
,,,,,Mexico Total,,,5,21,16589,42012
,,,,Yucatan Total,,,,5,21,16589,42012
,,,Merida Total,,,,,5,21,16589,42012
,,,Mexico City,DF,Mexico,25/01/2013,$10K - $30K,1,4,3363,5332
,,,,,,25/01/2013 Total,,1,4,3363,5332
,,,,,,14/10/2013,$70K - $90K,1,4,5140,12446
,,,,,,14/10/2013 Total,,1,4,5140,12446
,,,,,Mexico Total,,,2,8,8503,17778
,,,,DF Total,,,,2,8,8503,17778
,,,Mexico City Total,,,,,2,8,8503,17778
,,,Orizaba,Veracruz,Mexico,28/12/2012,$50K - $70K,1,2,5536,4660
,,,,,,28/12/2012 Total,,1,2,5536,4660
,,,,,,23/08/2013,$50K - $70K,1,4,1614,11026
,,,,,,23/08/2013 Total,,1,4,1614,11026
,,,,,Mexico Total,,,2,6,7150,15686
,,,,Veracruz Total,,,,2,6,7150,15686
,,,Orizaba Total,,,,,2,6,7150,15686
,,,Portland,OR,USA,23/04/2012,$50K - $70K,1,4,3201,1436
,,,,,,23/04/2012 Total,,1,4,3201,1436
,,,,,,20/08/2012,$30K - $50K,1,4,4211,2895
,,,,,,20/08/2012 Total,,1,4,4211,2895
,,,,,,17/02/2013,$10K - $30K,1,3,8211,5972
,,,,,,17/02/2013 Total,,1,3,8211,5972
,,,,,,24/02/2013,$70K - $90K,1,4,552,6177
,,,,,,24/02/2013 Total,,1,4,552,6177
,,,,,,12/03/2013,$10K - $30K,1,6,6822,6605
,,,,,,12/03/2013 Total,,1,6,6822,6605
,,,,,,21/04/2013,$130K - $150K,1,5,4750,7667
,,,,,,21/04/2013 Total,,1,5,4750,7667
,,,,,,13/07/2013,$10K - $30K,1,5,2665,9935
,,,,,,13/07/2013 Total,,1,5,2665,9935
,,,,,,14/09/2013,$50K - $70K,1,4,8576,11626
,,,,,,14/09/2013 Total,,1,4,8576,11626
,,,,,,20/09/2013,$70K - $90K,1,5,552,11771
,,,,,,20/09/2013 Total,,1,5,552,11771
,,,,,,29/10/2013,$130K - $150K,1,4,6598,12866
,,,,,,29/10/2013 Total,,1,4,6598,12866
,,,,,,28/11/2013,$70K - $90K,1,4,6203,13676
,,,,,,28/11/2013 Total,,1,4,6203,13676
,,,,,USA Total,,,11,48,52341,90626
,,,,OR Total,,,,11,48,52341,90626
,,,Portland Total,,,,,11,48,52341,90626
,,,Salem,OR,USA,03/04/2012,$10K - $30K,1,4,7182,1137
,,,,,,03/04/2012 Total,,1,4,7182,1137
,,,,,,09/04/2012,$70K - $90K,1,6,3130,1227
,,,,,,09/04/2012 Total,,1,6,3130,1227
,,,,,,21/04/2012,$10K - $30K,1,4,4695,1405
,,,,,,21/04/2012 Total,,1,4,4695,1405
,,,,,,14/07/2012,$10K - $30K,1,5,7149,2446
,,,,,,14/07/2012 Total,,1,5,7149,2446
,,,,,,26/09/2012,$30K - $50K,1,4,3776,3336
,,,,,,26/09/2012 Total,,1,4,3776,3336
,,,,,,17/11/2012,$90K - $110K,1,4,5958,4000
,,,,,,17/11/2012 Total,,1,4,5958,4000
,,,,,,20/11/2012,$10K - $30K,1,6,1499,4044
,,,,,,20/11/2012 Total,,1,6,1499,4044
,,,,,,31/07/2013,$130K - $150K,1,3,1897,10420
,,,,,,31/07/2013 Total,,1,3,1897,10420
,,,,,,27/11/2013,$110K - $130K,1,6,6531,13663
,,,,,,27/11/2013 Total,,1,6,6531,13663
,,,,,USA Total,,,9,42,41817,41678
,,,,OR Total,,,,9,42,41817,41678
,,,Salem Total,,,,,9,42,41817,41678
,,,San Andres,DF,Mexico,12/04/2013,$10K - $30K,1,3,5594,7430
,,,,,,12/04/2013 Total,,1,3,5594,7430
,,,,,,28/04/2013,$70K - $90K,1,5,2107,7848
,,,,,,28/04/2013 Total,,1,5,2107,7848
,,,,,,24/05/2013,$30K - $50K,1,4,7970,8568
,,,,,,24/05/2013 Total,,1,4,7970,8568
,,,,,,25/10/2013,$70K - $90K,1,3,5081,12756
,,,,,,25/10/2013 Total,,1,3,5081,12756
,,,,,Mexico Total,,,4,15,20752,36602
,,,,DF Total,,,,4,15,20752,36602
,,,San Andres Total,,,,,4,15,20752,36602
,,,San Diego,CA,USA,14/02/2012,$10K - $30K,1,3,5528,462
,,,,,,14/02/2012 Total,,1,3,5528,462
,,,,,,14/04/2012,$30K - $50K,1,3,3782,1301
,,,,,,14/04/2012 Total,,1,3,3782,1301
,,,,,,09/05/2012,$70K - $90K,1,5,10191,1650
,,,,,,09/05/2012 Total,,1,5,10191,1650
,,,,,,28/05/2012,$10K - $30K,1,3,5528,1888
,,,,,,28/05/2012 Total,,1,3,5528,1888
,,,,,,11/09/2012,$90K - $110K,1,3,6214,3173
,,,,,,11/09/2012 Total,,1,3,6214,3173
,,,,,,18/02/2013,$30K - $50K,1,6,2700,5991
,,,,,,18/02/2013 Total,,1,6,2700,5991
,,,,,,16/12/2013,$70K - $90K,1,5,3066,13962
,,,,,,16/12/2013 Total,,1,5,3066,13962
,,,,,USA Total,,,7,28,37009,28427
,,,,CA Total,,,,7,28,37009,28427
,,,San Diego Total,,,,,7,28,37009,28427
,,,San Francisco,CA,USA,20/01/2013,$30K - $50K,1,3,3229,5205
,,,,,,20/01/2013 Total,,1,3,3229,5205
,,,,,,13/06/2013,$10K - $30K,1,1,4494,9129
,,,,,,13/06/2013 Total,,1,1,4494,9129
,,,,,USA Total,,,2,4,7723,14334
,,,,CA Total,,,,2,4,7723,14334
,,,San Francisco Total,,,,,2,4,7723,14334
,,,Seattle,WA,USA,22/01/2012,$110K - $130K,1,6,9129,189
,,,,,,22/01/2012 Total,,1,6,9129,189
,,,,,,29/01/2012,$30K - $50K,1,3,4287,267
,,,,,,29/01/2012 Total,,1,3,4287,267
,,,,,,29/03/2012,$30K - $50K,1,3,9543,1070
,,,,,,29/03/2012 Total,,1,3,9543,1070
,,,,,,08/06/2012,$130K - $150K,1,4,1481,2031
,,,,,,08/06/2012 Total,,1,4,1481,2031
,,,,,,12/08/2012,$10K - $30K,1,5,9208,2819
,,,,,,12/08/2012 Total,,1,5,9208,2819
,,,,,,02/10/2012,$110K - $130K,1,5,9129,3400
,,,,,,02/10/2012 Total,,1,5,9129,3400
,,,,,,30/11/2012,$30K - $50K,1,3,3067,4178
,,,,,,30/11/2012 Total,,1,3,3067,4178
,,,,,,28/03/2013,$30K - $50K,1,6,9782,7010
,,,,,,28/03/2013 Total,,1,6,9782,7010
,,,,,,23/10/2013,$50K - $70K,1,3,7445,12701
,,,,,,23/10/2013 Total,,1,3,7445,12701
,,,,,,07/11/2013,$30K - $50K,1,2,5366,13129
,,,,,,07/11/2013 Total,,1,2,5366,13129
,,,,,,25/11/2013,$10K - $30K,1,5,7789,13594
,,,,,,25/11/2013 Total,,1,5,7789,13594
,,,,,USA Total,,,11,45,76226,60388
,,,,WA Total,,,,11,45,76226,60388
,,,Seattle Total,,,,,11,45,76226,60388
,,,Spokane,WA,USA,29/03/2012,$30K - $50K,1,4,9040,1061
,,,,,,29/03/2012 Total,,1,4,9040,1061
,,,,,,09/06/2012,$30K - $50K,1,4,6114,2036
,,,,,,09/06/2012 Total,,1,4,6114,2036
,,,,,,01/10/2013,$30K - $50K,1,4,6114,12103
,,,,,,01/10/2013 Total,,1,4,6114,12103
,,,,,,31/10/2013,$10K - $30K,1,4,4094,12916
,,,,,,31/10/2013 Total,,1,4,4094,12916
,,,,,USA Total,,,4,16,25362,28116
,,,,WA Total,,,,4,16,25362,28116
,,,Spokane Total,,,,,4,16,25362,28116
,,,Tacoma,WA,USA,25/06/2012,$110K - $130K,1,3,7580,2223
,,,,,,25/06/2012 Total,,1,3,7580,2223
,,,,,,09/12/2012,$70K - $90K,1,4,10273,4324
,,,,,,09/12/2012 Total,,1,4,10273,4324
,,,,,,20/01/2013,$70K - $90K,1,3,216,5210
,,,,,,20/01/2013 Total,,1,3,216,5210
,,,,,,09/04/2013,$30K - $50K,1,4,1615,7347
,,,,,,09/04/2013 Total,,1,4,1615,7347
,,,,,,18/05/2013,$30K - $50K,1,6,5971,8410
,,,,,,18/05/2013 Total,,1,6,5971,8410
,,,,,,14/07/2013,$10K - $30K,1,6,5616,9966
,,,,,,14/07/2013 Total,,1,6,5616,9966
,,,,,,17/08/2013,$10K - $30K,1,4,5616,10891
,,,,,,17/08/2013 Total,,1,4,5616,10891
,,,,,,17/10/2013,$110K - $130K,1,3,6423,12525
,,,,,,17/10/2013 Total,,1,3,6423,12525
,,,,,USA Total,,,8,33,43310,60896
,,,,WA Total,,,,8,33,43310,60896
,,,Tacoma Total,,,,,8,33,43310,60896
,,,Vancouver,BC,Canada,24/12/2012,$50K - $70K,1,2,195,4575
,,,,,,24/12/2012 Total,,1,2,195,4575
,,,,,,24/04/2013,$30K - $50K,1,3,5711,7757
,,,,,,24/04/2013 Total,,1,3,5711,7757
,,,,,,22/05/2013,$10K - $30K,1,4,7726,8502
,,,,,,22/05/2013 Total,,1,4,7726,8502
,,,,,,10/06/2013,$30K - $50K,1,5,1408,9043
,,,,,,10/06/2013 Total,,1,5,1408,9043
,,,,,,20/08/2013,$10K - $30K,1,5,2402,10954
,,,,,,20/08/2013 Total,,1,5,2402,10954
,,,,,,08/10/2013,$130K - $150K,1,3,2752,12270
,,,,,,08/10/2013 Total,,1,3,2752,12270
,,,,,Canada Total,,,6,22,20194,53101
,,,,BC Total,,,,6,22,20194,53101
,,,Vancouver Total,,,,,6,22,20194,53101
,,,Victoria,BC,Canada,17/11/2013,$10K - $30K,1,5,4984,13415
,,,,,,17/11/2013 Total,,1,5,4984,13415
,,,,,Canada Total,,,1,5,4984,13415
,,,,BC Total,,,,1,5,4984,13415
,,,Victoria Total,,,,,1,5,4984,13415
,,,Walla Walla,WA,USA,08/04/2012,$10K - $30K,1,3,8970,1211
,,,,,,08/04/2012 Total,,1,3,8970,1211
,,,,,,04/04/2013,$30K - $50K,1,3,8235,7202
,,,,,,04/04/2013 Total,,1,3,8235,7202
,,,,,USA Total,,,2,6,17205,8413
,,,,WA Total,,,,2,6,17205,8413
,,,Walla Walla Total,,,,,2,6,17205,8413
,,,Yakima,WA,USA,28/04/2012,$30K - $50K,1,5,2682,1508
,,,,,,28/04/2012 Total,,1,5,2682,1508
,,,,,,26/10/2012,$50K - $70K,1,5,3197,3705
,,,,,,26/10/2012 Total,,1,5,3197,3705
,,,,,,02/03/2013,$130K - $150K,1,4,569,6359
,,,,,,02/03/2013 Total,,1,4,569,6359
,,,,,,26/03/2013,$130K - $150K,1,4,569,6964
,,,,,,26/03/2013 Total,,1,4,569,6964
,,,,,,29/03/2013,$50K - $70K,1,2,3197,7056
,,,,,,29/03/2013 Total,,1,2,3197,7056
,,,,,,08/11/2013,$30K - $50K,1,4,8746,13161
,,,,,,08/11/2013 Total,,1,4,8746,13161
,,,,,USA Total,,,6,24,18960,38753
,,,,WA Total,,,,6,24,18960,38753
,,,Yakima Total,,,,,6,24,18960,38753
,,S Total,,,,,,127,509,645510,947859
,F Total,,,,,,,281,1151,1416112,2041749
,M,M,Acapulco,Guerrero,Mexico,09/04/2013,$10K - $30K,1,4,4607,7334
,,,,,,09/04/2013 Total,,1,4,4607,7334
,,,,,,13/05/2013,$30K - $50K,1,5,9887,8272
,,,,,,13/05/2013 Total,,1,5,9887,8272
,,,,,,17/08/2013,$30K - $50K,1,3,2974,10885
,,,,,,17/08/2013 Total,,1,3,2974,10885
,,,,,,20/09/2013,$70K - $90K,1,3,489,11784
,,,,,,20/09/2013 Total,,1,3,489,11784
,,,,,Mexico Total,,,4,15,17957,38275
,,,,Guerrero Total,,,,4,15,17957,38275
,,,Acapulco Total,,,,,4,15,17957,38275
,,,Bellingham,WA,USA,14/01/2012,$10K - $30K,1,4,5649,114
,,,,,,14/01/2012 Total,,1,4,5649,114
,,,,,,16/09/2012,$50K - $70K,1,2,7032,3234
,,,,,,16/09/2012 Total,,1,2,7032,3234
,,,,,USA Total,,,2,6,12681,3348
,,,,WA Total,,,,2,6,12681,3348
,,,Bellingham Total,,,,,2,6,12681,3348
,,,Beverly Hills,CA,USA,16/04/2012,$130K - $150K,1,3,5935,1334
,,,,,,16/04/2012 Total,,1,3,5935,1334
,,,,,,11/11/2012,$50K - $70K,1,5,1743,3915
,,,,,,11/11/2012 Total,,1,5,1743,3915
,,,,,,04/03/2013,$50K - $70K,1,4,7060,6411
,,,,,,04/03/2013 Total,,1,4,7060,6411
,,,,,,23/04/2013,$50K - $70K,1,5,2533,7729
,,,,,,23/04/2013 Total,,1,5,2533,7729
,,,,,,23/05/2013,$50K - $70K,1,4,399,8560
,,,,,,23/05/2013 Total,,1,4,399,8560
,,,,,,12/08/2013,$50K - $70K,1,6,5203,10748
,,,,,,12/08/2013 Total,,1,6,5203,10748
,,,,,,14/08/2013,$30K - $50K,1,2,6970,10799
,,,,,,14/08/2013 Total,,1,2,6970,10799
,,,,,,26/09/2013,$150K +,1,5,6805,11962
,,,,,,26/09/2013 Total,,1,5,6805,11962
,,,,,,29/09/2013,$50K - $70K,1,4,9621,12054
,,,,,,29/09/2013 Total,,1,4,9621,12054
,,,,,,15/10/2013,$30K - $50K,1,2,7983,12460
,,,,,,15/10/2013 Total,,1,2,7983,12460
,,,,,,18/11/2013,$70K - $90K,1,2,1162,13430
,,,,,,18/11/2013 Total,,1,2,1162,13430
,,,,,,18/12/2013,$110K - $130K,1,2,5532,13977
,,,,,,18/12/2013 Total,,1,2,5532,13977
,,,,,USA Total,,,12,44,60946,113379
,,,,CA Total,,,,12,44,60946,113379
,,,Beverly Hills Total,,,,,12,44,60946,113379
,,,Bremerton,WA,USA,12/04/2012,$10K - $30K,1,4,9642,1271
,,,,,,12/04/2012 Total,,1,4,9642,1271
,,,,,,19/05/2012,$90K - $110K,1,6,5973,1769
,,,,,,19/05/2012 Total,,1,6,5973,1769
,,,,,,21/08/2012,$30K - $50K,1,3,7377,2919
,,,,,,21/08/2012 Total,,1,3,7377,2919
,,,,,,15/11/2012,$30K - $50K,1,4,647,3966
,,,,,,15/11/2012 Total,,1,4,647,3966
,,,,,,10/12/2012,$70K - $90K,1,4,4075,4329
,,,,,,10/12/2012 Total,,1,4,4075,4329
,,,,,,23/12/2012,$150K +,1,5,8960,4553
,,,,,,23/12/2012 Total,,1,5,8960,4553
,,,,,,25/01/2013,$50K - $70K,1,4,2905,5338
,,,,,,25/01/2013 Total,,1,4,2905,5338
,,,,,,22/06/2013,$10K - $30K,1,4,1451,9375
,,,,,,22/06/2013 Total,,1,4,1451,9375
,,,,,,09/09/2013,$30K - $50K,1,4,1533,11476
,,,,,,09/09/2013 Total,,1,4,1533,11476
,,,,,,11/10/2013,$50K - $70K,1,2,5991,12364
,,,,,,11/10/2013 Total,,1,2,5991,12364
,,,,,,12/11/2013,$10K - $30K,1,5,9642,13285
,,,,,,12/11/2013 Total,,1,5,9642,13285
,,,,,USA Total,,,11,45,58196,70645
,,,,WA Total,,,,11,45,58196,70645
,,,Bremerton Total,,,,,11,45,58196,70645
,,,Camacho,Zacatecas,Mexico,15/07/2013,$50K - $70K,1,5,4732,10013
,,,,,,15/07/2013 Total,,1,5,4732,10013
,,,,,,28/10/2013,$10K - $30K,1,5,4947,12832
,,,,,,28/10/2013 Total,,1,5,4947,12832
,,,,,Mexico Total,,,2,10,9679,22845
,,,,Zacatecas Total,,,,2,10,9679,22845
,,,Camacho Total,,,,,2,10,9679,22845
,,,Hidalgo,Zacatecas,Mexico,02/01/2013,$10K - $30K,1,6,7472,4775
,,,,,,02/01/2013 Total,,1,6,7472,4775
,,,,,,09/01/2013,$50K - $70K,1,5,4009,4932
,,,,,,09/01/2013 Total,,1,5,4009,4932
,,,,,,06/05/2013,$130K - $150K,1,4,1612,8067
,,,,,,06/05/2013 Total,,1,4,1612,8067
,,,,,,19/07/2013,$130K - $150K,1,4,7152,10137
,,,,,,19/07/2013 Total,,1,4,7152,10137
,,,,,,24/07/2013,$30K - $50K,1,4,1693,10239
,,,,,,24/07/2013 Total,,1,4,1693,10239
,,,,,,27/07/2013,$30K - $50K,1,3,1222,10324
,,,,,,27/07/2013 Total,,1,3,1222,10324
,,,,,,20/12/2013,$10K - $30K,1,3,7472,14000
,,,,,,20/12/2013 Total,,1,3,7472,14000
,,,,,Mexico Total,,,7,29,30632,62474
,,,,Zacatecas Total,,,,7,29,30632,62474
,,,Hidalgo Total,,,,,7,29,30632,62474
,,,Los Angeles,CA,USA,25/08/2012,$130K - $150K,1,4,1822,2966
,,,,,,25/08/2012 Total,,1,4,1822,2966
,,,,,,01/11/2012,$30K - $50K,1,4,3922,3787
,,,,,,01/11/2012 Total,,1,4,3922,3787
,,,,,,03/12/2012,$30K - $50K,1,3,2857,4233
,,,,,,03/12/2012 Total,,1,3,2857,4233
,,,,,,03/01/2013,$10K - $30K,1,4,5013,4788
,,,,,,03/01/2013 Total,,1,4,5013,4788
,,,,,,14/05/2013,$10K - $30K,1,4,7012,8291
,,,,,,14/05/2013 Total,,1,4,7012,8291
,,,,,,06/06/2013,$70K - $90K,1,6,3194,8916
,,,,,,06/06/2013 Total,,1,6,3194,8916
,,,,,,15/06/2013,$50K - $70K,1,4,399,9175
,,,,,,15/06/2013 Total,,1,4,399,9175
,,,,,,30/07/2013,$10K - $30K,1,5,8834,10401
,,,,,,30/07/2013 Total,,1,5,8834,10401
,,,,,,19/09/2013,$30K - $50K,1,2,6940,11745
,,,,,,19/09/2013 Total,,1,2,6940,11745
,,,,,,23/09/2013,$10K - $30K,1,5,9092,11866
,,,,,,23/09/2013 Total,,1,5,9092,11866
,,,,,USA Total,,,10,41,49085,76168
,,,,CA Total,,,,10,41,49085,76168
,,,Los Angeles Total,,,,,10,41,49085,76168
,,,Merida,Yucatan,Mexico,17/02/2013,$90K - $110K,1,4,6193,5967
,,,,,,17/02/2013 Total,,1,4,6193,5967
,,,,,,12/03/2013,$70K - $90K,1,4,7711,6611
,,,,,,12/03/2013 Total,,1,4,7711,6611
,,,,,,13/03/2013,$30K - $50K,1,3,6569,6627
,,,,,,13/03/2013 Total,,1,3,6569,6627
,,,,,,09/06/2013,$90K - $110K,1,6,6193,9023
,,,,,,09/06/2013 Total,,1,6,6193,9023
,,,,,,15/07/2013,$30K - $50K,1,5,486,10004
,,,,,,15/07/2013 Total,,1,5,486,10004
,,,,,,26/09/2013,$110K - $130K,1,5,4592,11971
,,,,,,26/09/2013 Total,,1,5,4592,11971
,,,,,,02/12/2013,$70K - $90K,1,5,7448,13763
,,,,,,02/12/2013 Total,,1,5,7448,13763
,,,,,Mexico Total,,,7,32,39192,63966
,,,,Yucatan Total,,,,7,32,39192,63966
,,,Merida Total,,,,,7,32,39192,63966
,,,Mexico City,DF,Mexico,25/11/2013,$30K - $50K,1,5,2990,13599
,,,,,,25/11/2013 Total,,1,5,2990,13599
,,,,,Mexico Total,,,1,5,2990,13599
,,,,DF Total,,,,1,5,2990,13599
,,,Mexico City Total,,,,,1,5,2990,13599
,,,Orizaba,Veracruz,Mexico,05/02/2013,$30K - $50K,1,4,8287,5653
,,,,,,05/02/2013 Total,,1,4,8287,5653
,,,,,,07/06/2013,$70K - $90K,1,5,9197,8961
,,,,,,07/06/2013 Total,,1,5,9197,8961
,,,,,,12/07/2013,$110K - $130K,1,5,7994,9921
,,,,,,12/07/2013 Total,,1,5,7994,9921
,,,,,Mexico Total,,,3,14,25478,24535
,,,,Veracruz Total,,,,3,14,25478,24535
,,,Orizaba Total,,,,,3,14,25478,24535
,,,Portland,OR,USA,12/02/2012,$50K - $70K,1,6,260,438
,,,,,,12/02/2012 Total,,1,6,260,438
,,,,,,13/02/2012,$30K - $50K,1,3,1999,448
,,,,,,13/02/2012 Total,,1,3,1999,448
,,,,,,21/04/2012,$70K - $90K,1,3,3101,1401
,,,,,,21/04/2012 Total,,1,3,3101,1401
,,,,,,07/12/2012,$30K - $50K,1,5,4056,4297
,,,,,,07/12/2012 Total,,1,5,4056,4297
,,,,,,05/01/2013,$10K - $30K,1,3,5739,4842
,,,,,,05/01/2013 Total,,1,3,5739,4842
,,,,,,18/02/2013,$50K - $70K,1,2,8012,5993
,,,,,,18/02/2013 Total,,1,2,8012,5993
,,,,,,16/05/2013,$50K - $70K,1,6,5664,8347
,,,,,,16/05/2013 Total,,1,6,5664,8347
,,,,,,26/05/2013,$50K - $70K,1,2,2568,8619
,,,,,,26/05/2013 Total,,1,2,2568,8619
,,,,,,27/06/2013,$30K - $50K,1,4,9619,9482
,,,,,,27/06/2013 Total,,1,4,9619,9482
,,,,,,05/07/2013,$110K - $130K,1,3,5857,9702
,,,,,,05/07/2013 Total,,1,3,5857,9702
,,,,,,13/07/2013,$130K - $150K,1,6,9013,9947
,,,,,,13/07/2013 Total,,1,6,9013,9947
,,,,,,23/08/2013,$50K - $70K,1,4,1606,11020
,,,,,,23/08/2013 Total,,1,4,1606,11020
,,,,,,01/11/2013,$10K - $30K,1,5,1460,12937
,,,,,,01/11/2013 Total,,1,5,1460,12937
,,,,,USA Total,,,13,52,58954,87473
,,,,OR Total,,,,13,52,58954,87473
,,,Portland Total,,,,,13,52,58954,87473
,,,Salem,OR,USA,25/03/2012,$30K - $50K,1,3,1773,1005
,,,,,,25/03/2012 Total,,1,3,1773,1005
,,,,,,23/05/2012,$10K - $30K,1,5,4342,1830
,,,,,,23/05/2012 Total,,1,5,4342,1830
,,,,,,10/07/2012,$10K - $30K,1,3,4413,2391
,,,,,,10/07/2012 Total,,1,3,4413,2391
,,,,,,19/08/2012,$10K - $30K,1,4,9491,2884
,,,,,,19/08/2012 Total,,1,4,9491,2884
,,,,,,26/08/2012,$150K +,1,3,7639,2986
,,,,,,26/08/2012 Total,,1,3,7639,2986
,,,,,,01/09/2012,$10K - $30K,1,3,422,3041
,,,,,,01/09/2012 Total,,1,3,422,3041
,,,,,,26/11/2012,$10K - $30K,1,2,5809,4132
,,,,,,26/11/2012 Total,,1,2,5809,4132
,,,,,,12/12/2012,$30K - $50K,1,6,3213,4379
,,,,,,12/12/2012 Total,,1,6,3213,4379
,,,,,,12/02/2013,$50K - $70K,1,4,8667,5812
,,,,,,12/02/2013 Total,,1,4,8667,5812
,,,,,,02/03/2013,$30K - $50K,1,5,5734,6347
,,,,,,02/03/2013 Total,,1,5,5734,6347
,,,,,,09/03/2013,$50K - $70K,1,3,4881,6521
,,,,,,09/03/2013 Total,,1,3,4881,6521
,,,,,,09/04/2013,$70K - $90K,1,6,619,7345
,,,,,,09/04/2013 Total,,1,6,619,7345
,,,,,,05/06/2013,$30K - $50K,1,4,7882,8892
,,,,,,05/06/2013 Total,,1,4,7882,8892
,,,,,,24/08/2013,$50K - $70K,1,2,9787,11055
,,,,,,24/08/2013 Total,,1,2,9787,11055
,,,,,,10/11/2013,$30K - $50K,1,4,8659,13224
,,,,,,10/11/2013 Total,,1,4,8659,13224
,,,,,USA Total,,,15,57,83331,81844
,,,,OR Total,,,,15,57,83331,81844
,,,Salem Total,,,,,15,57,83331,81844
,,,San Andres,DF,Mexico,27/12/2012,$50K - $70K,1,2,389,4638
,,,,,,27/12/2012 Total,,1,2,389,4638
,,,,,,21/01/2013,$30K - $50K,1,3,2701,5237
,,,,,,21/01/2013 Total,,1,3,2701,5237
,,,,,,10/09/2013,$50K - $70K,1,3,4271,11504
,,,,,,10/09/2013 Total,,1,3,4271,11504
,,,,,,21/09/2013,$130K - $150K,1,3,2868,11811
,,,,,,21/09/2013 Total,,1,3,2868,11811
,,,,,,19/10/2013,$50K - $70K,1,3,6971,12564
,,,,,,19/10/2013 Total,,1,3,6971,12564
,,,,,Mexico Total,,,5,14,17200,45754
,,,,DF Total,,,,5,14,17200,45754
,,,San Andres Total,,,,,5,14,17200,45754
,,,San Diego,CA,USA,07/08/2012,$10K - $30K,1,4,7986,2748
,,,,,,07/08/2012 Total,,1,4,7986,2748
,,,,,,24/08/2012,$130K - $150K,1,5,2078,2958
,,,,,,24/08/2012 Total,,1,5,2078,2958
,,,,,,23/06/2013,$110K - $130K,1,4,2550,9391
,,,,,,23/06/2013 Total,,1,4,2550,9391
,,,,,USA Total,,,3,13,12614,15097
,,,,CA Total,,,,3,13,12614,15097
,,,San Diego Total,,,,,3,13,12614,15097
,,,San Francisco,CA,USA,23/03/2012,$10K - $30K,1,3,4311,975
,,,,,,23/03/2012 Total,,1,3,4311,975
,,,,,,13/06/2012,$130K - $150K,1,1,9302,2073
,,,,,,13/06/2012 Total,,1,1,9302,2073
,,,,,,16/08/2012,$30K - $50K,1,2,8055,2858
,,,,,,16/08/2012 Total,,1,2,8055,2858
,,,,,USA Total,,,3,6,21668,5906
,,,,CA Total,,,,3,6,21668,5906
,,,San Francisco Total,,,,,3,6,21668,5906
,,,Seattle,WA,USA,17/05/2012,$30K - $50K,1,3,1932,1753
,,,,,,17/05/2012 Total,,1,3,1932,1753
,,,,,,22/06/2012,$10K - $30K,1,5,10055,2180
,,,,,,22/06/2012 Total,,1,5,10055,2180
,,,,,,29/10/2012,$30K - $50K,1,3,6729,3743
,,,,,,29/10/2012 Total,,1,3,6729,3743
,,,,,,29/11/2012,$150K +,1,4,1055,4167
,,,,,,29/11/2012 Total,,1,4,1055,4167
,,,,,,15/12/2012,$10K - $30K,1,3,3966,4424
,,,,,,15/12/2012 Total,,1,3,3966,4424
,,,,,,30/01/2013,$10K - $30K,1,5,831,5455
,,,,,,30/01/2013 Total,,1,5,831,5455
,,,,,,26/11/2013,$90K - $110K,1,4,788,13631
,,,,,,26/11/2013 Total,,1,4,788,13631
,,,,,USA Total,,,7,27,25356,35353
,,,,WA Total,,,,7,27,25356,35353
,,,Seattle Total,,,,,7,27,25356,35353
,,,Spokane,WA,USA,19/01/2012,$70K - $90K,1,4,3567,163
,,,,,,19/01/2012 Total,,1,4,3567,163
,,,,,,06/09/2012,$30K - $50K,1,3,9631,3107
,,,,,,,$70K - $90K,1,3,3567,3104
,,,,,,06/09/2012 Total,,2,6,13198,6211
,,,,,,15/11/2012,$30K - $50K,1,3,2663,3968
,,,,,,15/11/2012 Total,,1,3,2663,3968
,,,,,,01/01/2013,$110K - $130K,1,5,6712,4729
,,,,,,01/01/2013 Total,,1,5,6712,4729
,,,,,,23/02/2013,$30K - $50K,1,4,5174,6141
,,,,,,23/02/2013 Total,,1,4,5174,6141
,,,,,,09/03/2013,$50K - $70K,1,6,3826,6539
,,,,,,09/03/2013 Total,,1,6,3826,6539
,,,,,,26/03/2013,$50K - $70K,1,6,3826,6968
,,,,,,26/03/2013 Total,,1,6,3826,6968
,,,,,,29/03/2013,$50K - $70K,1,3,3826,7049
,,,,,,29/03/2013 Total,,1,3,3826,7049
,,,,,,17/06/2013,$110K - $130K,1,3,9318,9238
,,,,,,17/06/2013 Total,,1,3,9318,9238
,,,,,,21/10/2013,$30K - $50K,1,3,5174,12631
,,,,,,21/10/2013 Total,,1,3,5174,12631
,,,,,,29/10/2013,$150K +,1,3,1690,12861
,,,,,,29/10/2013 Total,,1,3,1690,12861
,,,,,,11/12/2013,$30K - $50K,1,4,9631,13916
,,,,,,11/12/2013 Total,,1,4,9631,13916
,,,,,USA Total,,,13,50,68605,90414
,,,,WA Total,,,,13,50,68605,90414
,,,Spokane Total,,,,,13,50,68605,90414
,,,Tacoma,WA,USA,31/03/2012,$50K - $70K,1,6,1334,1105
,,,,,,31/03/2012 Total,,1,6,1334,1105
,,,,,,20/04/2012,$70K - $90K,1,4,5790,1392
,,,,,,20/04/2012 Total,,1,4,5790,1392
,,,,,,27/05/2012,$30K - $50K,1,5,9837,1881
,,,,,,27/05/2012 Total,,1,5,9837,1881
,,,,,,09/06/2012,$30K - $50K,1,3,1470,2034
,,,,,,09/06/2012 Total,,1,3,1470,2034
,,,,,,30/10/2012,$130K - $150K,1,4,3691,3760
,,,,,,30/10/2012 Total,,1,4,3691,3760
,,,,,,14/01/2013,$10K - $30K,1,5,4029,5036
,,,,,,14/01/2013 Total,,1,5,4029,5036
,,,,,,27/01/2013,$30K - $50K,1,3,1744,5384
,,,,,,27/01/2013 Total,,1,3,1744,5384
,,,,,,29/03/2013,$50K - $70K,1,3,782,7055
,,,,,,29/03/2013 Total,,1,3,782,7055
,,,,,,04/05/2013,$30K - $50K,1,3,1744,8019
,,,,,,04/05/2013 Total,,1,3,1744,8019
,,,,,,09/06/2013,$110K - $130K,1,6,9639,9013
,,,,,,09/06/2013 Total,,1,6,9639,9013
,,,,,,09/08/2013,$30K - $50K,1,3,2511,10669
,,,,,,09/08/2013 Total,,1,3,2511,10669
,,,,,,11/08/2013,$30K - $50K,1,6,1744,10709
,,,,,,11/08/2013 Total,,1,6,1744,10709
,,,,,,22/11/2013,$110K - $130K,1,3,5590,13529
,,,,,,22/11/2013 Total,,1,3,5590,13529
,,,,,,17/12/2013,$10K - $30K,1,3,9187,13970
,,,,,,17/12/2013 Total,,1,3,9187,13970
,,,,,USA Total,,,14,57,59092,93556
,,,,WA Total,,,,14,57,59092,93556
,,,Tacoma Total,,,,,14,57,59092,93556
,,,Vancouver,BC,Canada,11/01/2013,$130K - $150K,1,4,542,4968
,,,,,,11/01/2013 Total,,1,4,542,4968
,,,,,,12/02/2013,$30K - $50K,1,4,1519,5837
,,,,,,12/02/2013 Total,,1,4,1519,5837
,,,,,,24/03/2013,$30K - $50K,1,5,1519,6898
,,,,,,24/03/2013 Total,,1,5,1519,6898
,,,,,,29/03/2013,$30K - $50K,1,3,4797,7045
,,,,,,29/03/2013 Total,,1,3,4797,7045
,,,,,,07/05/2013,$50K - $70K,1,4,4360,8101
,,,,,,07/05/2013 Total,,1,4,4360,8101
,,,,,,16/07/2013,$10K - $30K,1,5,5558,10038
,,,,,,16/07/2013 Total,,1,5,5558,10038
,,,,,,07/10/2013,$50K - $70K,1,4,2123,12265
,,,,,,07/10/2013 Total,,1,4,2123,12265
,,,,,,02/11/2013,$30K - $50K,1,2,7039,12983
,,,,,,02/11/2013 Total,,1,2,7039,12983
,,,,,Canada Total,,,8,31,27457,68135
,,,,BC Total,,,,8,31,27457,68135
,,,Vancouver Total,,,,,8,31,27457,68135
,,,Victoria,BC,Canada,07/08/2013,$10K - $30K,1,5,6205,10596
,,,,,,07/08/2013 Total,,1,5,6205,10596
,,,,,Canada Total,,,1,5,6205,10596
,,,,BC Total,,,,1,5,6205,10596
,,,Victoria Total,,,,,1,5,6205,10596
,,,Walla Walla,WA,USA,07/02/2012,$90K - $110K,1,4,6675,381
,,,,,,07/02/2012 Total,,1,4,6675,381
,,,,,,04/04/2012,$130K - $150K,1,2,4651,1158
,,,,,,04/04/2012 Total,,1,2,4651,1158
,,,,,,29/11/2013,$10K - $30K,1,4,5829,13696
,,,,,,29/11/2013 Total,,1,4,5829,13696
,,,,,USA Total,,,3,10,17155,15235
,,,,WA Total,,,,3,10,17155,15235
,,,Walla Walla Total,,,,,3,10,17155,15235
,,,Yakima,WA,USA,16/12/2012,$10K - $30K,1,4,4070,4436
,,,,,,16/12/2012 Total,,1,4,4070,4436
,,,,,,20/05/2013,$30K - $50K,1,4,1825,8440
,,,,,,20/05/2013 Total,,1,4,1825,8440
,,,,,,06/07/2013,$50K - $70K,1,4,3075,9752
,,,,,,06/07/2013 Total,,1,4,3075,9752
,,,,,,24/10/2013,$50K - $70K,1,5,9891,12712
,,,,,,24/10/2013 Total,,1,5,9891,12712
,,,,,USA Total,,,4,17,18861,35340
,,,,WA Total,,,,4,17,18861,35340
,,,Yakima Total,,,,,4,17,18861,35340
,,M Total,,,,,,148,580,723334,1073937
,,S,Acapulco,Guerrero,Mexico,11/03/2013,$30K - $50K,1,5,2814,6599
,,,,,,11/03/2013 Total,,1,5,2814,6599
,,,,,,15/05/2013,$10K - $30K,1,5,843,8319
,,,,,,15/05/2013 Total,,1,5,843,8319
,,,,,,04/09/2013,$130K - $150K,1,5,9049,11348
,,,,,,04/09/2013 Total,,1,5,9049,11348
,,,,,,18/09/2013,$90K - $110K,1,4,3805,11710
,,,,,,18/09/2013 Total,,1,4,3805,11710
,,,,,,16/10/2013,$30K - $50K,1,4,5090,12500
,,,,,,16/10/2013 Total,,1,4,5090,12500
,,,,,Mexico Total,,,5,23,21601,50476
,,,,Guerrero Total,,,,5,23,21601,50476
,,,Acapulco Total,,,,,5,23,21601,50476
,,,Bellingham,WA,USA,02/11/2012,$70K - $90K,1,5,5310,3803
,,,,,,02/11/2012 Total,,1,5,5310,3803
,,,,,,05/04/2013,$50K - $70K,1,3,7786,7229
,,,,,,05/04/2013 Total,,1,3,7786,7229
,,,,,,11/06/2013,$10K - $30K,1,3,3038,9066
,,,,,,11/06/2013 Total,,1,3,3038,9066
,,,,,USA Total,,,3,11,16134,20098
,,,,WA Total,,,,3,11,16134,20098
,,,Bellingham Total,,,,,3,11,16134,20098
,,,Beverly Hills,CA,USA,21/01/2013,$30K - $50K,1,4,9943,5233
,,,,,,21/01/2013 Total,,1,4,9943,5233
,,,,,USA Total,,,1,4,9943,5233
,,,,CA Total,,,,1,4,9943,5233
,,,Beverly Hills Total,,,,,1,4,9943,5233
,,,Bremerton,WA,USA,13/02/2012,$10K - $30K,1,3,1633,450
,,,,,,13/02/2012 Total,,1,3,1633,450
,,,,,,20/05/2012,$30K - $50K,1,6,5158,1794
,,,,,,20/05/2012 Total,,1,6,5158,1794
,,,,,,24/05/2012,$30K - $50K,1,5,5158,1841
,,,,,,24/05/2012 Total,,1,5,5158,1841
,,,,,,28/06/2012,$130K - $150K,1,6,7384,2257
,,,,,,28/06/2012 Total,,1,6,7384,2257
,,,,,,07/12/2012,$10K - $30K,1,4,9851,4300
,,,,,,07/12/2012 Total,,1,4,9851,4300
,,,,,USA Total,,,5,24,29184,10642
,,,,WA Total,,,,5,24,29184,10642
,,,Bremerton Total,,,,,5,24,29184,10642
,,,Camacho,Zacatecas,Mexico,18/04/2013,$70K - $90K,1,3,7787,7583
,,,,,,18/04/2013 Total,,1,3,7787,7583
,,,,,,20/05/2013,$110K - $130K,1,4,8118,8439
,,,,,,20/05/2013 Total,,1,4,8118,8439
,,,,,,23/05/2013,$10K - $30K,1,6,9525,8530
,,,,,,23/05/2013 Total,,1,6,9525,8530
,,,,,,06/08/2013,$30K - $50K,1,4,7110,10577
,,,,,,06/08/2013 Total,,1,4,7110,10577
,,,,,,16/09/2013,$70K - $90K,1,3,4437,11683
,,,,,,16/09/2013 Total,,1,3,4437,11683
,,,,,,30/11/2013,$30K - $50K,1,5,3025,13734
,,,,,,30/11/2013 Total,,1,5,3025,13734
,,,,,Mexico Total,,,6,25,40002,60546
,,,,Zacatecas Total,,,,6,25,40002,60546
,,,Camacho Total,,,,,6,25,40002,60546
,,,Guadalajara,Jalisco,Mexico,15/11/2013,$30K - $50K,1,3,1904,13366
,,,,,,15/11/2013 Total,,1,3,1904,13366
,,,,,Mexico Total,,,1,3,1904,13366
,,,,Jalisco Total,,,,1,3,1904,13366
,,,Guadalajara Total,,,,,1,3,1904,13366
,,,Hidalgo,Zacatecas,Mexico,02/03/2013,$30K - $50K,1,5,5478,6354
,,,,,,02/03/2013 Total,,1,5,5478,6354
,,,,,,01/04/2013,$30K - $50K,1,5,2528,7129
,,,,,,01/04/2013 Total,,1,5,2528,7129
,,,,,,13/04/2013,$10K - $30K,1,5,8915,7436
,,,,,,13/04/2013 Total,,1,5,8915,7436
,,,,,,15/04/2013,$10K - $30K,1,4,8915,7486
,,,,,,15/04/2013 Total,,1,4,8915,7486
,,,,,,05/07/2013,$30K - $50K,1,5,5478,9704
,,,,,,05/07/2013 Total,,1,5,5478,9704
,,,,,,05/09/2013,$30K - $50K,1,5,1770,11378
,,,,,,05/09/2013 Total,,1,5,1770,11378
,,,,,,06/11/2013,$10K - $30K,1,4,322,13090
,,,,,,06/11/2013 Total,,1,4,322,13090
,,,,,Mexico Total,,,7,33,33406,62577
,,,,Zacatecas Total,,,,7,33,33406,62577
,,,Hidalgo Total,,,,,7,33,33406,62577
,,,Los Angeles,CA,USA,21/04/2012,$30K - $50K,1,4,8563,1403
,,,,,,21/04/2012 Total,,1,4,8563,1403
,,,,,,10/08/2012,$90K - $110K,1,4,2963,2790
,,,,,,10/08/2012 Total,,1,4,2963,2790
,,,,,,05/10/2012,$10K - $30K,1,3,4079,3468
,,,,,,05/10/2012 Total,,1,3,4079,3468
,,,,,,16/10/2012,$10K - $30K,1,5,3969,3604
,,,,,,16/10/2012 Total,,1,5,3969,3604
,,,,,,09/11/2012,$50K - $70K,1,4,9027,3895
,,,,,,09/11/2012 Total,,1,4,9027,3895
,,,,,,22/11/2012,$10K - $30K,1,4,2870,4067
,,,,,,22/11/2012 Total,,1,4,2870,4067
,,,,,,07/02/2013,$10K - $30K,1,3,8124,5689
,,,,,,07/02/2013 Total,,1,3,8124,5689
,,,,,,07/07/2013,$30K - $50K,1,5,5014,9773
,,,,,,07/07/2013 Total,,1,5,5014,9773
,,,,,,18/08/2013,$70K - $90K,1,6,2412,10914
,,,,,,18/08/2013 Total,,1,6,2412,10914
,,,,,,01/11/2013,$10K - $30K,1,4,6417,12953
,,,,,,01/11/2013 Total,,1,4,6417,12953
,,,,,,16/11/2013,$30K - $50K,1,4,9507,13373
,,,,,,16/11/2013 Total,,1,4,9507,13373
,,,,,USA Total,,,11,46,62945,71929
,,,,CA Total,,,,11,46,62945,71929
,,,Los Angeles Total,,,,,11,46,62945,71929
,,,Merida,Yucatan,Mexico,05/02/2013,$50K - $70K,1,4,8239,5637
,,,,,,05/02/2013 Total,,1,4,8239,5637
,,,,,,18/03/2013,$30K - $50K,1,4,6034,6761
,,,,,,18/03/2013 Total,,1,4,6034,6761
,,,,,,04/04/2013,$30K - $50K,1,5,5642,7195
,,,,,,04/04/2013 Total,,1,5,5642,7195
,,,,,,21/04/2013,$50K - $70K,1,4,498,7666
,,,,,,21/04/2013 Total,,1,4,498,7666
,,,,,,29/04/2013,$70K - $90K,1,4,3864,7904
,,,,,,29/04/2013 Total,,1,4,3864,7904
,,,,,,03/07/2013,$130K - $150K,1,2,6033,9654
,,,,,,03/07/2013 Total,,1,2,6033,9654
,,,,,,10/08/2013,$130K - $150K,1,5,6033,10693
,,,,,,10/08/2013 Total,,1,5,6033,10693
,,,,,,26/08/2013,$50K - $70K,1,3,498,11107
,,,,,,26/08/2013 Total,,1,3,498,11107
,,,,,,04/09/2013,$70K - $90K,1,4,8870,11354
,,,,,,04/09/2013 Total,,1,4,8870,11354
,,,,,,29/09/2013,$30K - $50K,1,5,6034,12052
,,,,,,29/09/2013 Total,,1,5,6034,12052
,,,,,Mexico Total,,,10,40,51745,90023
,,,,Yucatan Total,,,,10,40,51745,90023
,,,Merida Total,,,,,10,40,51745,90023
,,,Mexico City,DF,Mexico,05/03/2013,$50K - $70K,1,5,8180,6416
,,,,,,05/03/2013 Total,,1,5,8180,6416
,,,,,,08/04/2013,$130K - $150K,1,7,5985,7305
,,,,,,08/04/2013 Total,,1,7,5985,7305
,,,,,,08/05/2013,$90K - $110K,1,3,9806,8139
,,,,,,08/05/2013 Total,,1,3,9806,8139
,,,,,,25/08/2013,$30K - $50K,1,2,6608,11086
,,,,,,25/08/2013 Total,,1,2,6608,11086
,,,,,,25/10/2013,$50K - $70K,1,4,6923,12769
,,,,,,25/10/2013 Total,,1,4,6923,12769
,,,,,Mexico Total,,,5,21,37502,45715
,,,,DF Total,,,,5,21,37502,45715
,,,Mexico City Total,,,,,5,21,37502,45715
,,,Orizaba,Veracruz,Mexico,18/04/2013,$50K - $70K,1,5,4319,7558
,,,,,,18/04/2013 Total,,1,5,4319,7558
,,,,,,10/05/2013,$50K - $70K,1,5,3870,8204
,,,,,,10/05/2013 Total,,1,5,3870,8204
,,,,,,09/07/2013,$50K - $70K,1,6,4319,9822
,,,,,,09/07/2013 Total,,1,6,4319,9822
,,,,,,08/09/2013,$130K - $150K,1,2,8166,11454
,,,,,,08/09/2013 Total,,1,2,8166,11454
,,,,,,22/09/2013,$50K - $70K,1,3,7158,11832
,,,,,,22/09/2013 Total,,1,3,7158,11832
,,,,,,23/11/2013,$50K - $70K,1,2,5318,13550
,,,,,,23/11/2013 Total,,1,2,5318,13550
,,,,,Mexico Total,,,6,23,33150,62420
,,,,Veracruz Total,,,,6,23,33150,62420
,,,Orizaba Total,,,,,6,23,33150,62420
,,,Portland,OR,USA,05/03/2012,$10K - $30K,1,4,2269,715
,,,,,,05/03/2012 Total,,1,4,2269,715
,,,,,,09/05/2012,$30K - $50K,1,4,1624,1655
,,,,,,09/05/2012 Total,,1,4,1624,1655
,,,,,,15/08/2012,$30K - $50K,1,3,6703,2835
,,,,,,15/08/2012 Total,,1,3,6703,2835
,,,,,,16/08/2012,$10K - $30K,1,3,1432,2848
,,,,,,16/08/2012 Total,,1,3,1432,2848
,,,,,,04/06/2013,$30K - $50K,1,2,4467,8881
,,,,,,04/06/2013 Total,,1,2,4467,8881
,,,,,,21/06/2013,$50K - $70K,1,5,5715,9342
,,,,,,21/06/2013 Total,,1,5,5715,9342
,,,,,,27/09/2013,$30K - $50K,1,6,3412,12004
,,,,,,27/09/2013 Total,,1,6,3412,12004
,,,,,,27/10/2013,$30K - $50K,1,2,9571,12808
,,,,,,27/10/2013 Total,,1,2,9571,12808
,,,,,,19/12/2013,$30K - $50K,1,6,7887,13993
,,,,,,19/12/2013 Total,,1,6,7887,13993
,,,,,USA Total,,,9,35,43080,65081
,,,,OR Total,,,,9,35,43080,65081
,,,Portland Total,,,,,9,35,43080,65081
,,,Salem,OR,USA,09/02/2012,$30K - $50K,1,4,10186,410
,,,,,,09/02/2012 Total,,1,4,10186,410
,,,,,,23/02/2012,$30K - $50K,1,3,790,568
,,,,,,23/02/2012 Total,,1,3,790,568
,,,,,,01/03/2012,$70K - $90K,1,4,2525,646
,,,,,,01/03/2012 Total,,1,4,2525,646
,,,,,,15/04/2012,$70K - $90K,1,3,4465,1312
,,,,,,15/04/2012 Total,,1,3,4465,1312
,,,,,,25/05/2012,$70K - $90K,1,3,3253,1850
,,,,,,25/05/2012 Total,,1,3,3253,1850
,,,,,,18/07/2012,$10K - $30K,1,5,398,2511
,,,,,,18/07/2012 Total,,1,5,398,2511
,,,,,,22/08/2012,$30K - $50K,1,5,1468,2924
,,,,,,22/08/2012 Total,,1,5,1468,2924
,,,,,,27/10/2012,$50K - $70K,1,6,8892,3713
,,,,,,27/10/2012 Total,,1,6,8892,3713
,,,,,,03/11/2012,$10K - $30K,1,3,4261,3813
,,,,,,03/11/2012 Total,,1,3,4261,3813
,,,,,,24/01/2013,$30K - $50K,1,6,5909,5287
,,,,,,24/01/2013 Total,,1,6,5909,5287
,,,,,,10/04/2013,$30K - $50K,1,4,1468,7380
,,,,,,10/04/2013 Total,,1,4,1468,7380
,,,,,,25/04/2013,$70K - $90K,1,5,1330,7782
,,,,,,25/04/2013 Total,,1,5,1330,7782
,,,,,,05/05/2013,$30K - $50K,1,4,3979,8033
,,,,,,05/05/2013 Total,,1,4,3979,8033
,,,,,,09/05/2013,$10K - $30K,1,3,2632,8175
,,,,,,09/05/2013 Total,,1,3,2632,8175
,,,,,,20/05/2013,$30K - $50K,1,5,6607,8463
,,,,,,20/05/2013 Total,,1,5,6607,8463
,,,,,,01/07/2013,$10K - $30K,1,4,7355,9592
,,,,,,01/07/2013 Total,,1,4,7355,9592
,,,,,,09/10/2013,$30K - $50K,1,4,7534,12297
,,,,,,09/10/2013 Total,,1,4,7534,12297
,,,,,USA Total,,,17,71,73052,84756
,,,,OR Total,,,,17,71,73052,84756
,,,Salem Total,,,,,17,71,73052,84756
,,,San Andres,DF,Mexico,19/04/2013,$10K - $30K,1,2,7869,7610
,,,,,,19/04/2013 Total,,1,2,7869,7610
,,,,,,14/05/2013,$50K - $70K,1,4,8061,8294
,,,,,,14/05/2013 Total,,1,4,8061,8294
,,,,,,15/05/2013,$30K - $50K,1,6,3553,8318
,,,,,,15/05/2013 Total,,1,6,3553,8318
,,,,,,26/05/2013,$50K - $70K,1,3,1059,8628
,,,,,,26/05/2013 Total,,1,3,1059,8628
,,,,,,03/06/2013,$30K - $50K,1,4,568,8838
,,,,,,03/06/2013 Total,,1,4,568,8838
,,,,,,08/11/2013,$70K - $90K,1,4,6779,13146
,,,,,,08/11/2013 Total,,1,4,6779,13146
,,,,,Mexico Total,,,6,23,27889,54834
,,,,DF Total,,,,6,23,27889,54834
,,,San Andres Total,,,,,6,23,27889,54834
,,,San Diego,CA,USA,06/04/2012,$30K - $50K,1,6,8448,1186
,,,,,,06/04/2012 Total,,1,6,8448,1186
,,,,,,21/05/2012,$70K - $90K,1,4,3758,1805
,,,,,,21/05/2012 Total,,1,4,3758,1805
,,,,,,15/06/2012,$30K - $50K,1,3,6641,2089
,,,,,,15/06/2012 Total,,1,3,6641,2089
,,,,,,22/06/2012,$30K - $50K,1,4,6772,2179
,,,,,,22/06/2012 Total,,1,4,6772,2179
,,,,,,30/10/2012,$50K - $70K,1,5,8536,3767
,,,,,,30/10/2012 Total,,1,5,8536,3767
,,,,,,21/12/2012,$50K - $70K,1,4,1795,4511
,,,,,,21/12/2012 Total,,1,4,1795,4511
,,,,,,05/01/2013,$30K - $50K,1,5,1616,4829
,,,,,,05/01/2013 Total,,1,5,1616,4829
,,,,,,14/02/2013,$70K - $90K,1,6,6044,5876
,,,,,,14/02/2013 Total,,1,6,6044,5876
,,,,,,09/03/2013,$110K - $130K,1,5,5631,6525
,,,,,,09/03/2013 Total,,1,5,5631,6525
,,,,,,30/05/2013,$30K - $50K,1,2,6829,8747
,,,,,,30/05/2013 Total,,1,2,6829,8747
,,,,,,08/08/2013,$10K - $30K,1,6,3859,10627
,,,,,,08/08/2013 Total,,1,6,3859,10627
,,,,,,04/12/2013,$30K - $50K,1,2,4843,13806
,,,,,,04/12/2013 Total,,1,2,4843,13806
,,,,,USA Total,,,12,52,64772,65947
,,,,CA Total,,,,12,52,64772,65947
,,,San Diego Total,,,,,12,52,64772,65947
,,,Seattle,WA,USA,19/01/2012,$30K - $50K,1,5,8818,164
,,,,,,19/01/2012 Total,,1,5,8818,164
,,,,,,22/07/2012,$30K - $50K,1,3,5726,2545
,,,,,,22/07/2012 Total,,1,3,5726,2545
,,,,,,17/08/2012,$30K - $50K,1,6,910,2871
,,,,,,17/08/2012 Total,,1,6,910,2871
,,,,,,14/11/2012,$30K - $50K,1,6,1130,3947
,,,,,,14/11/2012 Total,,1,6,1130,3947
,,,,,,23/11/2012,$50K - $70K,1,4,5612,4089
,,,,,,23/11/2012 Total,,1,4,5612,4089
,,,,,,18/12/2012,$50K - $70K,1,4,1131,4469
,,,,,,18/12/2012 Total,,1,4,1131,4469
,,,,,,05/01/2013,$10K - $30K,1,3,2471,4819
,,,,,,05/01/2013 Total,,1,3,2471,4819
,,,,,,11/01/2013,$30K - $50K,1,4,2302,4991
,,,,,,11/01/2013 Total,,1,4,2302,4991
,,,,,,22/01/2013,$70K - $90K,1,4,9412,5251
,,,,,,22/01/2013 Total,,1,4,9412,5251
,,,,,,04/03/2013,$30K - $50K,1,5,8229,6388
,,,,,,04/03/2013 Total,,1,5,8229,6388
,,,,,,02/04/2013,$50K - $70K,1,4,4120,7169
,,,,,,02/04/2013 Total,,1,4,4120,7169
,,,,,,28/10/2013,$30K - $50K,1,5,3906,12854
,,,,,,28/10/2013 Total,,1,5,3906,12854
,,,,,,23/11/2013,$70K - $90K,1,4,5977,13563
,,,,,,23/11/2013 Total,,1,4,5977,13563
,,,,,USA Total,,,13,57,59744,73120
,,,,WA Total,,,,13,57,59744,73120
,,,Seattle Total,,,,,13,57,59744,73120
,,,Spokane,WA,USA,03/04/2013,$70K - $90K,1,2,8351,7184
,,,,,,03/04/2013 Total,,1,2,8351,7184
,,,,,,11/05/2013,$10K - $30K,1,4,7502,8230
,,,,,,11/05/2013 Total,,1,4,7502,8230
,,,,,,01/06/2013,$130K - $150K,1,3,1850,8798
,,,,,,01/06/2013 Total,,1,3,1850,8798
,,,,,,17/09/2013,$30K - $50K,1,3,4397,11704
,,,,,,17/09/2013 Total,,1,3,4397,11704
,,,,,,25/09/2013,$10K - $30K,1,4,7502,11937
,,,,,,25/09/2013 Total,,1,4,7502,11937
,,,,,USA Total,,,5,16,29602,47853
,,,,WA Total,,,,5,16,29602,47853
,,,Spokane Total,,,,,5,16,29602,47853
,,,Tacoma,WA,USA,13/01/2012,$10K - $30K,1,3,8289,105
,,,,,,13/01/2012 Total,,1,3,8289,105
,,,,,,27/01/2012,$10K - $30K,1,5,5143,248
,,,,,,27/01/2012 Total,,1,5,5143,248
,,,,,,17/03/2012,$90K - $110K,1,5,7913,884
,,,,,,17/03/2012 Total,,1,5,7913,884
,,,,,,25/03/2012,$110K - $130K,1,5,7059,1001
,,,,,,25/03/2012 Total,,1,5,7059,1001
,,,,,,19/06/2012,$110K - $130K,1,3,6530,2143
,,,,,,19/06/2012 Total,,1,3,6530,2143
,,,,,,02/07/2012,$30K - $50K,1,3,5895,2308
,,,,,,02/07/2012 Total,,1,3,5895,2308
,,,,,,29/08/2012,$30K - $50K,1,6,8500,3020
,,,,,,29/08/2012 Total,,1,6,8500,3020
,,,,,,05/12/2012,$10K - $30K,1,4,3231,4270
,,,,,,05/12/2012 Total,,1,4,3231,4270
,,,,,,04/03/2013,$70K - $90K,1,3,4775,6408
,,,,,,04/03/2013 Total,,1,3,4775,6408
,,,,,,03/04/2013,$70K - $90K,1,3,4775,7174
,,,,,,03/04/2013 Total,,1,3,4775,7174
,,,,,,16/06/2013,$10K - $30K,1,5,5877,9200
,,,,,,16/06/2013 Total,,1,5,5877,9200
,,,,,,18/09/2013,$50K - $70K,1,3,1874,11714
,,,,,,18/09/2013 Total,,1,3,1874,11714
,,,,,,27/09/2013,$10K - $30K,1,5,5143,11992
,,,,,,27/09/2013 Total,,1,5,5143,11992
,,,,,,04/10/2013,$90K - $110K,1,4,2426,12156
,,,,,,04/10/2013 Total,,1,4,2426,12156
,,,,,,14/10/2013,$10K - $30K,1,4,3231,12450
,,,,,,14/10/2013 Total,,1,4,3231,12450
,,,,,USA Total,,,15,61,80661,85073
,,,,WA Total,,,,15,61,80661,85073
,,,Tacoma Total,,,,,15,61,80661,85073
,,,Vancouver,BC,Canada,24/03/2013,$70K - $90K,1,5,9294,6896
,,,,,,24/03/2013 Total,,1,5,9294,6896
,,,,,,11/04/2013,$110K - $130K,1,4,5660,7412
,,,,,,11/04/2013 Total,,1,4,5660,7412
,,,,,,05/08/2013,$30K - $50K,1,5,3841,10553
,,,,,,05/08/2013 Total,,1,5,3841,10553
,,,,,,07/08/2013,$10K - $30K,1,4,4586,10606
,,,,,,07/08/2013 Total,,1,4,4586,10606
,,,,,,30/10/2013,$10K - $30K,1,6,4586,12894
,,,,,,30/10/2013 Total,,1,6,4586,12894
,,,,,,05/11/2013,$110K - $130K,1,3,1116,13078
,,,,,,05/11/2013 Total,,1,3,1116,13078
,,,,,Canada Total,,,6,27,29083,61439
,,,,BC Total,,,,6,27,29083,61439
,,,Vancouver Total,,,,,6,27,29083,61439
,,,Victoria,BC,Canada,04/07/2013,$90K - $110K,1,5,8333,9679
,,,,,,04/07/2013 Total,,1,5,8333,9679
,,,,,,02/09/2013,$30K - $50K,1,5,5036,11302
,,,,,,02/09/2013 Total,,1,5,5036,11302
,,,,,Canada Total,,,2,10,13369,20981
,,,,BC Total,,,,2,10,13369,20981
,,,Victoria Total,,,,,2,10,13369,20981
,,,Walla Walla,WA,USA,31/05/2012,$30K - $50K,1,4,9421,1934
,,,,,,31/05/2012 Total,,1,4,9421,1934
,,,,,,15/04/2013,$70K - $90K,1,5,9376,7483
,,,,,,15/04/2013 Total,,1,5,9376,7483
,,,,,,24/05/2013,$10K - $30K,1,1,4622,8578
,,,,,,24/05/2013 Total,,1,1,4622,8578
,,,,,,25/06/2013,$10K - $30K,1,3,6484,9434
,,,,,,25/06/2013 Total,,1,3,6484,9434
,,,,,,25/09/2013,$50K - $70K,1,1,6383,11933
,,,,,,25/09/2013 Total,,1,1,6383,11933
,,,,,,20/10/2013,$30K - $50K,1,4,9421,12600
,,,,,,20/10/2013 Total,,1,4,9421,12600
,,,,,USA Total,,,6,18,45707,51962
,,,,WA Total,,,,6,18,45707,51962
,,,Walla Walla Total,,,,,6,18,45707,51962
,,,Yakima,WA,USA,08/03/2012,$50K - $70K,1,4,7190,745
,,,,,,08/03/2012 Total,,1,4,7190,745
,,,,,,24/04/2012,$30K - $50K,1,5,2171,1447
,,,,,,24/04/2012 Total,,1,5,2171,1447
,,,,,,12/06/2012,$30K - $50K,1,3,7171,2064
,,,,,,12/06/2012 Total,,1,3,7171,2064
,,,,,,09/01/2013,$30K - $50K,1,6,3422,4934
,,,,,,09/01/2013 Total,,1,6,3422,4934
,,,,,,31/03/2013,$30K - $50K,1,2,7171,7110
,,,,,,31/03/2013 Total,,1,2,7171,7110
,,,,,,31/08/2013,$70K - $90K,1,5,4985,11244
,,,,,,31/08/2013 Total,,1,5,4985,11244
,,,,,,03/09/2013,$90K - $110K,1,2,4958,11330
,,,,,,03/09/2013 Total,,1,2,4958,11330
,,,,,,06/11/2013,$50K - $70K,1,3,7276,13106
,,,,,,06/11/2013 Total,,1,3,7276,13106
,,,,,USA Total,,,8,30,44344,51980
,,,,WA Total,,,,8,30,44344,51980
,,,Yakima Total,,,,,8,30,44344,51980
,,S Total,,,,,,159,653,848819,1156051
,M Total,,,,,,,307,1233,1572153,2229988
Jams and Jellies Total,,,,,,,,588,2384,2988265,4271737
Kitchen Products,F,M,Acapulco,Guerrero,Mexico,26/06/2013,$10K - $30K,1,3,680,9477
,,,,,,26/06/2013 Total,,1,3,680,9477
,,,,,,21/10/2013,$30K - $50K,1,4,9954,12645
,,,,,,21/10/2013 Total,,1,4,9954,12645
,,,,,Mexico Total,,,2,7,10634,22122
,,,,Guerrero Total,,,,2,7,10634,22122
,,,Acapulco Total,,,,,2,7,10634,22122
,,,Beverly Hills,CA,USA,28/04/2012,$10K - $30K,1,5,2366,1499
,,,,,,28/04/2012 Total,,1,5,2366,1499
,,,,,,21/06/2012,$50K - $70K,1,5,5942,2166
,,,,,,21/06/2012 Total,,1,5,5942,2166
,,,,,,25/11/2012,$10K - $30K,1,3,7571,4120
,,,,,,25/11/2012 Total,,1,3,7571,4120
,,,,,,30/08/2013,$50K - $70K,1,4,8119,11206
,,,,,,30/08/2013 Total,,1,4,8119,11206
,,,,,USA Total,,,4,17,23998,18991
,,,,CA Total,,,,4,17,23998,18991
,,,Beverly Hills Total,,,,,4,17,23998,18991
,,,Bremerton,WA,USA,06/02/2012,$30K - $50K,1,3,4105,369
,,,,,,06/02/2012 Total,,1,3,4105,369
,,,,,,28/09/2013,$10K - $30K,1,2,1634,12022
,,,,,,28/09/2013 Total,,1,2,1634,12022
,,,,,USA Total,,,2,5,5739,12391
,,,,WA Total,,,,2,5,5739,12391
,,,Bremerton Total,,,,,2,5,5739,12391
,,,Camacho,Zacatecas,Mexico,21/09/2013,$30K - $50K,1,4,4003,11813
,,,,,,21/09/2013 Total,,1,4,4003,11813
,,,,,Mexico Total,,,1,4,4003,11813
,,,,Zacatecas Total,,,,1,4,4003,11813
,,,Camacho Total,,,,,1,4,4003,11813
,,,Hidalgo,Zacatecas,Mexico,03/04/2013,$10K - $30K,1,5,10253,7178
,,,,,,03/04/2013 Total,,1,5,10253,7178
,,,,,,06/07/2013,$50K - $70K,1,2,2692,9718
,,,,,,06/07/2013 Total,,1,2,2692,9718
,,,,,,08/07/2013,$30K - $50K,1,4,7134,9816
,,,,,,08/07/2013 Total,,1,4,7134,9816
,,,,,,13/09/2013,$10K - $30K,1,3,2310,11587
,,,,,,13/09/2013 Total,,1,3,2310,11587
,,,,,Mexico Total,,,4,14,22389,38299
,,,,Zacatecas Total,,,,4,14,22389,38299
,,,Hidalgo Total,,,,,4,14,22389,38299
,,,Los Angeles,CA,USA,04/04/2013,$10K - $30K,1,5,7584,7214
,,,,,,04/04/2013 Total,,1,5,7584,7214
,,,,,USA Total,,,1,5,7584,7214
,,,,CA Total,,,,1,5,7584,7214
,,,Los Angeles Total,,,,,1,5,7584,7214
,,,Merida,Yucatan,Mexico,24/03/2013,$50K - $70K,1,3,4655,6899
,,,,,,24/03/2013 Total,,1,3,4655,6899
,,,,,Mexico Total,,,1,3,4655,6899
,,,,Yucatan Total,,,,1,3,4655,6899
,,,Merida Total,,,,,1,3,4655,6899
,,,Mexico City,DF,Mexico,08/02/2013,$30K - $50K,1,5,2450,5714
,,,,,,08/02/2013 Total,,1,5,2450,5714
,,,,,,05/09/2013,$50K - $70K,1,4,6334,11377
,,,,,,05/09/2013 Total,,1,4,6334,11377
,,,,,Mexico Total,,,2,9,8784,17091
,,,,DF Total,,,,2,9,8784,17091
,,,Mexico City Total,,,,,2,9,8784,17091
,,,Portland,OR,USA,23/03/2012,$10K - $30K,1,4,4774,966
,,,,,,23/03/2012 Total,,1,4,4774,966
,,,,,,12/05/2012,$30K - $50K,1,3,9535,1683
,,,,,,12/05/2012 Total,,1,3,9535,1683
,,,,,,13/05/2012,$130K - $150K,1,2,4584,1708
,,,,,,13/05/2012 Total,,1,2,4584,1708
,,,,,,22/04/2013,$150K +,1,3,8198,7686
,,,,,,22/04/2013 Total,,1,3,8198,7686
,,,,,,03/10/2013,$70K - $90K,1,4,10166,12138
,,,,,,03/10/2013 Total,,1,4,10166,12138
,,,,,,05/10/2013,$10K - $30K,1,5,4774,12199
,,,,,,05/10/2013 Total,,1,5,4774,12199
,,,,,USA Total,,,6,21,42031,36380
,,,,OR Total,,,,6,21,42031,36380
,,,Portland Total,,,,,6,21,42031,36380
,,,Salem,OR,USA,04/02/2012,$50K - $70K,1,4,6510,343
,,,,,,04/02/2012 Total,,1,4,6510,343
,,,,,,19/02/2012,$70K - $90K,1,3,9297,519
,,,,,,19/02/2012 Total,,1,3,9297,519
,,,,,,29/04/2012,$50K - $70K,1,6,5196,1511
,,,,,,29/04/2012 Total,,1,6,5196,1511
,,,,,,30/07/2012,$70K - $90K,1,5,9297,2640
,,,,,,30/07/2012 Total,,1,5,9297,2640
,,,,,,01/10/2012,$30K - $50K,1,6,5899,3397
,,,,,,01/10/2012 Total,,1,6,5899,3397
,,,,,,28/04/2013,$10K - $30K,1,4,4543,7851
,,,,,,28/04/2013 Total,,1,4,4543,7851
,,,,,,28/07/2013,$30K - $50K,1,4,5530,10361
,,,,,,28/07/2013 Total,,1,4,5530,10361
,,,,,,19/12/2013,$130K - $150K,1,5,208,13988
,,,,,,19/12/2013 Total,,1,5,208,13988
,,,,,,22/12/2013,$10K - $30K,1,4,2656,14012
,,,,,,22/12/2013 Total,,1,4,2656,14012
,,,,,USA Total,,,9,41,49136,54622
,,,,OR Total,,,,9,41,49136,54622
,,,Salem Total,,,,,9,41,49136,54622
,,,San Andres,DF,Mexico,18/01/2013,$10K - $30K,1,5,8867,5154
,,,,,,18/01/2013 Total,,1,5,8867,5154
,,,,,,06/06/2013,$30K - $50K,1,4,1135,8934
,,,,,,06/06/2013 Total,,1,4,1135,8934
,,,,,,31/07/2013,$30K - $50K,1,5,8510,10427
,,,,,,31/07/2013 Total,,1,5,8510,10427
,,,,,,24/08/2013,$30K - $50K,1,3,2391,11045
,,,,,,24/08/2013 Total,,1,3,2391,11045
,,,,,Mexico Total,,,4,17,20903,35560
,,,,DF Total,,,,4,17,20903,35560
,,,San Andres Total,,,,,4,17,20903,35560
,,,San Diego,CA,USA,19/03/2012,$70K - $90K,1,5,991,925
,,,,,,19/03/2012 Total,,1,5,991,925
,,,,,,20/07/2013,$50K - $70K,1,4,4864,10161
,,,,,,20/07/2013 Total,,1,4,4864,10161
,,,,,,14/08/2013,$50K - $70K,1,2,9488,10811
,,,,,,14/08/2013 Total,,1,2,9488,10811
,,,,,,16/08/2013,$30K - $50K,1,3,7387,10845
,,,,,,16/08/2013 Total,,1,3,7387,10845
,,,,,,26/10/2013,$30K - $50K,1,3,2584,12772
,,,,,,26/10/2013 Total,,1,3,2584,12772
,,,,,,02/12/2013,$30K - $50K,1,4,5313,13767
,,,,,,02/12/2013 Total,,1,4,5313,13767
,,,,,USA Total,,,6,21,30627,59281
,,,,CA Total,,,,6,21,30627,59281
,,,San Diego Total,,,,,6,21,30627,59281
,,,Seattle,WA,USA,06/05/2012,$50K - $70K,1,4,2035,1625
,,,,,,06/05/2012 Total,,1,4,2035,1625
,,,,,,13/08/2012,$130K - $150K,1,5,3840,2826
,,,,,,13/08/2012 Total,,1,5,3840,2826
,,,,,,21/10/2012,$30K - $50K,1,2,1082,3649
,,,,,,21/10/2012 Total,,1,2,1082,3649
,,,,,,17/11/2012,$50K - $70K,1,5,8574,3991
,,,,,,17/11/2012 Total,,1,5,8574,3991
,,,,,,28/02/2013,$30K - $50K,1,5,221,6298
,,,,,,28/02/2013 Total,,1,5,221,6298
,,,,,USA Total,,,5,21,15752,18389
,,,,WA Total,,,,5,21,15752,18389
,,,Seattle Total,,,,,5,21,15752,18389
,,,Spokane,WA,USA,01/10/2012,$130K - $150K,1,5,4868,3392
,,,,,,01/10/2012 Total,,1,5,4868,3392
,,,,,,23/04/2013,$30K - $50K,1,4,4676,7712
,,,,,,23/04/2013 Total,,1,4,4676,7712
,,,,,,26/07/2013,$50K - $70K,1,5,8275,10292
,,,,,,26/07/2013 Total,,1,5,8275,10292
,,,,,USA Total,,,3,14,17819,21396
,,,,WA Total,,,,3,14,17819,21396
,,,Spokane Total,,,,,3,14,17819,21396
,,,Tacoma,WA,USA,03/01/2012,$150K +,1,5,6960,47
,,,,,,03/01/2012 Total,,1,5,6960,47
,,,,,,24/10/2012,$130K - $150K,1,5,158,3689
,,,,,,24/10/2012 Total,,1,5,158,3689
,,,,,,28/04/2013,$30K - $50K,1,3,5398,7849
,,,,,,28/04/2013 Total,,1,3,5398,7849
,,,,,USA Total,,,3,13,12516,11585
,,,,WA Total,,,,3,13,12516,11585
,,,Tacoma Total,,,,,3,13,12516,11585
,,,Vancouver,BC,Canada,24/02/2013,$10K - $30K,1,6,9086,6190
,,,,,,24/02/2013 Total,,1,6,9086,6190
,,,,,,23/09/2013,$50K - $70K,1,7,2066,11886
,,,,,,23/09/2013 Total,,1,7,2066,11886
,,,,,Canada Total,,,2,13,11152,18076
,,,,BC Total,,,,2,13,11152,18076
,,,Vancouver Total,,,,,2,13,11152,18076
,,,Victoria,BC,Canada,23/10/2013,$50K - $70K,1,6,8044,12704
,,,,,,23/10/2013 Total,,1,6,8044,12704
,,,,,Canada Total,,,1,6,8044,12704
,,,,BC Total,,,,1,6,8044,12704
,,,Victoria Total,,,,,1,6,8044,12704
,,,Yakima,WA,USA,15/11/2012,$10K - $30K,1,5,9697,3973
,,,,,,15/11/2012 Total,,1,5,9697,3973
,,,,,,03/12/2012,$70K - $90K,1,4,2547,4229
,,,,,,03/12/2012 Total,,1,4,2547,4229
,,,,,,11/12/2012,$50K - $70K,1,3,10068,4352
,,,,,,11/12/2012 Total,,1,3,10068,4352
,,,,,USA Total,,,3,12,22312,12554
,,,,WA Total,,,,3,12,22312,12554
,,,Yakima Total,,,,,3,12,22312,12554
,,M Total,,,,,,59,243,318078,415367
,,S,Acapulco,Guerrero,Mexico,06/03/2013,$130K - $150K,1,4,5652,6464
,,,,,,06/03/2013 Total,,1,4,5652,6464
,,,,,,10/12/2013,$70K - $90K,1,3,9953,13890
,,,,,,10/12/2013 Total,,1,3,9953,13890
,,,,,Mexico Total,,,2,7,15605,20354
,,,,Guerrero Total,,,,2,7,15605,20354
,,,Acapulco Total,,,,,2,7,15605,20354
,,,Beverly Hills,CA,USA,17/05/2012,$130K - $150K,1,5,975,1746
,,,,,,17/05/2012 Total,,1,5,975,1746
,,,,,,23/11/2012,$10K - $30K,1,6,7465,4083
,,,,,,23/11/2012 Total,,1,6,7465,4083
,,,,,USA Total,,,2,11,8440,5829
,,,,CA Total,,,,2,11,8440,5829
,,,Beverly Hills Total,,,,,2,11,8440,5829
,,,Bremerton,WA,USA,17/09/2012,$50K - $70K,1,3,8966,3235
,,,,,,17/09/2012 Total,,1,3,8966,3235
,,,,,,25/09/2012,$30K - $50K,1,3,7743,3329
,,,,,,25/09/2012 Total,,1,3,7743,3329
,,,,,,17/11/2012,$30K - $50K,1,2,1070,3995
,,,,,,17/11/2012 Total,,1,2,1070,3995
,,,,,,17/12/2012,$10K - $30K,1,5,7810,4461
,,,,,,17/12/2012 Total,,1,5,7810,4461
,,,,,,30/12/2012,$10K - $30K,1,3,878,4704
,,,,,,30/12/2012 Total,,1,3,878,4704
,,,,,,26/02/2013,$30K - $50K,1,3,6291,6224
,,,,,,26/02/2013 Total,,1,3,6291,6224
,,,,,,19/03/2013,$150K +,1,3,760,6806
,,,,,,19/03/2013 Total,,1,3,760,6806
,,,,,USA Total,,,7,22,33518,32754
,,,,WA Total,,,,7,22,33518,32754
,,,Bremerton Total,,,,,7,22,33518,32754
,,,Camacho,Zacatecas,Mexico,10/05/2013,$30K - $50K,1,4,9811,8194
,,,,,,10/05/2013 Total,,1,4,9811,8194
,,,,,Mexico Total,,,1,4,9811,8194
,,,,Zacatecas Total,,,,1,4,9811,8194
,,,Camacho Total,,,,,1,4,9811,8194
,,,Guadalajara,Jalisco,Mexico,31/10/2013,$10K - $30K,1,1,6629,12924
,,,,,,31/10/2013 Total,,1,1,6629,12924
,,,,,Mexico Total,,,1,1,6629,12924
,,,,Jalisco Total,,,,1,1,6629,12924
,,,Guadalajara Total,,,,,1,1,6629,12924
,,,Hidalgo,Zacatecas,Mexico,13/04/2013,$30K - $50K,1,5,5148,7443
,,,,,,13/04/2013 Total,,1,5,5148,7443
,,,,,,02/05/2013,$10K - $30K,1,4,3858,7969
,,,,,,02/05/2013 Total,,1,4,3858,7969
,,,,,,13/07/2013,$30K - $50K,1,4,7782,9956
,,,,,,13/07/2013 Total,,1,4,7782,9956
,,,,,,26/10/2013,$30K - $50K,1,3,7016,12790
,,,,,,26/10/2013 Total,,1,3,7016,12790
,,,,,Mexico Total,,,4,16,23804,38158
,,,,Zacatecas Total,,,,4,16,23804,38158
,,,Hidalgo Total,,,,,4,16,23804,38158
,,,Los Angeles,CA,USA,24/01/2012,$30K - $50K,1,3,213,209
,,,,,,24/01/2012 Total,,1,3,213,209
,,,,,,21/05/2012,$50K - $70K,1,4,417,1812
,,,,,,21/05/2012 Total,,1,4,417,1812
,,,,,,02/07/2012,$50K - $70K,1,5,8094,2310
,,,,,,02/07/2012 Total,,1,5,8094,2310
,,,,,,31/08/2012,$10K - $30K,1,3,1091,3037
,,,,,,31/08/2012 Total,,1,3,1091,3037
,,,,,,09/09/2013,$10K - $30K,1,6,7660,11470
,,,,,,09/09/2013 Total,,1,6,7660,11470
,,,,,USA Total,,,5,21,17475,18838
,,,,CA Total,,,,5,21,17475,18838
,,,Los Angeles Total,,,,,5,21,17475,18838
,,,Merida,Yucatan,Mexico,19/02/2013,$30K - $50K,1,3,8345,6027
,,,,,,19/02/2013 Total,,1,3,8345,6027
,,,,,,11/03/2013,$30K - $50K,1,5,3982,6593
,,,,,,11/03/2013 Total,,1,5,3982,6593
,,,,,,29/05/2013,$10K - $30K,1,4,2118,8721
,,,,,,29/05/2013 Total,,1,4,2118,8721
,,,,,,07/10/2013,$10K - $30K,1,5,1930,12244
,,,,,,,$30K - $50K,1,6,5512,12261
,,,,,,07/10/2013 Total,,2,11,7442,24505
,,,,,Mexico Total,,,5,23,21887,45846
,,,,Yucatan Total,,,,5,23,21887,45846
,,,Merida Total,,,,,5,23,21887,45846
,,,Orizaba,Veracruz,Mexico,23/09/2013,$30K - $50K,1,3,1550,11858
,,,,,,23/09/2013 Total,,1,3,1550,11858
,,,,,,13/10/2013,$50K - $70K,1,2,3761,12428
,,,,,,13/10/2013 Total,,1,2,3761,12428
,,,,,Mexico Total,,,2,5,5311,24286
,,,,Veracruz Total,,,,2,5,5311,24286
,,,Orizaba Total,,,,,2,5,5311,24286
,,,Portland,OR,USA,27/03/2012,$50K - $70K,1,3,9340,1022
,,,,,,27/03/2012 Total,,1,3,9340,1022
,,,,,,14/06/2013,$50K - $70K,1,2,30,9157
,,,,,,14/06/2013 Total,,1,2,30,9157
,,,,,USA Total,,,2,5,9370,10179
,,,,OR Total,,,,2,5,9370,10179
,,,Portland Total,,,,,2,5,9370,10179
,,,Salem,OR,USA,09/02/2012,$50K - $70K,1,5,2398,408
,,,,,,09/02/2012 Total,,1,5,2398,408
,,,,,,20/02/2012,$10K - $30K,1,5,1548,532
,,,,,,20/02/2012 Total,,1,5,1548,532
,,,,,,25/04/2012,$30K - $50K,1,5,8164,1467
,,,,,,25/04/2012 Total,,1,5,8164,1467
,,,,,,17/07/2012,$70K - $90K,1,5,2444,2494
,,,,,,17/07/2012 Total,,1,5,2444,2494
,,,,,,08/12/2012,$30K - $50K,1,3,1147,4312
,,,,,,08/12/2012 Total,,1,3,1147,4312
,,,,,,23/04/2013,$50K - $70K,1,3,1423,7704
,,,,,,23/04/2013 Total,,1,3,1423,7704
,,,,,USA Total,,,6,26,17124,16917
,,,,OR Total,,,,6,26,17124,16917
,,,Salem Total,,,,,6,26,17124,16917
,,,San Andres,DF,Mexico,10/04/2013,$70K - $90K,1,5,7113,7359
,,,,,,10/04/2013 Total,,1,5,7113,7359
,,,,,,07/08/2013,$30K - $50K,1,4,4072,10611
,,,,,,07/08/2013 Total,,1,4,4072,10611
,,,,,Mexico Total,,,2,9,11185,17970
,,,,DF Total,,,,2,9,11185,17970
,,,San Andres Total,,,,,2,9,11185,17970
,,,San Diego,CA,USA,28/11/2013,$30K - $50K,1,4,8542,13672
,,,,,,28/11/2013 Total,,1,4,8542,13672
,,,,,USA Total,,,1,4,8542,13672
,,,,CA Total,,,,1,4,8542,13672
,,,San Diego Total,,,,,1,4,8542,13672
,,,San Francisco,CA,USA,26/06/2013,$50K - $70K,1,2,365,9460
,,,,,,26/06/2013 Total,,1,2,365,9460
,,,,,USA Total,,,1,2,365,9460
,,,,CA Total,,,,1,2,365,9460
,,,San Francisco Total,,,,,1,2,365,9460
,,,Seattle,WA,USA,25/10/2012,$130K - $150K,1,3,7654,3702
,,,,,,25/10/2012 Total,,1,3,7654,3702
,,,,,,20/12/2012,$70K - $90K,1,4,1346,4496
,,,,,,20/12/2012 Total,,1,4,1346,4496
,,,,,USA Total,,,2,7,9000,8198
,,,,WA Total,,,,2,7,9000,8198
,,,Seattle Total,,,,,2,7,9000,8198
,,,Spokane,WA,USA,15/11/2012,$30K - $50K,1,4,1720,3970
,,,,,,15/11/2012 Total,,1,4,1720,3970
,,,,,,28/01/2013,$30K - $50K,1,4,6957,5406
,,,,,,28/01/2013 Total,,1,4,6957,5406
,,,,,,22/06/2013,$30K - $50K,1,3,6957,9357
,,,,,,22/06/2013 Total,,1,3,6957,9357
,,,,,USA Total,,,3,11,15634,18733
,,,,WA Total,,,,3,11,15634,18733
,,,Spokane Total,,,,,3,11,15634,18733
,,,Tacoma,WA,USA,26/01/2012,$10K - $30K,1,5,9469,224
,,,,,,26/01/2012 Total,,1,5,9469,224
,,,,,,06/02/2012,$10K - $30K,1,5,2918,373
,,,,,,06/02/2012 Total,,1,5,2918,373
,,,,,,10/12/2012,$50K - $70K,1,6,4239,4326
,,,,,,10/12/2012 Total,,1,6,4239,4326
,,,,,,08/04/2013,$30K - $50K,1,3,3397,7323
,,,,,,08/04/2013 Total,,1,3,3397,7323
,,,,,,27/10/2013,$10K - $30K,1,4,1145,12809
,,,,,,27/10/2013 Total,,1,4,1145,12809
,,,,,USA Total,,,5,23,21168,25055
,,,,WA Total,,,,5,23,21168,25055
,,,Tacoma Total,,,,,5,23,21168,25055
,,,Vancouver,BC,Canada,12/06/2013,$50K - $70K,1,3,2354,9090
,,,,,,12/06/2013 Total,,1,3,2354,9090
,,,,,,20/06/2013,$70K - $90K,1,6,262,9322
,,,,,,20/06/2013 Total,,1,6,262,9322
,,,,,Canada Total,,,2,9,2616,18412
,,,,BC Total,,,,2,9,2616,18412
,,,Vancouver Total,,,,,2,9,2616,18412
,,,Walla Walla,WA,USA,25/09/2012,$70K - $90K,1,1,1925,3322
,,,,,,25/09/2012 Total,,1,1,1925,3322
,,,,,USA Total,,,1,1,1925,3322
,,,,WA Total,,,,1,1,1925,3322
,,,Walla Walla Total,,,,,1,1,1925,3322
,,,Yakima,WA,USA,02/01/2012,$30K - $50K,1,6,8746,42
,,,,,,02/01/2012 Total,,1,6,8746,42
,,,,,,03/03/2013,$50K - $70K,1,6,554,6360
,,,,,,03/03/2013 Total,,1,6,554,6360
,,,,,USA Total,,,2,12,9300,6402
,,,,WA Total,,,,2,12,9300,6402
,,,Yakima Total,,,,,2,12,9300,6402
,,S Total,,,,,,56,219,248709,355503
,F Total,,,,,,,115,462,566787,770870
,M,M,Acapulco,Guerrero,Mexico,12/10/2013,$70K - $90K,1,3,8039,12376
,,,,,,12/10/2013 Total,,1,3,8039,12376
,,,,,Mexico Total,,,1,3,8039,12376
,,,,Guerrero Total,,,,1,3,8039,12376
,,,Acapulco Total,,,,,1,3,8039,12376
,,,Beverly Hills,CA,USA,18/05/2012,$10K - $30K,1,3,10022,1759
,,,,,,18/05/2012 Total,,1,3,10022,1759
,,,,,,14/10/2012,$70K - $90K,1,5,7841,3579
,,,,,,14/10/2012 Total,,1,5,7841,3579
,,,,,,10/01/2013,$10K - $30K,1,3,598,4942
,,,,,,10/01/2013 Total,,1,3,598,4942
,,,,,USA Total,,,3,11,18461,10280
,,,,CA Total,,,,3,11,18461,10280
,,,Beverly Hills Total,,,,,3,11,18461,10280
,,,Bremerton,WA,USA,14/03/2012,$10K - $30K,1,5,9642,845
,,,,,,14/03/2012 Total,,1,5,9642,845
,,,,,,31/08/2012,$10K - $30K,1,3,8902,3031
,,,,,,31/08/2012 Total,,1,3,8902,3031
,,,,,,01/12/2013,$50K - $70K,1,4,2905,13756
,,,,,,01/12/2013 Total,,1,4,2905,13756
,,,,,USA Total,,,3,12,21449,17632
,,,,WA Total,,,,3,12,21449,17632
,,,Bremerton Total,,,,,3,12,21449,17632
,,,Camacho,Zacatecas,Mexico,22/06/2013,$50K - $70K,1,3,1295,9368
,,,,,,22/06/2013 Total,,1,3,1295,9368
,,,,,Mexico Total,,,1,3,1295,9368
,,,,Zacatecas Total,,,,1,3,1295,9368
,,,Camacho Total,,,,,1,3,1295,9368
,,,Hidalgo,Zacatecas,Mexico,27/11/2013,$50K - $70K,1,6,9819,13656
,,,,,,27/11/2013 Total,,1,6,9819,13656
,,,,,Mexico Total,,,1,6,9819,13656
,,,,Zacatecas Total,,,,1,6,9819,13656
,,,Hidalgo Total,,,,,1,6,9819,13656
,,,Los Angeles,CA,USA,10/05/2012,$30K - $50K,1,3,2927,1673
,,,,,,10/05/2012 Total,,1,3,2927,1673
,,,,,,12/07/2012,$70K - $90K,1,3,2757,2420
,,,,,,12/07/2012 Total,,1,3,2757,2420
,,,,,,02/10/2012,$30K - $50K,1,2,3922,3411
,,,,,,02/10/2012 Total,,1,2,3922,3411
,,,,,,29/11/2012,$10K - $30K,1,3,3115,4161
,,,,,,29/11/2012 Total,,1,3,3115,4161
,,,,,,08/07/2013,$50K - $70K,1,3,7924,9799
,,,,,,08/07/2013 Total,,1,3,7924,9799
,,,,,,29/07/2013,$90K - $110K,1,3,7139,10375
,,,,,,29/07/2013 Total,,1,3,7139,10375
,,,,,USA Total,,,6,17,27784,31839
,,,,CA Total,,,,6,17,27784,31839
,,,Los Angeles Total,,,,,6,17,27784,31839
,,,Orizaba,Veracruz,Mexico,17/02/2013,$30K - $50K,1,3,7860,5984
,,,,,,17/02/2013 Total,,1,3,7860,5984
,,,,,,25/09/2013,$30K - $50K,1,3,9573,11932
,,,,,,25/09/2013 Total,,1,3,9573,11932
,,,,,Mexico Total,,,2,6,17433,17916
,,,,Veracruz Total,,,,2,6,17433,17916
,,,Orizaba Total,,,,,2,6,17433,17916
,,,Portland,OR,USA,29/02/2012,$90K - $110K,1,6,5339,641
,,,,,,29/02/2012 Total,,1,6,5339,641
,,,,,,30/07/2012,$70K - $90K,1,6,5724,2643
,,,,,,30/07/2012 Total,,1,6,5724,2643
,,,,,USA Total,,,2,12,11063,3284
,,,,OR Total,,,,2,12,11063,3284
,,,Portland Total,,,,,2,12,11063,3284
,,,Salem,OR,USA,18/02/2012,$50K - $70K,1,4,9929,507
,,,,,,18/02/2012 Total,,1,4,9929,507
,,,,,,21/02/2012,$30K - $50K,1,5,439,543
,,,,,,21/02/2012 Total,,1,5,439,543
,,,,,,02/04/2013,$130K - $150K,1,2,9892,7162
,,,,,,02/04/2013 Total,,1,2,9892,7162
,,,,,USA Total,,,3,11,20260,8212
,,,,OR Total,,,,3,11,20260,8212
,,,Salem Total,,,,,3,11,20260,8212
,,,San Andres,DF,Mexico,20/07/2013,$50K - $70K,1,4,7342,10163
,,,,,,20/07/2013 Total,,1,4,7342,10163
,,,,,,02/08/2013,$10K - $30K,1,5,4960,10490
,,,,,,02/08/2013 Total,,1,5,4960,10490
,,,,,,26/08/2013,$130K - $150K,1,3,8191,11114
,,,,,,26/08/2013 Total,,1,3,8191,11114
,,,,,,05/10/2013,$110K - $130K,1,3,6750,12189
,,,,,,05/10/2013 Total,,1,3,6750,12189
,,,,,,03/11/2013,$30K - $50K,1,5,2790,13026
,,,,,,03/11/2013 Total,,1,5,2790,13026
,,,,,Mexico Total,,,5,20,30033,56982
,,,,DF Total,,,,5,20,30033,56982
,,,San Andres Total,,,,,5,20,30033,56982
,,,San Diego,CA,USA,20/04/2013,$30K - $50K,1,4,618,7616
,,,,,,20/04/2013 Total,,1,4,618,7616
,,,,,,12/11/2013,$10K - $30K,1,7,7541,13270
,,,,,,12/11/2013 Total,,1,7,7541,13270
,,,,,USA Total,,,2,11,8159,20886
,,,,CA Total,,,,2,11,8159,20886
,,,San Diego Total,,,,,2,11,8159,20886
,,,Seattle,WA,USA,01/03/2012,$50K - $70K,1,4,4205,655
,,,,,,01/03/2012 Total,,1,4,4205,655
,,,,,,14/07/2012,$30K - $50K,1,5,7632,2447
,,,,,,14/07/2012 Total,,1,5,7632,2447
,,,,,,13/05/2013,$50K - $70K,1,5,1507,8261
,,,,,,13/05/2013 Total,,1,5,1507,8261
,,,,,USA Total,,,3,14,13344,11363
,,,,WA Total,,,,3,14,13344,11363
,,,Seattle Total,,,,,3,14,13344,11363
,,,Spokane,WA,USA,29/01/2012,$30K - $50K,1,6,4021,263
,,,,,,29/01/2012 Total,,1,6,4021,263
,,,,,,30/01/2012,$70K - $90K,1,3,6835,279
,,,,,,30/01/2012 Total,,1,3,6835,279
,,,,,,12/05/2012,$30K - $50K,1,3,7862,1687
,,,,,,12/05/2012 Total,,1,3,7862,1687
,,,,,,19/09/2012,$30K - $50K,1,4,5374,3264
,,,,,,19/09/2012 Total,,1,4,5374,3264
,,,,,,08/10/2012,$30K - $50K,1,4,5374,3514
,,,,,,08/10/2012 Total,,1,4,5374,3514
,,,,,,31/10/2013,$50K - $70K,1,5,1567,12917
,,,,,,31/10/2013 Total,,1,5,1567,12917
,,,,,USA Total,,,6,25,31033,21924
,,,,WA Total,,,,6,25,31033,21924
,,,Spokane Total,,,,,6,25,31033,21924
,,,Tacoma,WA,USA,11/09/2012,$30K - $50K,1,4,10091,3166
,,,,,,11/09/2012 Total,,1,4,10091,3166
,,,,,,23/04/2013,$10K - $30K,1,5,8963,7711
,,,,,,23/04/2013 Total,,1,5,8963,7711
,,,,,USA Total,,,2,9,19054,10877
,,,,WA Total,,,,2,9,19054,10877
,,,Tacoma Total,,,,,2,9,19054,10877
,,,Vancouver,BC,Canada,03/03/2013,$70K - $90K,1,2,2834,6379
,,,,,,03/03/2013 Total,,1,2,2834,6379
,,,,,,23/03/2013,$10K - $30K,1,5,10121,6882
,,,,,,23/03/2013 Total,,1,5,10121,6882
,,,,,,14/05/2013,$30K - $50K,1,3,3526,8288
,,,,,,14/05/2013 Total,,1,3,3526,8288
,,,,,Canada Total,,,3,10,16481,21549
,,,,BC Total,,,,3,10,16481,21549
,,,Vancouver Total,,,,,3,10,16481,21549
,,,Victoria,BC,Canada,23/03/2013,$30K - $50K,1,2,6094,6868
,,,,,,23/03/2013 Total,,1,2,6094,6868
,,,,,Canada Total,,,1,2,6094,6868
,,,,BC Total,,,,1,2,6094,6868
,,,Victoria Total,,,,,1,2,6094,6868
,,,Walla Walla,WA,USA,30/03/2012,$130K - $150K,1,2,5162,1080
,,,,,,30/03/2012 Total,,1,2,5162,1080
,,,,,USA Total,,,1,2,5162,1080
,,,,WA Total,,,,1,2,5162,1080
,,,Walla Walla Total,,,,,1,2,5162,1080
,,,Yakima,WA,USA,22/10/2012,$110K - $130K,1,5,9667,3656
,,,,,,22/10/2012 Total,,1,5,9667,3656
,,,,,,20/03/2013,$70K - $90K,1,2,8769,6820
,,,,,,20/03/2013 Total,,1,2,8769,6820
,,,,,USA Total,,,2,7,18436,10476
,,,,WA Total,,,,2,7,18436,10476
,,,Yakima Total,,,,,2,7,18436,10476
,,M Total,,,,,,47,181,283399,286568
,,S,Acapulco,Guerrero,Mexico,10/02/2013,$50K - $70K,1,4,10160,5777
,,,,,,10/02/2013 Total,,1,4,10160,5777
,,,,,,11/08/2013,$10K - $30K,1,3,1823,10705
,,,,,,11/08/2013 Total,,1,3,1823,10705
,,,,,Mexico Total,,,2,7,11983,16482
,,,,Guerrero Total,,,,2,7,11983,16482
,,,Acapulco Total,,,,,2,7,11983,16482
,,,Bellingham,WA,USA,21/12/2012,$110K - $130K,1,1,736,4529
,,,,,,21/12/2012 Total,,1,1,736,4529
,,,,,USA Total,,,1,1,736,4529
,,,,WA Total,,,,1,1,736,4529
,,,Bellingham Total,,,,,1,1,736,4529
,,,Beverly Hills,CA,USA,18/05/2012,$50K - $70K,1,6,9662,1761
,,,,,,18/05/2012 Total,,1,6,9662,1761
,,,,,,16/06/2012,$30K - $50K,1,4,6429,2100
,,,,,,16/06/2012 Total,,1,4,6429,2100
,,,,,,20/05/2013,$10K - $30K,1,5,2627,8443
,,,,,,20/05/2013 Total,,1,5,2627,8443
,,,,,,08/09/2013,$30K - $50K,1,2,8151,11452
,,,,,,08/09/2013 Total,,1,2,8151,11452
,,,,,,13/09/2013,$110K - $130K,1,4,3345,11593
,,,,,,13/09/2013 Total,,1,4,3345,11593
,,,,,,19/10/2013,$30K - $50K,1,4,5954,12556
,,,,,,19/10/2013 Total,,1,4,5954,12556
,,,,,USA Total,,,6,25,36168,47905
,,,,CA Total,,,,6,25,36168,47905
,,,Beverly Hills Total,,,,,6,25,36168,47905
,,,Bremerton,WA,USA,27/10/2012,$10K - $30K,1,5,1798,3715
,,,,,,27/10/2012 Total,,1,5,1798,3715
,,,,,,19/04/2013,$70K - $90K,1,4,1124,7591
,,,,,,19/04/2013 Total,,1,4,1124,7591
,,,,,USA Total,,,2,9,2922,11306
,,,,WA Total,,,,2,9,2922,11306
,,,Bremerton Total,,,,,2,9,2922,11306
,,,Camacho,Zacatecas,Mexico,14/01/2013,$50K - $70K,1,4,2986,5055
,,,,,,14/01/2013 Total,,1,4,2986,5055
,,,,,Mexico Total,,,1,4,2986,5055
,,,,Zacatecas Total,,,,1,4,2986,5055
,,,Camacho Total,,,,,1,4,2986,5055
,,,Hidalgo,Zacatecas,Mexico,03/04/2013,$30K - $50K,1,2,7261,7186
,,,,,,03/04/2013 Total,,1,2,7261,7186
,,,,,,17/08/2013,$30K - $50K,1,4,597,10874
,,,,,,17/08/2013 Total,,1,4,597,10874
,,,,,Mexico Total,,,2,6,7858,18060
,,,,Zacatecas Total,,,,2,6,7858,18060
,,,Hidalgo Total,,,,,2,6,7858,18060
,,,Los Angeles,CA,USA,26/05/2012,$50K - $70K,1,4,9814,1864
,,,,,,26/05/2012 Total,,1,4,9814,1864
,,,,,USA Total,,,1,4,9814,1864
,,,,CA Total,,,,1,4,9814,1864
,,,Los Angeles Total,,,,,1,4,9814,1864
,,,Merida,Yucatan,Mexico,26/09/2013,$10K - $30K,1,5,8204,11964
,,,,,,26/09/2013 Total,,1,5,8204,11964
,,,,,,17/10/2013,$10K - $30K,1,5,6440,12521
,,,,,,17/10/2013 Total,,1,5,6440,12521
,,,,,,10/12/2013,$50K - $70K,1,6,498,13895
,,,,,,10/12/2013 Total,,1,6,498,13895
,,,,,Mexico Total,,,3,16,15142,38380
,,,,Yucatan Total,,,,3,16,15142,38380
,,,Merida Total,,,,,3,16,15142,38380
,,,Mexico City,DF,Mexico,01/02/2013,$50K - $70K,1,4,2838,5513
,,,,,,01/02/2013 Total,,1,4,2838,5513
,,,,,Mexico Total,,,1,4,2838,5513
,,,,DF Total,,,,1,4,2838,5513
,,,Mexico City Total,,,,,1,4,2838,5513
,,,Orizaba,Veracruz,Mexico,09/01/2013,$30K - $50K,1,4,2229,4929
,,,,,,09/01/2013 Total,,1,4,2229,4929
,,,,,,21/07/2013,$30K - $50K,1,4,8203,10182
,,,,,,21/07/2013 Total,,1,4,8203,10182
,,,,,,22/10/2013,$30K - $50K,1,4,8203,12654
,,,,,,22/10/2013 Total,,1,4,8203,12654
,,,,,,23/10/2013,$30K - $50K,1,5,1325,12702
,,,,,,23/10/2013 Total,,1,5,1325,12702
,,,,,Mexico Total,,,4,17,19960,40467
,,,,Veracruz Total,,,,4,17,19960,40467
,,,Orizaba Total,,,,,4,17,19960,40467
,,,Portland,OR,USA,30/04/2013,$30K - $50K,1,4,4295,7917
,,,,,,30/04/2013 Total,,1,4,4295,7917
,,,,,,16/05/2013,$50K - $70K,1,6,8897,8344
,,,,,,16/05/2013 Total,,1,6,8897,8344
,,,,,,11/08/2013,$10K - $30K,1,3,1432,10727
,,,,,,11/08/2013 Total,,1,3,1432,10727
,,,,,,02/10/2013,$30K - $50K,1,3,4467,12115
,,,,,,02/10/2013 Total,,1,3,4467,12115
,,,,,USA Total,,,4,16,19091,39103
,,,,OR Total,,,,4,16,19091,39103
,,,Portland Total,,,,,4,16,19091,39103
,,,Salem,OR,USA,15/01/2012,$30K - $50K,1,5,3938,123
,,,,,,15/01/2012 Total,,1,5,3938,123
,,,,,,09/07/2012,$30K - $50K,1,6,819,2381
,,,,,,09/07/2012 Total,,1,6,819,2381
,,,,,,07/09/2012,$50K - $70K,1,5,4503,3120
,,,,,,07/09/2012 Total,,1,5,4503,3120
,,,,,,28/12/2012,$10K - $30K,1,6,7355,4647
,,,,,,28/12/2012 Total,,1,6,7355,4647
,,,,,,13/07/2013,$10K - $30K,1,3,7455,9944
,,,,,,13/07/2013 Total,,1,3,7455,9944
,,,,,USA Total,,,5,25,24070,20215
,,,,OR Total,,,,5,25,24070,20215
,,,Salem Total,,,,,5,25,24070,20215
,,,San Andres,DF,Mexico,14/08/2013,$70K - $90K,1,5,450,10819
,,,,,,14/08/2013 Total,,1,5,450,10819
,,,,,,21/08/2013,$30K - $50K,1,3,9993,10985
,,,,,,21/08/2013 Total,,1,3,9993,10985
,,,,,Mexico Total,,,2,8,10443,21804
,,,,DF Total,,,,2,8,10443,21804
,,,San Andres Total,,,,,2,8,10443,21804
,,,San Diego,CA,USA,27/11/2012,$110K - $130K,1,2,5631,4141
,,,,,,27/11/2012 Total,,1,2,5631,4141
,,,,,,17/12/2012,$50K - $70K,1,3,8230,4455
,,,,,,17/12/2012 Total,,1,3,8230,4455
,,,,,,15/01/2013,$50K - $70K,1,5,820,5081
,,,,,,15/01/2013 Total,,1,5,820,5081
,,,,,,31/08/2013,$50K - $70K,1,3,7140,11251
,,,,,,31/08/2013 Total,,1,3,7140,11251
,,,,,USA Total,,,4,13,21821,24928
,,,,CA Total,,,,4,13,21821,24928
,,,San Diego Total,,,,,4,13,21821,24928
,,,Seattle,WA,USA,24/04/2012,$50K - $70K,1,3,8407,1443
,,,,,,24/04/2012 Total,,1,3,8407,1443
,,,,,,19/01/2013,$10K - $30K,1,4,5335,5181
,,,,,,19/01/2013 Total,,1,4,5335,5181
,,,,,,02/07/2013,$30K - $50K,1,4,3855,9623
,,,,,,02/07/2013 Total,,1,4,3855,9623
,,,,,USA Total,,,3,11,17597,16247
,,,,WA Total,,,,3,11,17597,16247
,,,Seattle Total,,,,,3,11,17597,16247
,,,Spokane,WA,USA,16/08/2012,$130K - $150K,1,6,4767,2856
,,,,,,16/08/2012 Total,,1,6,4767,2856
,,,,,,23/11/2012,$50K - $70K,1,5,1415,4077
,,,,,,23/11/2012 Total,,1,5,1415,4077
,,,,,,24/01/2013,$30K - $50K,1,4,7702,5292
,,,,,,24/01/2013 Total,,1,4,7702,5292
,,,,,USA Total,,,3,15,13884,12225
,,,,WA Total,,,,3,15,13884,12225
,,,Spokane Total,,,,,3,15,13884,12225
,,,Tacoma,WA,USA,10/05/2012,$10K - $30K,1,2,4564,1666
,,,,,,10/05/2012 Total,,1,2,4564,1666
,,,,,,29/07/2012,$130K - $150K,1,5,1328,2636
,,,,,,29/07/2012 Total,,1,5,1328,2636
,,,,,,19/01/2013,$30K - $50K,1,5,4892,5160
,,,,,,19/01/2013 Total,,1,5,4892,5160
,,,,,,09/03/2013,$130K - $150K,1,5,5984,6527
,,,,,,09/03/2013 Total,,1,5,5984,6527
,,,,,,30/10/2013,$50K - $70K,1,3,3497,12880
,,,,,,30/10/2013 Total,,1,3,3497,12880
,,,,,,06/11/2013,$30K - $50K,1,5,4497,13109
,,,,,,06/11/2013 Total,,1,5,4497,13109
,,,,,USA Total,,,6,25,24762,41978
,,,,WA Total,,,,6,25,24762,41978
,,,Tacoma Total,,,,,6,25,24762,41978
,,,Vancouver,BC,Canada,13/05/2013,$30K - $50K,1,3,7097,8282
,,,,,,13/05/2013 Total,,1,3,7097,8282
,,,,,Canada Total,,,1,3,7097,8282
,,,,BC Total,,,,1,3,7097,8282
,,,Vancouver Total,,,,,1,3,7097,8282
,,,Victoria,BC,Canada,22/06/2013,$90K - $110K,1,3,5976,9366
,,,,,,22/06/2013 Total,,1,3,5976,9366
,,,,,Canada Total,,,1,3,5976,9366
,,,,BC Total,,,,1,3,5976,9366
,,,Victoria Total,,,,,1,3,5976,9366
,,,Walla Walla,WA,USA,30/12/2012,$30K - $50K,1,1,6684,4702
,,,,,,30/12/2012 Total,,1,1,6684,4702
,,,,,USA Total,,,1,1,6684,4702
,,,,WA Total,,,,1,1,6684,4702
,,,Walla Walla Total,,,,,1,1,6684,4702
,,,Yakima,WA,USA,16/07/2012,$10K - $30K,1,4,463,2468
,,,,,,16/07/2012 Total,,1,4,463,2468
,,,,,,10/12/2012,$50K - $70K,1,5,1197,4337
,,,,,,10/12/2012 Total,,1,5,1197,4337
,,,,,USA Total,,,2,9,1660,6805
,,,,WA Total,,,,2,9,1660,6805
,,,Yakima Total,,,,,2,9,1660,6805
,,S Total,,,,,,55,222,263492,395216
,M Total,,,,,,,102,403,546891,681784
Kitchen Products Total,,,,,,,,217,865,1113678,1452654
Magazines,F,M,Beverly Hills,CA,USA,31/05/2013,$30K - $50K,1,3,1052,8758
,,,,,,31/05/2013 Total,,1,3,1052,8758
,,,,,,27/11/2013,$130K - $150K,1,3,137,13658
,,,,,,27/11/2013 Total,,1,3,137,13658
,,,,,USA Total,,,2,6,1189,22416
,,,,CA Total,,,,2,6,1189,22416
,,,Beverly Hills Total,,,,,2,6,1189,22416
,,,Bremerton,WA,USA,06/10/2012,$10K - $30K,1,4,7354,3483
,,,,,,06/10/2012 Total,,1,4,7354,3483
,,,,,,05/06/2013,$50K - $70K,1,3,6107,8907
,,,,,,05/06/2013 Total,,1,3,6107,8907
,,,,,USA Total,,,2,7,13461,12390
,,,,WA Total,,,,2,7,13461,12390
,,,Bremerton Total,,,,,2,7,13461,12390
,,,Camacho,Zacatecas,Mexico,26/12/2012,$110K - $130K,1,4,2175,4612
,,,,,,26/12/2012 Total,,1,4,2175,4612
,,,,,,05/03/2013,$130K - $150K,1,5,3714,6437
,,,,,,05/03/2013 Total,,1,5,3714,6437
,,,,,,02/07/2013,$30K - $50K,1,3,1038,9632
,,,,,,02/07/2013 Total,,1,3,1038,9632
,,,,,,25/07/2013,$30K - $50K,1,6,4355,10269
,,,,,,25/07/2013 Total,,1,6,4355,10269
,,,,,Mexico Total,,,4,18,11282,30950
,,,,Zacatecas Total,,,,4,18,11282,30950
,,,Camacho Total,,,,,4,18,11282,30950
,,,Hidalgo,Zacatecas,Mexico,08/01/2013,$50K - $70K,1,4,4579,4910
,,,,,,08/01/2013 Total,,1,4,4579,4910
,,,,,,02/02/2013,$110K - $130K,1,7,3808,5552
,,,,,,02/02/2013 Total,,1,7,3808,5552
,,,,,,11/03/2013,$50K - $70K,1,5,6227,6586
,,,,,,,$70K - $90K,1,4,7977,6583
,,,,,,11/03/2013 Total,,2,9,14204,13169
,,,,,,01/05/2013,$110K - $130K,1,5,7063,7932
,,,,,,01/05/2013 Total,,1,5,7063,7932
,,,,,,06/05/2013,$10K - $30K,1,5,2310,8084
,,,,,,06/05/2013 Total,,1,5,2310,8084
,,,,,,20/06/2013,$50K - $70K,1,3,789,9309
,,,,,,20/06/2013 Total,,1,3,789,9309
,,,,,,17/07/2013,$70K - $90K,1,6,6652,10061
,,,,,,17/07/2013 Total,,1,6,6652,10061
,,,,,Mexico Total,,,8,39,39405,59017
,,,,Zacatecas Total,,,,8,39,39405,59017
,,,Hidalgo Total,,,,,8,39,39405,59017
,,,Los Angeles,CA,USA,28/04/2012,$90K - $110K,1,4,2821,1506
,,,,,,28/04/2012 Total,,1,4,2821,1506
,,,,,,11/09/2012,$110K - $130K,1,5,1175,3169
,,,,,,11/09/2012 Total,,1,5,1175,3169
,,,,,,29/09/2013,$10K - $30K,1,5,955,12051
,,,,,,29/09/2013 Total,,1,5,955,12051
,,,,,USA Total,,,3,14,4951,16726
,,,,CA Total,,,,3,14,4951,16726
,,,Los Angeles Total,,,,,3,14,4951,16726
,,,Merida,Yucatan,Mexico,09/01/2013,$130K - $150K,1,3,5559,4939
,,,,,,09/01/2013 Total,,1,3,5559,4939
,,,,,,04/03/2013,$70K - $90K,1,4,9625,6410
,,,,,,04/03/2013 Total,,1,4,9625,6410
,,,,,,22/07/2013,$50K - $70K,1,3,4655,10208
,,,,,,22/07/2013 Total,,1,3,4655,10208
,,,,,,08/08/2013,$30K - $50K,1,3,9249,10631
,,,,,,08/08/2013 Total,,1,3,9249,10631
,,,,,Mexico Total,,,4,13,29088,32188
,,,,Yucatan Total,,,,4,13,29088,32188
,,,Merida Total,,,,,4,13,29088,32188
,,,Orizaba,Veracruz,Mexico,02/03/2013,$50K - $70K,1,3,1265,6358
,,,,,,02/03/2013 Total,,1,3,1265,6358
,,,,,,07/05/2013,$50K - $70K,1,3,1265,8113
,,,,,,07/05/2013 Total,,1,3,1265,8113
,,,,,,26/06/2013,$10K - $30K,1,4,534,9461
,,,,,,26/06/2013 Total,,1,4,534,9461
,,,,,,01/08/2013,$10K - $30K,1,6,8388,10434
,,,,,,01/08/2013 Total,,1,6,8388,10434
,,,,,Mexico Total,,,4,16,11452,34366
,,,,Veracruz Total,,,,4,16,11452,34366
,,,Orizaba Total,,,,,4,16,11452,34366
,,,Portland,OR,USA,02/06/2012,$50K - $70K,1,3,2846,1961
,,,,,,02/06/2012 Total,,1,3,2846,1961
,,,,,,18/07/2012,$130K - $150K,1,2,5702,2503
,,,,,,18/07/2012 Total,,1,2,5702,2503
,,,,,,10/08/2012,$70K - $90K,1,4,9638,2789
,,,,,,10/08/2012 Total,,1,4,9638,2789
,,,,,,14/02/2013,$30K - $50K,1,3,8134,5880
,,,,,,14/02/2013 Total,,1,3,8134,5880
,,,,,USA Total,,,4,12,26320,13133
,,,,OR Total,,,,4,12,26320,13133
,,,Portland Total,,,,,4,12,26320,13133
,,,Salem,OR,USA,20/06/2012,$30K - $50K,1,3,8140,2160
,,,,,,20/06/2012 Total,,1,3,8140,2160
,,,,,,25/08/2012,$50K - $70K,1,5,4507,2963
,,,,,,25/08/2012 Total,,1,5,4507,2963
,,,,,,05/11/2012,$10K - $30K,1,5,3490,3848
,,,,,,05/11/2012 Total,,1,5,3490,3848
,,,,,,20/09/2013,$50K - $70K,1,5,7132,11773
,,,,,,20/09/2013 Total,,1,5,7132,11773
,,,,,USA Total,,,4,18,23269,20744
,,,,OR Total,,,,4,18,23269,20744
,,,Salem Total,,,,,4,18,23269,20744
,,,San Andres,DF,Mexico,30/12/2012,$110K - $130K,1,5,5381,4700
,,,,,,30/12/2012 Total,,1,5,5381,4700
,,,,,Mexico Total,,,1,5,5381,4700
,,,,DF Total,,,,1,5,5381,4700
,,,San Andres Total,,,,,1,5,5381,4700
,,,San Diego,CA,USA,22/07/2012,$130K - $150K,1,5,8196,2552
,,,,,,22/07/2012 Total,,1,5,8196,2552
,,,,,,18/09/2012,$30K - $50K,1,4,6800,3258
,,,,,,18/09/2012 Total,,1,4,6800,3258
,,,,,,06/11/2012,$10K - $30K,1,4,5368,3861
,,,,,,06/11/2012 Total,,1,4,5368,3861
,,,,,USA Total,,,3,13,20364,9671
,,,,CA Total,,,,3,13,20364,9671
,,,San Diego Total,,,,,3,13,20364,9671
,,,Seattle,WA,USA,29/11/2012,$30K - $50K,1,3,745,4174
,,,,,,29/11/2012 Total,,1,3,745,4174
,,,,,,22/05/2013,$150K +,1,4,8165,8509
,,,,,,22/05/2013 Total,,1,4,8165,8509
,,,,,,27/10/2013,$70K - $90K,1,2,988,12811
,,,,,,27/10/2013 Total,,1,2,988,12811
,,,,,,01/11/2013,$10K - $30K,1,5,2813,12975
,,,,,,01/11/2013 Total,,1,5,2813,12975
,,,,,USA Total,,,4,14,12711,38469
,,,,WA Total,,,,4,14,12711,38469
,,,Seattle Total,,,,,4,14,12711,38469
,,,Spokane,WA,USA,10/04/2012,$10K - $30K,1,4,6912,1234
,,,,,,10/04/2012 Total,,1,4,6912,1234
,,,,,,04/05/2012,$10K - $30K,1,3,511,1572
,,,,,,04/05/2012 Total,,1,3,511,1572
,,,,,,02/06/2012,$50K - $70K,1,4,192,1956
,,,,,,02/06/2012 Total,,1,4,192,1956
,,,,,,12/08/2012,$30K - $50K,1,4,9263,2803
,,,,,,12/08/2012 Total,,1,4,9263,2803
,,,,,,22/08/2013,$30K - $50K,1,4,7234,11009
,,,,,,22/08/2013 Total,,1,4,7234,11009
,,,,,USA Total,,,5,19,24112,18574
,,,,WA Total,,,,5,19,24112,18574
,,,Spokane Total,,,,,5,19,24112,18574
,,,Tacoma,WA,USA,12/02/2012,$90K - $110K,1,5,6001,443
,,,,,,12/02/2012 Total,,1,5,6001,443
,,,,,,25/03/2012,$30K - $50K,1,3,8074,1003
,,,,,,25/03/2012 Total,,1,3,8074,1003
,,,,,,10/05/2012,$110K - $130K,1,2,5644,1663
,,,,,,10/05/2012 Total,,1,2,5644,1663
,,,,,,28/12/2012,$50K - $70K,1,5,930,4658
,,,,,,28/12/2012 Total,,1,5,930,4658
,,,,,,29/06/2013,$10K - $30K,1,5,5341,9534
,,,,,,29/06/2013 Total,,1,5,5341,9534
,,,,,,20/07/2013,$50K - $70K,1,5,5962,10164
,,,,,,20/07/2013 Total,,1,5,5962,10164
,,,,,,04/09/2013,$50K - $70K,1,4,7607,11335
,,,,,,04/09/2013 Total,,1,4,7607,11335
,,,,,,11/10/2013,$10K - $30K,1,3,5341,12357
,,,,,,11/10/2013 Total,,1,3,5341,12357
,,,,,USA Total,,,8,32,44900,51157
,,,,WA Total,,,,8,32,44900,51157
,,,Tacoma Total,,,,,8,32,44900,51157
,,,Victoria,BC,Canada,13/06/2013,$10K - $30K,1,5,10241,9115
,,,,,,13/06/2013 Total,,1,5,10241,9115
,,,,,Canada Total,,,1,5,10241,9115
,,,,BC Total,,,,1,5,10241,9115
,,,Victoria Total,,,,,1,5,10241,9115
,,,Walla Walla,WA,USA,14/06/2012,$10K - $30K,1,2,3549,2086
,,,,,,14/06/2012 Total,,1,2,3549,2086
,,,,,USA Total,,,1,2,3549,2086
,,,,WA Total,,,,1,2,3549,2086
,,,Walla Walla Total,,,,,1,2,3549,2086
,,M Total,,,,,,58,233,281675,375702
,,S,Acapulco,Guerrero,Mexico,07/04/2013,$70K - $90K,1,4,3747,7276
,,,,,,07/04/2013 Total,,1,4,3747,7276
,,,,,,26/05/2013,$30K - $50K,1,5,5406,8622
,,,,,,26/05/2013 Total,,1,5,5406,8622
,,,,,Mexico Total,,,2,9,9153,15898
,,,,Guerrero Total,,,,2,9,9153,15898
,,,Acapulco Total,,,,,2,9,9153,15898
,,,Beverly Hills,CA,USA,22/09/2012,$30K - $50K,1,3,4510,3298
,,,,,,22/09/2012 Total,,1,3,4510,3298
,,,,,,24/12/2012,$30K - $50K,1,4,9622,4568
,,,,,,24/12/2012 Total,,1,4,9622,4568
,,,,,,20/11/2013,$10K - $30K,1,4,1051,13475
,,,,,,20/11/2013 Total,,1,4,1051,13475
,,,,,USA Total,,,3,11,15183,21341
,,,,CA Total,,,,3,11,15183,21341
,,,Beverly Hills Total,,,,,3,11,15183,21341
,,,Bremerton,WA,USA,21/02/2012,$30K - $50K,1,5,10033,540
,,,,,,21/02/2012 Total,,1,5,10033,540
,,,,,,06/07/2012,$70K - $90K,1,4,8202,2345
,,,,,,06/07/2012 Total,,1,4,8202,2345
,,,,,,29/01/2013,$90K - $110K,1,5,753,5414
,,,,,,29/01/2013 Total,,1,5,753,5414
,,,,,,22/06/2013,$30K - $50K,1,4,6291,9380
,,,,,,22/06/2013 Total,,1,4,6291,9380
,,,,,USA Total,,,4,18,25279,17679
,,,,WA Total,,,,4,18,25279,17679
,,,Bremerton Total,,,,,4,18,25279,17679
,,,Camacho,Zacatecas,Mexico,14/02/2013,$110K - $130K,1,5,286,5869
,,,,,,14/02/2013 Total,,1,5,286,5869
,,,,,,07/08/2013,$50K - $70K,1,3,838,10615
,,,,,,07/08/2013 Total,,1,3,838,10615
,,,,,,04/12/2013,$130K - $150K,1,4,4374,13812
,,,,,,04/12/2013 Total,,1,4,4374,13812
,,,,,Mexico Total,,,3,12,5498,30296
,,,,Zacatecas Total,,,,3,12,5498,30296
,,,Camacho Total,,,,,3,12,5498,30296
,,,Guadalajara,Jalisco,Mexico,19/02/2013,$10K - $30K,1,3,4981,6040
,,,,,,19/02/2013 Total,,1,3,4981,6040
,,,,,Mexico Total,,,1,3,4981,6040
,,,,Jalisco Total,,,,1,3,4981,6040
,,,Guadalajara Total,,,,,1,3,4981,6040
,,,Hidalgo,Zacatecas,Mexico,02/01/2013,$50K - $70K,1,4,4914,4768
,,,,,,02/01/2013 Total,,1,4,4914,4768
,,,,,,10/01/2013,$30K - $50K,1,5,8697,4960
,,,,,,10/01/2013 Total,,1,5,8697,4960
,,,,,,20/07/2013,$10K - $30K,1,4,3858,10159
,,,,,,20/07/2013 Total,,1,4,3858,10159
,,,,,,20/09/2013,$30K - $50K,1,3,272,11775
,,,,,,20/09/2013 Total,,1,3,272,11775
,,,,,Mexico Total,,,4,16,17741,31662
,,,,Zacatecas Total,,,,4,16,17741,31662
,,,Hidalgo Total,,,,,4,16,17741,31662
,,,Los Angeles,CA,USA,12/09/2012,$10K - $30K,1,3,1091,3181
,,,,,,12/09/2012 Total,,1,3,1091,3181
,,,,,,27/12/2012,$10K - $30K,1,4,5280,4627
,,,,,,27/12/2012 Total,,1,4,5280,4627
,,,,,,30/06/2013,$30K - $50K,1,5,8658,9586
,,,,,,30/06/2013 Total,,1,5,8658,9586
,,,,,,15/09/2013,$10K - $30K,1,6,7660,11639
,,,,,,15/09/2013 Total,,1,6,7660,11639
,,,,,USA Total,,,4,18,22689,29033
,,,,CA Total,,,,4,18,22689,29033
,,,Los Angeles Total,,,,,4,18,22689,29033
,,,Merida,Yucatan,Mexico,14/11/2013,$90K - $110K,1,5,1050,13327
,,,,,,14/11/2013 Total,,1,5,1050,13327
,,,,,Mexico Total,,,1,5,1050,13327
,,,,Yucatan Total,,,,1,5,1050,13327
,,,Merida Total,,,,,1,5,1050,13327
,,,Orizaba,Veracruz,Mexico,08/02/2013,$30K - $50K,1,4,8077,5726
,,,,,,08/02/2013 Total,,1,4,8077,5726
,,,,,,20/05/2013,$90K - $110K,1,2,6812,8454
,,,,,,20/05/2013 Total,,1,2,6812,8454
,,,,,Mexico Total,,,2,6,14889,14180
,,,,Veracruz Total,,,,2,6,14889,14180
,,,Orizaba Total,,,,,2,6,14889,14180
,,,Salem,OR,USA,14/04/2012,$10K - $30K,1,5,6003,1293
,,,,,,14/04/2012 Total,,1,5,6003,1293
,,,,,,01/09/2012,$30K - $50K,1,5,4938,3047
,,,,,,01/09/2012 Total,,1,5,4938,3047
,,,,,,11/02/2013,$50K - $70K,1,4,2398,5810
,,,,,,11/02/2013 Total,,1,4,2398,5810
,,,,,,01/08/2013,$10K - $30K,1,5,1682,10433
,,,,,,01/08/2013 Total,,1,5,1682,10433
,,,,,USA Total,,,4,19,15021,20583
,,,,OR Total,,,,4,19,15021,20583
,,,Salem Total,,,,,4,19,15021,20583
,,,San Diego,CA,USA,02/11/2012,$30K - $50K,1,4,7501,3799
,,,,,,02/11/2012 Total,,1,4,7501,3799
,,,,,,11/09/2013,$30K - $50K,1,3,164,11536
,,,,,,11/09/2013 Total,,1,3,164,11536
,,,,,USA Total,,,2,7,7665,15335
,,,,CA Total,,,,2,7,7665,15335
,,,San Diego Total,,,,,2,7,7665,15335
,,,Spokane,WA,USA,04/04/2013,$30K - $50K,1,3,6957,7218
,,,,,,04/04/2013 Total,,1,3,6957,7218
,,,,,USA Total,,,1,3,6957,7218
,,,,WA Total,,,,1,3,6957,7218
,,,Spokane Total,,,,,1,3,6957,7218
,,,Tacoma,WA,USA,13/04/2012,$10K - $30K,1,5,6589,1274
,,,,,,13/04/2012 Total,,1,5,6589,1274
,,,,,,15/09/2012,$10K - $30K,1,2,9469,3210
,,,,,,15/09/2012 Total,,1,2,9469,3210
,,,,,,02/11/2012,$30K - $50K,1,4,817,3790
,,,,,,02/11/2012 Total,,1,4,817,3790
,,,,,,28/12/2012,$30K - $50K,1,5,5501,4642
,,,,,,28/12/2012 Total,,1,5,5501,4642
,,,,,,30/05/2013,$70K - $90K,1,6,2244,8750
,,,,,,30/05/2013 Total,,1,6,2244,8750
,,,,,,07/08/2013,$10K - $30K,1,3,617,10612
,,,,,,07/08/2013 Total,,1,3,617,10612
,,,,,USA Total,,,6,25,25237,32278
,,,,WA Total,,,,6,25,25237,32278
,,,Tacoma Total,,,,,6,25,25237,32278
,,,Vancouver,BC,Canada,28/04/2013,$10K - $30K,1,4,3904,7853
,,,,,,28/04/2013 Total,,1,4,3904,7853
,,,,,,09/06/2013,$50K - $70K,1,5,2354,9015
,,,,,,09/06/2013 Total,,1,5,2354,9015
,,,,,Canada Total,,,2,9,6258,16868
,,,,BC Total,,,,2,9,6258,16868
,,,Vancouver Total,,,,,2,9,6258,16868
,,,Victoria,BC,Canada,05/04/2013,$110K - $130K,1,3,6305,7237
,,,,,,05/04/2013 Total,,1,3,6305,7237
,,,,,Canada Total,,,1,3,6305,7237
,,,,BC Total,,,,1,3,6305,7237
,,,Victoria Total,,,,,1,3,6305,7237
,,,Walla Walla,WA,USA,14/04/2012,$10K - $30K,1,1,1115,1306
,,,,,,14/04/2012 Total,,1,1,1115,1306
,,,,,USA Total,,,1,1,1115,1306
,,,,WA Total,,,,1,1,1115,1306
,,,Walla Walla Total,,,,,1,1,1115,1306
,,,Yakima,WA,USA,10/09/2012,$10K - $30K,1,4,3719,3146
,,,,,,10/09/2012 Total,,1,4,3719,3146
,,,,,,11/04/2013,$30K - $50K,1,4,8945,7409
,,,,,,11/04/2013 Total,,1,4,8945,7409
,,,,,,28/09/2013,$50K - $70K,1,4,1449,12027
,,,,,,28/09/2013 Total,,1,4,1449,12027
,,,,,USA Total,,,3,12,14113,22582
,,,,WA Total,,,,3,12,14113,22582
,,,Yakima Total,,,,,3,12,14113,22582
,,S Total,,,,,,44,177,199134,302863
,F Total,,,,,,,102,410,480809,678565
,M,M,Bellingham,WA,USA,05/12/2012,$30K - $50K,1,3,2759,4260
,,,,,,05/12/2012 Total,,1,3,2759,4260
,,,,,USA Total,,,1,3,2759,4260
,,,,WA Total,,,,1,3,2759,4260
,,,Bellingham Total,,,,,1,3,2759,4260
,,,Beverly Hills,CA,USA,29/12/2011,$50K - $70K,1,4,1906,21
,,,,,,29/12/2011 Total,,1,4,1906,21
,,,,,,07/02/2013,$30K - $50K,1,6,5435,5684
,,,,,,07/02/2013 Total,,1,6,5435,5684
,,,,,,15/08/2013,$110K - $130K,1,3,9479,10826
,,,,,,15/08/2013 Total,,1,3,9479,10826
,,,,,,01/10/2013,$30K - $50K,1,3,8709,12090
,,,,,,01/10/2013 Total,,1,3,8709,12090
,,,,,USA Total,,,4,16,25529,28621
,,,,CA Total,,,,4,16,25529,28621
,,,Beverly Hills Total,,,,,4,16,25529,28621
,,,Bremerton,WA,USA,01/08/2012,$30K - $50K,1,5,7849,2673
,,,,,,01/08/2012 Total,,1,5,7849,2673
,,,,,,25/03/2013,$90K - $110K,1,3,2678,6918
,,,,,,25/03/2013 Total,,1,3,2678,6918
,,,,,,12/09/2013,$70K - $90K,1,4,3878,11571
,,,,,,12/09/2013 Total,,1,4,3878,11571
,,,,,,28/11/2013,$10K - $30K,1,5,1451,13677
,,,,,,28/11/2013 Total,,1,5,1451,13677
,,,,,USA Total,,,4,17,15856,34839
,,,,WA Total,,,,4,17,15856,34839
,,,Bremerton Total,,,,,4,17,15856,34839
,,,Hidalgo,Zacatecas,Mexico,11/02/2013,$30K - $50K,1,4,1693,5793
,,,,,,11/02/2013 Total,,1,4,1693,5793
,,,,,,05/07/2013,$30K - $50K,1,2,6100,9716
,,,,,,05/07/2013 Total,,1,2,6100,9716
,,,,,Mexico Total,,,2,6,7793,15509
,,,,Zacatecas Total,,,,2,6,7793,15509
,,,Hidalgo Total,,,,,2,6,7793,15509
,,,Los Angeles,CA,USA,31/05/2012,$50K - $70K,1,3,2533,1929
,,,,,,31/05/2012 Total,,1,3,2533,1929
,,,,,,17/07/2012,$130K - $150K,1,3,2915,2498
,,,,,,17/07/2012 Total,,1,3,2915,2498
,,,,,,09/09/2012,$30K - $50K,1,6,5435,3139
,,,,,,09/09/2012 Total,,1,6,5435,3139
,,,,,,25/10/2012,$30K - $50K,1,5,3922,3694
,,,,,,25/10/2012 Total,,1,5,3922,3694
,,,,,,21/01/2013,$70K - $90K,1,5,1144,5240
,,,,,,21/01/2013 Total,,1,5,1144,5240
,,,,,,08/08/2013,$130K - $150K,1,4,5935,10639
,,,,,,08/08/2013 Total,,1,4,5935,10639
,,,,,,25/11/2013,$30K - $50K,1,4,5948,13606
,,,,,,25/11/2013 Total,,1,4,5948,13606
,,,,,USA Total,,,7,30,27832,40745
,,,,CA Total,,,,7,30,27832,40745
,,,Los Angeles Total,,,,,7,30,27832,40745
,,,Merida,Yucatan,Mexico,03/11/2013,$70K - $90K,1,2,7448,13028
,,,,,,03/11/2013 Total,,1,2,7448,13028
,,,,,Mexico Total,,,1,2,7448,13028
,,,,Yucatan Total,,,,1,2,7448,13028
,,,Merida Total,,,,,1,2,7448,13028
,,,Orizaba,Veracruz,Mexico,25/10/2013,$110K - $130K,1,5,7321,12748
,,,,,,25/10/2013 Total,,1,5,7321,12748
,,,,,Mexico Total,,,1,5,7321,12748
,,,,Veracruz Total,,,,1,5,7321,12748
,,,Orizaba Total,,,,,1,5,7321,12748
,,,Portland,OR,USA,28/02/2012,$30K - $50K,1,5,1083,625
,,,,,,28/02/2012 Total,,1,5,1083,625
,,,,,,16/08/2012,$50K - $70K,1,4,3401,2849
,,,,,,16/08/2012 Total,,1,4,3401,2849
,,,,,,26/10/2012,$30K - $50K,1,6,2245,3706
,,,,,,26/10/2012 Total,,1,6,2245,3706
,,,,,,05/09/2013,$110K - $130K,1,4,8797,11356
,,,,,,05/09/2013 Total,,1,4,8797,11356
,,,,,,10/10/2013,$10K - $30K,1,4,9307,12333
,,,,,,10/10/2013 Total,,1,4,9307,12333
,,,,,USA Total,,,5,23,24833,30869
,,,,OR Total,,,,5,23,24833,30869
,,,Portland Total,,,,,5,23,24833,30869
,,,Salem,OR,USA,16/06/2012,$10K - $30K,1,3,8841,2106
,,,,,,16/06/2012 Total,,1,3,8841,2106
,,,,,,07/03/2013,$70K - $90K,1,4,7522,6475
,,,,,,07/03/2013 Total,,1,4,7522,6475
,,,,,,17/09/2013,$10K - $30K,1,4,7906,11694
,,,,,,17/09/2013 Total,,1,4,7906,11694
,,,,,,24/09/2013,$10K - $30K,1,4,5060,11893
,,,,,,24/09/2013 Total,,1,4,5060,11893
,,,,,USA Total,,,4,15,29329,32168
,,,,OR Total,,,,4,15,29329,32168
,,,Salem Total,,,,,4,15,29329,32168
,,,San Andres,DF,Mexico,05/02/2013,$70K - $90K,1,5,5986,5643
,,,,,,05/02/2013 Total,,1,5,5986,5643
,,,,,,06/03/2013,$30K - $50K,1,4,1424,6460
,,,,,,06/03/2013 Total,,1,4,1424,6460
,,,,,,09/09/2013,$70K - $90K,1,4,3901,11477
,,,,,,09/09/2013 Total,,1,4,3901,11477
,,,,,,14/09/2013,$30K - $50K,1,4,2480,11612
,,,,,,14/09/2013 Total,,1,4,2480,11612
,,,,,,31/10/2013,$50K - $70K,1,3,6847,12922
,,,,,,31/10/2013 Total,,1,3,6847,12922
,,,,,,14/11/2013,$130K - $150K,1,5,8191,13345
,,,,,,14/11/2013 Total,,1,5,8191,13345
,,,,,Mexico Total,,,6,25,28829,61459
,,,,DF Total,,,,6,25,28829,61459
,,,San Andres Total,,,,,6,25,28829,61459
,,,San Diego,CA,USA,16/02/2012,$10K - $30K,1,6,7881,487
,,,,,,16/02/2012 Total,,1,6,7881,487
,,,,,,25/09/2012,$30K - $50K,1,4,6877,3327
,,,,,,25/09/2012 Total,,1,4,6877,3327
,,,,,USA Total,,,2,10,14758,3814
,,,,CA Total,,,,2,10,14758,3814
,,,San Diego Total,,,,,2,10,14758,3814
,,,Seattle,WA,USA,13/03/2012,$30K - $50K,1,3,774,828
,,,,,,13/03/2012 Total,,1,3,774,828
,,,,,,30/06/2013,$10K - $30K,1,6,4321,9568
,,,,,,30/06/2013 Total,,1,6,4321,9568
,,,,,,08/10/2013,$30K - $50K,1,5,10059,12289
,,,,,,08/10/2013 Total,,1,5,10059,12289
,,,,,USA Total,,,3,14,15154,22685
,,,,WA Total,,,,3,14,15154,22685
,,,Seattle Total,,,,,3,14,15154,22685
,,,Spokane,WA,USA,18/06/2012,$10K - $30K,1,4,8427,2122
,,,,,,18/06/2012 Total,,1,4,8427,2122
,,,,,,16/07/2012,$30K - $50K,1,3,9815,2470
,,,,,,16/07/2012 Total,,1,3,9815,2470
,,,,,,15/08/2012,$110K - $130K,1,2,9318,2842
,,,,,,15/08/2012 Total,,1,2,9318,2842
,,,,,,24/10/2013,$50K - $70K,1,4,3826,12719
,,,,,,24/10/2013 Total,,1,4,3826,12719
,,,,,USA Total,,,4,13,31386,20153
,,,,WA Total,,,,4,13,31386,20153
,,,Spokane Total,,,,,4,13,31386,20153
,,,Tacoma,WA,USA,23/10/2012,$70K - $90K,1,6,2594,3664
,,,,,,23/10/2012 Total,,1,6,2594,3664
,,,,,,06/04/2013,$10K - $30K,1,5,8963,7253
,,,,,,06/04/2013 Total,,1,5,8963,7253
,,,,,,01/05/2013,$110K - $130K,1,5,9639,7938
,,,,,,01/05/2013 Total,,1,5,9639,7938
,,,,,USA Total,,,3,16,21196,18855
,,,,WA Total,,,,3,16,21196,18855
,,,Tacoma Total,,,,,3,16,21196,18855
,,,Vancouver,BC,Canada,13/10/2013,$30K - $50K,1,5,7039,12419
,,,,,,13/10/2013 Total,,1,5,7039,12419
,,,,,Canada Total,,,1,5,7039,12419
,,,,BC Total,,,,1,5,7039,12419
,,,Vancouver Total,,,,,1,5,7039,12419
,,M Total,,,,,,48,200,267062,352172
,,S,Acapulco,Guerrero,Mexico,10/11/2013,$70K - $90K,1,3,1523,13217
,,,,,,10/11/2013 Total,,1,3,1523,13217
,,,,,Mexico Total,,,1,3,1523,13217
,,,,Guerrero Total,,,,1,3,1523,13217
,,,Acapulco Total,,,,,1,3,1523,13217
,,,Bellingham,WA,USA,22/06/2013,$30K - $50K,1,2,3645,9359
,,,,,,22/06/2013 Total,,1,2,3645,9359
,,,,,USA Total,,,1,2,3645,9359
,,,,WA Total,,,,1,2,3645,9359
,,,Bellingham Total,,,,,1,2,3645,9359
,,,Beverly Hills,CA,USA,14/03/2012,$50K - $70K,1,5,77,848
,,,,,,14/03/2012 Total,,1,5,77,848
,,,,,,11/05/2012,$30K - $50K,1,4,10161,1676
,,,,,,11/05/2012 Total,,1,4,10161,1676
,,,,,,12/05/2012,$10K - $30K,1,2,2870,1689
,,,,,,12/05/2012 Total,,1,2,2870,1689
,,,,,,27/05/2012,$30K - $50K,1,5,6806,1878
,,,,,,27/05/2012 Total,,1,5,6806,1878
,,,,,,04/07/2012,$10K - $30K,1,3,9710,2327
,,,,,,04/07/2012 Total,,1,3,9710,2327
,,,,,,13/09/2012,$30K - $50K,1,4,5014,3186
,,,,,,13/09/2012 Total,,1,4,5014,3186
,,,,,USA Total,,,6,23,34638,11604
,,,,CA Total,,,,6,23,34638,11604
,,,Beverly Hills Total,,,,,6,23,34638,11604
,,,Camacho,Zacatecas,Mexico,28/10/2013,$50K - $70K,1,3,5124,12833
,,,,,,28/10/2013 Total,,1,3,5124,12833
,,,,,Mexico Total,,,1,3,5124,12833
,,,,Zacatecas Total,,,,1,3,5124,12833
,,,Camacho Total,,,,,1,3,5124,12833
,,,Hidalgo,Zacatecas,Mexico,08/01/2013,$10K - $30K,1,5,2510,4909
,,,,,,08/01/2013 Total,,1,5,2510,4909
,,,,,,26/01/2013,$30K - $50K,1,3,1770,5362
,,,,,,26/01/2013 Total,,1,3,1770,5362
,,,,,,15/03/2013,$110K - $130K,1,2,4225,6690
,,,,,,15/03/2013 Total,,1,2,4225,6690
,,,,,,01/08/2013,$110K - $130K,1,2,4225,10460
,,,,,,01/08/2013 Total,,1,2,4225,10460
,,,,,,22/09/2013,$30K - $50K,1,6,7261,11848
,,,,,,22/09/2013 Total,,1,6,7261,11848
,,,,,,10/10/2013,$30K - $50K,1,3,4419,12321
,,,,,,10/10/2013 Total,,1,3,4419,12321
,,,,,Mexico Total,,,6,21,24410,51590
,,,,Zacatecas Total,,,,6,21,24410,51590
,,,Hidalgo Total,,,,,6,21,24410,51590
,,,Los Angeles,CA,USA,22/03/2012,$30K - $50K,1,5,7775,962
,,,,,,22/03/2012 Total,,1,5,7775,962
,,,,,,28/03/2012,$10K - $30K,1,5,551,1055
,,,,,,28/03/2012 Total,,1,5,551,1055
,,,,,,11/08/2012,$10K - $30K,1,4,170,2792
,,,,,,11/08/2012 Total,,1,4,170,2792
,,,,,,03/09/2013,$10K - $30K,1,4,9770,11314
,,,,,,03/09/2013 Total,,1,4,9770,11314
,,,,,USA Total,,,4,18,18266,16123
,,,,CA Total,,,,4,18,18266,16123
,,,Los Angeles Total,,,,,4,18,18266,16123
,,,Merida,Yucatan,Mexico,03/08/2013,$10K - $30K,1,5,6464,10510
,,,,,,03/08/2013 Total,,1,5,6464,10510
,,,,,,28/09/2013,$30K - $50K,1,6,9610,12021
,,,,,,28/09/2013 Total,,1,6,9610,12021
,,,,,Mexico Total,,,2,11,16074,22531
,,,,Yucatan Total,,,,2,11,16074,22531
,,,Merida Total,,,,,2,11,16074,22531
,,,Mexico City,DF,Mexico,15/11/2013,$10K - $30K,1,3,3206,13361
,,,,,,15/11/2013 Total,,1,3,3206,13361
,,,,,Mexico Total,,,1,3,3206,13361
,,,,DF Total,,,,1,3,3206,13361
,,,Mexico City Total,,,,,1,3,3206,13361
,,,Portland,OR,USA,26/05/2012,$50K - $70K,1,3,1378,1865
,,,,,,26/05/2012 Total,,1,3,1378,1865
,,,,,,23/06/2013,$10K - $30K,1,3,9331,9387
,,,,,,23/06/2013 Total,,1,3,9331,9387
,,,,,,17/11/2013,$50K - $70K,1,4,5715,13421
,,,,,,17/11/2013 Total,,1,4,5715,13421
,,,,,,18/11/2013,$10K - $30K,1,5,573,13434
,,,,,,18/11/2013 Total,,1,5,573,13434
,,,,,,02/12/2013,$10K - $30K,1,3,3319,13778
,,,,,,02/12/2013 Total,,1,3,3319,13778
,,,,,USA Total,,,5,18,20316,51885
,,,,OR Total,,,,5,18,20316,51885
,,,Portland Total,,,,,5,18,20316,51885
,,,Salem,OR,USA,12/12/2012,$90K - $110K,1,4,1153,4367
,,,,,,12/12/2012 Total,,1,4,1153,4367
,,,,,,31/05/2013,$30K - $50K,1,5,5909,8761
,,,,,,31/05/2013 Total,,1,5,5909,8761
,,,,,,02/12/2013,$110K - $130K,1,5,5610,13761
,,,,,,02/12/2013 Total,,1,5,5610,13761
,,,,,USA Total,,,3,14,12672,26889
,,,,OR Total,,,,3,14,12672,26889
,,,Salem Total,,,,,3,14,12672,26889
,,,San Andres,DF,Mexico,25/01/2013,$50K - $70K,1,4,6923,5328
,,,,,,25/01/2013 Total,,1,4,6923,5328
,,,,,,03/02/2013,$50K - $70K,1,3,7452,5588
,,,,,,03/02/2013 Total,,1,3,7452,5588
,,,,,,07/02/2013,$50K - $70K,1,5,6010,5694
,,,,,,07/02/2013 Total,,1,5,6010,5694
,,,,,,31/03/2013,$30K - $50K,1,3,3961,7115
,,,,,,31/03/2013 Total,,1,3,3961,7115
,,,,,,17/07/2013,$30K - $50K,1,5,5457,10077
,,,,,,17/07/2013 Total,,1,5,5457,10077
,,,,,Mexico Total,,,5,20,29803,33802
,,,,DF Total,,,,5,20,29803,33802
,,,San Andres Total,,,,,5,20,29803,33802
,,,San Diego,CA,USA,09/05/2012,$30K - $50K,1,4,6692,1652
,,,,,,09/05/2012 Total,,1,4,6692,1652
,,,,,,05/06/2012,$70K - $90K,1,3,2929,1996
,,,,,,05/06/2012 Total,,1,3,2929,1996
,,,,,USA Total,,,2,7,9621,3648
,,,,CA Total,,,,2,7,9621,3648
,,,San Diego Total,,,,,2,7,9621,3648
,,,Seattle,WA,USA,28/01/2012,$50K - $70K,1,4,3092,254
,,,,,,28/01/2012 Total,,1,4,3092,254
,,,,,,14/10/2012,$50K - $70K,1,4,7689,3575
,,,,,,14/10/2012 Total,,1,4,7689,3575
,,,,,,16/11/2012,$50K - $70K,1,5,565,3986
,,,,,,16/11/2012 Total,,1,5,565,3986
,,,,,,26/01/2013,$30K - $50K,1,4,1130,5354
,,,,,,26/01/2013 Total,,1,4,1130,5354
,,,,,,18/04/2013,$30K - $50K,1,3,9337,7563
,,,,,,18/04/2013 Total,,1,3,9337,7563
,,,,,,20/08/2013,$50K - $70K,1,4,1466,10958
,,,,,,20/08/2013 Total,,1,4,1466,10958
,,,,,USA Total,,,6,24,23279,31690
,,,,WA Total,,,,6,24,23279,31690
,,,Seattle Total,,,,,6,24,23279,31690
,,,Spokane,WA,USA,03/07/2012,$30K - $50K,1,5,4397,2319
,,,,,,03/07/2012 Total,,1,5,4397,2319
,,,,,USA Total,,,1,5,4397,2319
,,,,WA Total,,,,1,5,4397,2319
,,,Spokane Total,,,,,1,5,4397,2319
,,,Tacoma,WA,USA,18/03/2012,$30K - $50K,1,5,4670,902
,,,,,,18/03/2012 Total,,1,5,4670,902
,,,,,,29/06/2012,$30K - $50K,1,3,4497,2277
,,,,,,29/06/2012 Total,,1,3,4497,2277
,,,,,,14/10/2012,$50K - $70K,1,5,4364,3573
,,,,,,14/10/2012 Total,,1,5,4364,3573
,,,,,,21/01/2013,$70K - $90K,1,3,8189,5222
,,,,,,21/01/2013 Total,,1,3,8189,5222
,,,,,,25/03/2013,$10K - $30K,1,4,5820,6938
,,,,,,25/03/2013 Total,,1,4,5820,6938
,,,,,USA Total,,,5,20,27540,18912
,,,,WA Total,,,,5,20,27540,18912
,,,Tacoma Total,,,,,5,20,27540,18912
,,,Vancouver,BC,Canada,04/08/2013,$30K - $50K,1,4,9093,10541
,,,,,,04/08/2013 Total,,1,4,9093,10541
,,,,,,06/11/2013,$110K - $130K,1,6,1116,13112
,,,,,,06/11/2013 Total,,1,6,1116,13112
,,,,,Canada Total,,,2,10,10209,23653
,,,,BC Total,,,,2,10,10209,23653
,,,Vancouver Total,,,,,2,10,10209,23653
,,,Victoria,BC,Canada,22/02/2013,$30K - $50K,1,3,2967,6101
,,,,,,22/02/2013 Total,,1,3,2967,6101
,,,,,Canada Total,,,1,3,2967,6101
,,,,BC Total,,,,1,3,2967,6101
,,,Victoria Total,,,,,1,3,2967,6101
,,S Total,,,,,,52,205,247690,349517
,M Total,,,,,,,100,405,514752,701689
Magazines Total,,,,,,,,202,815,995561,1380254
Meat,F,M,Acapulco,Guerrero,Mexico,08/07/2013,$90K - $110K,1,6,2094,9794
,,,,,,08/07/2013 Total,,1,6,2094,9794
,,,,,,21/08/2013,$10K - $30K,1,2,680,10973
,,,,,,21/08/2013 Total,,1,2,680,10973
,,,,,,06/10/2013,$30K - $50K,1,6,9954,12229
,,,,,,06/10/2013 Total,,1,6,9954,12229
,,,,,Mexico Total,,,3,14,12728,32996
,,,,Guerrero Total,,,,3,14,12728,32996
,,,Acapulco Total,,,,,3,14,12728,32996
,,,Bellingham,WA,USA,31/01/2012,$130K - $150K,1,4,4217,288
,,,,,,31/01/2012 Total,,1,4,4217,288
,,,,,,20/03/2012,$50K - $70K,1,3,7961,929
,,,,,,20/03/2012 Total,,1,3,7961,929
,,,,,,26/05/2012,$10K - $30K,1,3,9933,1872
,,,,,,26/05/2012 Total,,1,3,9933,1872
,,,,,USA Total,,,3,10,22111,3089
,,,,WA Total,,,,3,10,22111,3089
,,,Bellingham Total,,,,,3,10,22111,3089
,,,Beverly Hills,CA,USA,01/05/2012,$10K - $30K,1,3,553,1538
,,,,,,01/05/2012 Total,,1,3,553,1538
,,,,,,13/11/2012,$10K - $30K,1,3,8730,3935
,,,,,,13/11/2012 Total,,1,3,8730,3935
,,,,,,19/11/2012,$30K - $50K,1,6,6788,4032
,,,,,,19/11/2012 Total,,1,6,6788,4032
,,,,,,18/08/2013,$50K - $70K,1,3,8119,10910
,,,,,,18/08/2013 Total,,1,3,8119,10910
,,,,,,06/11/2013,$10K - $30K,1,5,5913,13089
,,,,,,06/11/2013 Total,,1,5,5913,13089
,,,,,,11/12/2013,$10K - $30K,1,4,2530,13908
,,,,,,11/12/2013 Total,,1,4,2530,13908
,,,,,USA Total,,,6,24,32633,47412
,,,,CA Total,,,,6,24,32633,47412
,,,Beverly Hills Total,,,,,6,24,32633,47412
,,,Bremerton,WA,USA,14/01/2012,$150K +,1,3,3593,110
,,,,,,14/01/2012 Total,,1,3,3593,110
,,,,,,26/01/2012,$30K - $50K,1,3,2878,221
,,,,,,26/01/2012 Total,,1,3,2878,221
,,,,,,03/02/2012,$10K - $30K,1,3,7056,340
,,,,,,03/02/2012 Total,,1,3,7056,340
,,,,,,08/09/2012,$50K - $70K,1,4,3124,3126
,,,,,,08/09/2012 Total,,1,4,3124,3126
,,,,,,03/11/2012,$30K - $50K,1,2,4436,3812
,,,,,,03/11/2012 Total,,1,2,4436,3812
,,,,,,07/11/2012,$30K - $50K,1,5,1442,3871
,,,,,,07/11/2012 Total,,1,5,1442,3871
,,,,,,16/03/2013,$10K - $30K,1,3,5744,6731
,,,,,,16/03/2013 Total,,1,3,5744,6731
,,,,,,01/09/2013,$30K - $50K,1,4,1442,11289
,,,,,,01/09/2013 Total,,1,4,1442,11289
,,,,,USA Total,,,8,27,29715,29500
,,,,WA Total,,,,8,27,29715,29500
,,,Bremerton Total,,,,,8,27,29715,29500
,,,Camacho,Zacatecas,Mexico,13/01/2013,$70K - $90K,1,5,5872,5025
,,,,,,13/01/2013 Total,,1,5,5872,5025
,,,,,,05/03/2013,$70K - $90K,1,4,9766,6425
,,,,,,05/03/2013 Total,,1,4,9766,6425
,,,,,,11/04/2013,$30K - $50K,1,6,4003,7398
,,,,,,11/04/2013 Total,,1,6,4003,7398
,,,,,,30/05/2013,$130K - $150K,1,5,3174,8742
,,,,,,30/05/2013 Total,,1,5,3174,8742
,,,,,,31/05/2013,$70K - $90K,1,4,5712,8782
,,,,,,31/05/2013 Total,,1,4,5712,8782
,,,,,,23/06/2013,$110K - $130K,1,6,2175,9384
,,,,,,23/06/2013 Total,,1,6,2175,9384
,,,,,,09/08/2013,$30K - $50K,1,2,2646,10655
,,,,,,09/08/2013 Total,,1,2,2646,10655
,,,,,,26/08/2013,$30K - $50K,1,4,1038,11103
,,,,,,26/08/2013 Total,,1,4,1038,11103
,,,,,,22/09/2013,$110K - $130K,1,4,2175,11819
,,,,,,22/09/2013 Total,,1,4,2175,11819
,,,,,,20/10/2013,$10K - $30K,1,4,4001,12607
,,,,,,20/10/2013 Total,,1,4,4001,12607
,,,,,,24/10/2013,$70K - $90K,1,4,5872,12714
,,,,,,24/10/2013 Total,,1,4,5872,12714
,,,,,,14/11/2013,$10K - $30K,1,5,8564,13342
,,,,,,14/11/2013 Total,,1,5,8564,13342
,,,,,Mexico Total,,,12,53,54998,117996
,,,,Zacatecas Total,,,,12,53,54998,117996
,,,Camacho Total,,,,,12,53,54998,117996
,,,Guadalajara,Jalisco,Mexico,18/04/2013,$10K - $30K,1,2,3953,7573
,,,,,,18/04/2013 Total,,1,2,3953,7573
,,,,,Mexico Total,,,1,2,3953,7573
,,,,Jalisco Total,,,,1,2,3953,7573
,,,Guadalajara Total,,,,,1,2,3953,7573
,,,Hidalgo,Zacatecas,Mexico,24/12/2012,$70K - $90K,1,3,7977,4576
,,,,,,24/12/2012 Total,,1,3,7977,4576
,,,,,,08/01/2013,$70K - $90K,1,2,8169,4920
,,,,,,08/01/2013 Total,,1,2,8169,4920
,,,,,,25/01/2013,$70K - $90K,1,5,8169,5327
,,,,,,25/01/2013 Total,,1,5,8169,5327
,,,,,,27/01/2013,$70K - $90K,1,5,8169,5375
,,,,,,27/01/2013 Total,,1,5,8169,5375
,,,,,,03/02/2013,$10K - $30K,1,3,1787,5565
,,,,,,03/02/2013 Total,,1,3,1787,5565
,,,,,,05/03/2013,$10K - $30K,1,5,9644,6435
,,,,,,05/03/2013 Total,,1,5,9644,6435
,,,,,,23/04/2013,$10K - $30K,1,3,1444,7736
,,,,,,23/04/2013 Total,,1,3,1444,7736
,,,,,,29/06/2013,$30K - $50K,1,4,4620,9537
,,,,,,29/06/2013 Total,,1,4,4620,9537
,,,,,,12/07/2013,$70K - $90K,1,4,8169,9924
,,,,,,12/07/2013 Total,,1,4,8169,9924
,,,,,,02/08/2013,$10K - $30K,1,5,3495,10474
,,,,,,02/08/2013 Total,,1,5,3495,10474
,,,,,,04/08/2013,$10K - $30K,1,3,2310,10543
,,,,,,04/08/2013 Total,,1,3,2310,10543
,,,,,,21/08/2013,$30K - $50K,1,4,4620,10982
,,,,,,21/08/2013 Total,,1,4,4620,10982
,,,,,,24/08/2013,$10K - $30K,1,5,1259,11056
,,,,,,24/08/2013 Total,,1,5,1259,11056
,,,,,,04/09/2013,$50K - $70K,1,5,6227,11345
,,,,,,04/09/2013 Total,,1,5,6227,11345
,,,,,,09/09/2013,$30K - $50K,1,3,7134,11486
,,,,,,09/09/2013 Total,,1,3,7134,11486
,,,,,,19/09/2013,$30K - $50K,1,4,5114,11740
,,,,,,19/09/2013 Total,,1,4,5114,11740
,,,,,,21/09/2013,$130K - $150K,1,3,8522,11800
,,,,,,21/09/2013 Total,,1,3,8522,11800
,,,,,,30/10/2013,$50K - $70K,1,5,6227,12891
,,,,,,30/10/2013 Total,,1,5,6227,12891
,,,,,,25/11/2013,$70K - $90K,1,5,8169,13597
,,,,,,25/11/2013 Total,,1,5,8169,13597
,,,,,Mexico Total,,,19,76,111225,175309
,,,,Zacatecas Total,,,,19,76,111225,175309
,,,Hidalgo Total,,,,,19,76,111225,175309
,,,Los Angeles,CA,USA,14/01/2012,$70K - $90K,1,3,4544,106
,,,,,,14/01/2012 Total,,1,3,4544,106
,,,,,,23/01/2012,$130K - $150K,1,6,363,198
,,,,,,23/01/2012 Total,,1,6,363,198
,,,,,,10/03/2012,$30K - $50K,1,5,7714,776
,,,,,,10/03/2012 Total,,1,5,7714,776
,,,,,,29/07/2012,$50K - $70K,1,3,9633,2634
,,,,,,29/07/2012 Total,,1,3,9633,2634
,,,,,,04/09/2012,$110K - $130K,1,5,3946,3079
,,,,,,04/09/2012 Total,,1,5,3946,3079
,,,,,,04/12/2012,$50K - $70K,1,3,7181,4250
,,,,,,04/12/2012 Total,,1,3,7181,4250
,,,,,,02/01/2013,$90K - $110K,1,4,4855,4759
,,,,,,02/01/2013 Total,,1,4,4855,4759
,,,,,,10/02/2013,$10K - $30K,1,3,8394,5770
,,,,,,10/02/2013 Total,,1,3,8394,5770
,,,,,,25/02/2013,$50K - $70K,1,5,7033,6201
,,,,,,25/02/2013 Total,,1,5,7033,6201
,,,,,,01/04/2013,$10K - $30K,1,4,5913,7124
,,,,,,01/04/2013 Total,,1,4,5913,7124
,,,,,,19/04/2013,$10K - $30K,1,6,7672,7586
,,,,,,19/04/2013 Total,,1,6,7672,7586
,,,,,,27/04/2013,$30K - $50K,1,3,6808,7815
,,,,,,27/04/2013 Total,,1,3,6808,7815
,,,,,,04/07/2013,$10K - $30K,1,3,8645,9690
,,,,,,04/07/2013 Total,,1,3,8645,9690
,,,,,,31/08/2013,$10K - $30K,1,4,955,11255
,,,,,,31/08/2013 Total,,1,4,955,11255
,,,,,,10/11/2013,$50K - $70K,1,3,364,13214
,,,,,,10/11/2013 Total,,1,3,364,13214
,,,,,USA Total,,,15,60,84020,84457
,,,,CA Total,,,,15,60,84020,84457
,,,Los Angeles Total,,,,,15,60,84020,84457
,,,Merida,Yucatan,Mexico,02/02/2013,$50K - $70K,1,6,298,5532
,,,,,,02/02/2013 Total,,1,6,298,5532
,,,,,,05/02/2013,$130K - $150K,1,3,8775,5652
,,,,,,05/02/2013 Total,,1,3,8775,5652
,,,,,,10/03/2013,$130K - $150K,1,3,8775,6547
,,,,,,10/03/2013 Total,,1,3,8775,6547
,,,,,,15/03/2013,$10K - $30K,1,6,7356,6686
,,,,,,15/03/2013 Total,,1,6,7356,6686
,,,,,,01/04/2013,$30K - $50K,1,2,5851,7123
,,,,,,01/04/2013 Total,,1,2,5851,7123
,,,,,,15/07/2013,$70K - $90K,1,5,9844,10020
,,,,,,15/07/2013 Total,,1,5,9844,10020
,,,,,,26/07/2013,$130K - $150K,1,5,5559,10290
,,,,,,26/07/2013 Total,,1,5,5559,10290
,,,,,,30/07/2013,$30K - $50K,1,4,5481,10411
,,,,,,30/07/2013 Total,,1,4,5481,10411
,,,,,,16/09/2013,$70K - $90K,1,5,8592,11678
,,,,,,16/09/2013 Total,,1,5,8592,11678
,,,,,,18/09/2013,$30K - $50K,1,2,5481,11729
,,,,,,18/09/2013 Total,,1,2,5481,11729
,,,,,,02/10/2013,$70K - $90K,1,2,6075,12131
,,,,,,02/10/2013 Total,,1,2,6075,12131
,,,,,,13/12/2013,$70K - $90K,1,3,9625,13933
,,,,,,13/12/2013 Total,,1,3,9625,13933
,,,,,Mexico Total,,,12,46,81712,111732
,,,,Yucatan Total,,,,12,46,81712,111732
,,,Merida Total,,,,,12,46,81712,111732
,,,Mexico City,DF,Mexico,15/03/2013,$130K - $150K,1,5,8708,6676
,,,,,,15/03/2013 Total,,1,5,8708,6676
,,,,,Mexico Total,,,1,5,8708,6676
,,,,DF Total,,,,1,5,8708,6676
,,,Mexico City Total,,,,,1,5,8708,6676
,,,Orizaba,Veracruz,Mexico,24/01/2013,$30K - $50K,1,4,1425,5294
,,,,,,24/01/2013 Total,,1,4,1425,5294
,,,,,,06/02/2013,$10K - $30K,1,6,1590,5655
,,,,,,06/02/2013 Total,,1,6,1590,5655
,,,,,,10/02/2013,$70K - $90K,1,6,4198,5782
,,,,,,10/02/2013 Total,,1,6,4198,5782
,,,,,,20/02/2013,$30K - $50K,1,5,5071,6070
,,,,,,20/02/2013 Total,,1,5,5071,6070
,,,,,,15/05/2013,$30K - $50K,1,3,4284,8333
,,,,,,15/05/2013 Total,,1,3,4284,8333
,,,,,,05/06/2013,$30K - $50K,1,4,4284,8904
,,,,,,05/06/2013 Total,,1,4,4284,8904
,,,,,,12/07/2013,$30K - $50K,1,4,3601,9903
,,,,,,12/07/2013 Total,,1,4,3601,9903
,,,,,,16/07/2013,$30K - $50K,1,4,5071,10023
,,,,,,16/07/2013 Total,,1,4,5071,10023
,,,,,,21/08/2013,$50K - $70K,1,7,3762,10984
,,,,,,21/08/2013 Total,,1,7,3762,10984
,,,,,,25/08/2013,$30K - $50K,1,6,1425,11091
,,,,,,25/08/2013 Total,,1,6,1425,11091
,,,,,,02/11/2013,$130K - $150K,1,4,7146,12991
,,,,,,02/11/2013 Total,,1,4,7146,12991
,,,,,,10/11/2013,$30K - $50K,1,5,1425,13211
,,,,,,10/11/2013 Total,,1,5,1425,13211
,,,,,,20/11/2013,$30K - $50K,1,4,8821,13491
,,,,,,20/11/2013 Total,,1,4,8821,13491
,,,,,Mexico Total,,,13,62,52103,121732
,,,,Veracruz Total,,,,13,62,52103,121732
,,,Orizaba Total,,,,,13,62,52103,121732
,,,Portland,OR,USA,25/06/2012,$70K - $90K,1,4,1839,2229
,,,,,,25/06/2012 Total,,1,4,1839,2229
,,,,,,26/11/2012,$30K - $50K,1,3,6084,4126
,,,,,,26/11/2012 Total,,1,3,6084,4126
,,,,,,30/11/2012,$110K - $130K,1,5,8146,4182
,,,,,,30/11/2012 Total,,1,5,8146,4182
,,,,,,11/01/2013,$30K - $50K,1,5,2024,4984
,,,,,,11/01/2013 Total,,1,5,2024,4984
,,,,,,09/05/2013,$50K - $70K,1,4,2846,8167
,,,,,,09/05/2013 Total,,1,4,2846,8167
,,,,,,07/09/2013,$30K - $50K,1,3,662,11420
,,,,,,07/09/2013 Total,,1,3,662,11420
,,,,,,01/10/2013,$70K - $90K,1,3,4080,12106
,,,,,,01/10/2013 Total,,1,3,4080,12106
,,,,,,21/12/2013,$30K - $50K,1,4,7818,14005
,,,,,,21/12/2013 Total,,1,4,7818,14005
,,,,,USA Total,,,8,31,33499,61219
,,,,OR Total,,,,8,31,33499,61219
,,,Portland Total,,,,,8,31,33499,61219
,,,Salem,OR,USA,29/12/2011,$10K - $30K,1,4,4543,24
,,,,,,29/12/2011 Total,,1,4,4543,24
,,,,,,22/01/2012,$30K - $50K,1,3,8291,183
,,,,,,22/01/2012 Total,,1,3,8291,183
,,,,,,27/01/2012,$30K - $50K,1,6,3388,240
,,,,,,27/01/2012 Total,,1,6,3388,240
,,,,,,03/02/2012,$110K - $130K,1,5,190,330
,,,,,,03/02/2012 Total,,1,5,190,330
,,,,,,16/02/2012,$30K - $50K,1,5,5899,492
,,,,,,16/02/2012 Total,,1,5,5899,492
,,,,,,27/02/2012,$10K - $30K,1,5,9871,611
,,,,,,27/02/2012 Total,,1,5,9871,611
,,,,,,20/06/2012,$10K - $30K,1,6,7359,2151
,,,,,,20/06/2012 Total,,1,6,7359,2151
,,,,,,06/08/2012,$10K - $30K,1,4,3681,2732
,,,,,,06/08/2012 Total,,1,4,3681,2732
,,,,,,06/09/2012,$90K - $110K,1,4,484,3102
,,,,,,06/09/2012 Total,,1,4,484,3102
,,,,,,12/11/2012,$70K - $90K,1,5,3153,3926
,,,,,,12/11/2012 Total,,1,5,3153,3926
,,,,,,29/11/2012,$50K - $70K,1,4,3423,4172
,,,,,,29/11/2012 Total,,1,4,3423,4172
,,,,,,28/01/2013,$30K - $50K,1,6,188,5392
,,,,,,28/01/2013 Total,,1,6,188,5392
,,,,,,16/02/2013,$30K - $50K,1,2,9256,5953
,,,,,,16/02/2013 Total,,1,2,9256,5953
,,,,,,04/03/2013,$30K - $50K,1,4,10145,6397
,,,,,,04/03/2013 Total,,1,4,10145,6397
,,,,,,14/03/2013,$10K - $30K,1,5,2656,6667
,,,,,,14/03/2013 Total,,1,5,2656,6667
,,,,,,19/03/2013,$30K - $50K,1,3,3388,6786
,,,,,,,$50K - $70K,1,3,169,6797
,,,,,,19/03/2013 Total,,2,6,3557,13583
,,,,,,24/05/2013,$70K - $90K,1,4,893,8575
,,,,,,24/05/2013 Total,,1,4,893,8575
,,,,,,03/09/2013,$70K - $90K,1,2,6350,11329
,,,,,,03/09/2013 Total,,1,2,6350,11329
,,,,,,13/09/2013,$110K - $130K,1,5,9788,11592
,,,,,,13/09/2013 Total,,1,5,9788,11592
,,,,,,15/09/2013,$90K - $110K,1,5,4666,11637
,,,,,,15/09/2013 Total,,1,5,4666,11637
,,,,,,13/12/2013,$70K - $90K,1,4,9668,13937
,,,,,,13/12/2013 Total,,1,4,9668,13937
,,,,,USA Total,,,22,94,107449,113025
,,,,OR Total,,,,22,94,107449,113025
,,,Salem Total,,,,,22,94,107449,113025
,,,San Andres,DF,Mexico,05/05/2013,$30K - $50K,1,4,9108,8051
,,,,,,05/05/2013 Total,,1,4,9108,8051
,,,,,,23/05/2013,$70K - $90K,1,4,42,8544
,,,,,,23/05/2013 Total,,1,4,42,8544
,,,,,,03/06/2013,$30K - $50K,1,5,8510,8845
,,,,,,03/06/2013 Total,,1,5,8510,8845
,,,,,,09/06/2013,$70K - $90K,1,4,42,9008
,,,,,,09/06/2013 Total,,1,4,42,9008
,,,,,Mexico Total,,,4,17,17702,34448
,,,,DF Total,,,,4,17,17702,34448
,,,San Andres Total,,,,,4,17,17702,34448
,,,San Diego,CA,USA,23/09/2012,$70K - $90K,1,4,4792,3305
,,,,,,23/09/2012 Total,,1,4,4792,3305
,,,,,,12/05/2013,$30K - $50K,1,5,9533,8253
,,,,,,12/05/2013 Total,,1,5,9533,8253
,,,,,,14/05/2013,$10K - $30K,1,2,2384,8292
,,,,,,14/05/2013 Total,,1,2,2384,8292
,,,,,,21/08/2013,$90K - $110K,1,3,228,10980
,,,,,,21/08/2013 Total,,1,3,228,10980
,,,,,,08/10/2013,$30K - $50K,1,6,6635,12287
,,,,,,08/10/2013 Total,,1,6,6635,12287
,,,,,,26/11/2013,$10K - $30K,1,4,1469,13624
,,,,,,26/11/2013 Total,,1,4,1469,13624
,,,,,USA Total,,,6,24,25041,56741
,,,,CA Total,,,,6,24,25041,56741
,,,San Diego Total,,,,,6,24,25041,56741
,,,San Francisco,CA,USA,15/01/2012,$30K - $50K,1,2,3861,116
,,,,,,15/01/2012 Total,,1,2,3861,116
,,,,,,21/04/2012,$30K - $50K,1,5,3287,1407
,,,,,,21/04/2012 Total,,1,5,3287,1407
,,,,,,04/02/2013,$70K - $90K,1,4,4462,5616
,,,,,,04/02/2013 Total,,1,4,4462,5616
,,,,,,10/09/2013,$10K - $30K,1,3,3848,11517
,,,,,,10/09/2013 Total,,1,3,3848,11517
,,,,,USA Total,,,4,14,15458,18656
,,,,CA Total,,,,4,14,15458,18656
,,,San Francisco Total,,,,,4,14,15458,18656
,,,Seattle,WA,USA,07/03/2012,$50K - $70K,1,3,719,739
,,,,,,07/03/2012 Total,,1,3,719,739
,,,,,,18/03/2012,$130K - $150K,1,4,9612,886
,,,,,,18/03/2012 Total,,1,4,9612,886
,,,,,,16/05/2012,$70K - $90K,1,4,229,1743
,,,,,,16/05/2012 Total,,1,4,229,1743
,,,,,,19/03/2013,$150K +,1,4,7723,6783
,,,,,,19/03/2013 Total,,1,4,7723,6783
,,,,,,08/05/2013,$30K - $50K,1,5,7565,8143
,,,,,,08/05/2013 Total,,1,5,7565,8143
,,,,,,06/06/2013,$50K - $70K,1,4,7807,8947
,,,,,,06/06/2013 Total,,1,4,7807,8947
,,,,,,12/06/2013,$110K - $130K,1,3,9415,9098
,,,,,,12/06/2013 Total,,1,3,9415,9098
,,,,,,27/06/2013,$150K +,1,4,7968,9499
,,,,,,27/06/2013 Total,,1,4,7968,9499
,,,,,,12/12/2013,$50K - $70K,1,5,5905,13921
,,,,,,12/12/2013 Total,,1,5,5905,13921
,,,,,USA Total,,,9,36,56943,59759
,,,,WA Total,,,,9,36,56943,59759
,,,Seattle Total,,,,,9,36,56943,59759
,,,Spokane,WA,USA,29/07/2012,$50K - $70K,1,5,9797,2626
,,,,,,29/07/2012 Total,,1,5,9797,2626
,,,,,,04/08/2012,$70K - $90K,1,3,8511,2707
,,,,,,04/08/2012 Total,,1,3,8511,2707
,,,,,,11/08/2012,$130K - $150K,1,4,4868,2793
,,,,,,11/08/2012 Total,,1,4,4868,2793
,,,,,,24/09/2012,$50K - $70K,1,4,8275,3311
,,,,,,24/09/2012 Total,,1,4,8275,3311
,,,,,,27/09/2012,$130K - $150K,1,6,1491,3346
,,,,,,27/09/2012 Total,,1,6,1491,3346
,,,,,,19/11/2012,$10K - $30K,1,4,511,4025
,,,,,,19/11/2012 Total,,1,4,511,4025
,,,,,,01/02/2013,$10K - $30K,1,3,511,5521
,,,,,,01/02/2013 Total,,1,3,511,5521
,,,,,,02/02/2013,$30K - $50K,1,5,2201,5540
,,,,,,02/02/2013 Total,,1,5,2201,5540
,,,,,,07/03/2013,$130K - $150K,1,3,1491,6490
,,,,,,07/03/2013 Total,,1,3,1491,6490
,,,,,,11/06/2013,$30K - $50K,1,6,2201,9077
,,,,,,11/06/2013 Total,,1,6,2201,9077
,,,,,,08/10/2013,$30K - $50K,1,2,4676,12283
,,,,,,08/10/2013 Total,,1,2,4676,12283
,,,,,,12/10/2013,$30K - $50K,1,4,9263,12394
,,,,,,12/10/2013 Total,,1,4,9263,12394
,,,,,,21/10/2013,$10K - $30K,1,3,1310,12642
,,,,,,21/10/2013 Total,,1,3,1310,12642
,,,,,,14/11/2013,$70K - $90K,1,4,8511,13346
,,,,,,14/11/2013 Total,,1,4,8511,13346
,,,,,USA Total,,,14,56,63617,96101
,,,,WA Total,,,,14,56,63617,96101
,,,Spokane Total,,,,,14,56,63617,96101
,,,Tacoma,WA,USA,09/01/2012,$30K - $50K,1,3,2390,80
,,,,,,09/01/2012 Total,,1,3,2390,80
,,,,,,21/05/2012,$50K - $70K,1,5,9064,1803
,,,,,,21/05/2012 Total,,1,5,9064,1803
,,,,,,15/09/2012,$50K - $70K,1,4,6683,3218
,,,,,,15/09/2012 Total,,1,4,6683,3218
,,,,,,15/10/2012,$10K - $30K,1,3,3160,3586
,,,,,,15/10/2012 Total,,1,3,3160,3586
,,,,,,24/10/2012,$30K - $50K,1,5,9734,3682
,,,,,,24/10/2012 Total,,1,5,9734,3682
,,,,,,13/11/2012,$10K - $30K,1,6,8281,3929
,,,,,,13/11/2012 Total,,1,6,8281,3929
,,,,,,15/11/2012,$10K - $30K,1,6,8551,3965
,,,,,,15/11/2012 Total,,1,6,8551,3965
,,,,,,14/01/2013,$10K - $30K,1,3,6208,5035
,,,,,,14/01/2013 Total,,1,3,6208,5035
,,,,,,17/01/2013,$70K - $90K,1,5,3334,5117
,,,,,,17/01/2013 Total,,1,5,3334,5117
,,,,,,23/02/2013,$50K - $70K,1,3,5962,6164
,,,,,,23/02/2013 Total,,1,3,5962,6164
,,,,,,27/04/2013,$30K - $50K,1,4,711,7817
,,,,,,27/04/2013 Total,,1,4,711,7817
,,,,,,01/06/2013,$50K - $70K,1,4,1556,8806
,,,,,,01/06/2013 Total,,1,4,1556,8806
,,,,,,16/11/2013,$30K - $50K,1,5,1004,13385
,,,,,,16/11/2013 Total,,1,5,1004,13385
,,,,,USA Total,,,13,56,66638,66587
,,,,WA Total,,,,13,56,66638,66587
,,,Tacoma Total,,,,,13,56,66638,66587
,,,Vancouver,BC,Canada,22/05/2013,$30K - $50K,1,4,7412,8520
,,,,,,22/05/2013 Total,,1,4,7412,8520
,,,,,,12/06/2013,$30K - $50K,1,5,3256,9091
,,,,,,12/06/2013 Total,,1,5,3256,9091
,,,,,,06/07/2013,$10K - $30K,1,5,8688,9735
,,,,,,06/07/2013 Total,,1,5,8688,9735
,,,,,,26/07/2013,$110K - $130K,1,4,7630,10286
,,,,,,26/07/2013 Total,,1,4,7630,10286
,,,,,,22/10/2013,$30K - $50K,1,3,345,12667
,,,,,,22/10/2013 Total,,1,3,345,12667
,,,,,,24/11/2013,$30K - $50K,1,5,7412,13573
,,,,,,24/11/2013 Total,,1,5,7412,13573
,,,,,,03/12/2013,$30K - $50K,1,6,4652,13792
,,,,,,03/12/2013 Total,,1,6,4652,13792
,,,,,,08/12/2013,$30K - $50K,1,4,4598,13863
,,,,,,08/12/2013 Total,,1,4,4598,13863
,,,,,,11/12/2013,$50K - $70K,1,5,5718,13915
,,,,,,11/12/2013 Total,,1,5,5718,13915
,,,,,,13/12/2013,$110K - $130K,1,5,6615,13936
,,,,,,13/12/2013 Total,,1,5,6615,13936
,,,,,Canada Total,,,10,46,56326,119378
,,,,BC Total,,,,10,46,56326,119378
,,,Vancouver Total,,,,,10,46,56326,119378
,,,Victoria,BC,Canada,04/03/2013,$30K - $50K,1,4,8097,6412
,,,,,,04/03/2013 Total,,1,4,8097,6412
,,,,,,21/06/2013,$70K - $90K,1,5,3119,9352
,,,,,,21/06/2013 Total,,1,5,3119,9352
,,,,,,13/10/2013,$70K - $90K,1,4,731,12423
,,,,,,13/10/2013 Total,,1,4,731,12423
,,,,,Canada Total,,,3,13,11947,28187
,,,,BC Total,,,,3,13,11947,28187
,,,Victoria Total,,,,,3,13,11947,28187
,,,Walla Walla,WA,USA,29/11/2013,$110K - $130K,1,3,7382,13687
,,,,,,29/11/2013 Total,,1,3,7382,13687
,,,,,USA Total,,,1,3,7382,13687
,,,,WA Total,,,,1,3,7382,13687
,,,Walla Walla Total,,,,,1,3,7382,13687
,,,Yakima,WA,USA,11/03/2012,$50K - $70K,1,5,5707,787
,,,,,,11/03/2012 Total,,1,5,5707,787
,,,,,,26/03/2012,$10K - $30K,1,5,2032,1012
,,,,,,26/03/2012 Total,,1,5,2032,1012
,,,,,,04/06/2012,$70K - $90K,1,3,9169,1978
,,,,,,04/06/2012 Total,,1,3,9169,1978
,,,,,,02/10/2012,$30K - $50K,1,3,5999,3403
,,,,,,02/10/2012 Total,,1,3,5999,3403
,,,,,,13/10/2012,$70K - $90K,1,5,2547,3567
,,,,,,13/10/2012 Total,,1,5,2547,3567
,,,,,,03/06/2013,$50K - $70K,1,4,400,8844
,,,,,,03/06/2013 Total,,1,4,400,8844
,,,,,USA Total,,,6,25,25854,19591
,,,,WA Total,,,,6,25,25854,19591
,,,Yakima Total,,,,,6,25,25854,19591
,,M Total,,,,,,193,794,981762,1425851
,,S,Acapulco,Guerrero,Mexico,17/01/2013,$10K - $30K,1,4,3613,5125
,,,,,,17/01/2013 Total,,1,4,3613,5125
,,,,,,02/02/2013,$90K - $110K,1,6,6263,5555
,,,,,,02/02/2013 Total,,1,6,6263,5555
,,,,,,10/02/2013,$30K - $50K,1,4,8943,5765
,,,,,,10/02/2013 Total,,1,4,8943,5765
,,,,,,25/02/2013,$10K - $30K,1,5,2434,6221
,,,,,,25/02/2013 Total,,1,5,2434,6221
,,,,,,06/03/2013,$70K - $90K,1,5,2622,6444
,,,,,,06/03/2013 Total,,1,5,2622,6444
,,,,,,26/12/2013,$50K - $70K,1,4,4698,14040
,,,,,,26/12/2013 Total,,1,4,4698,14040
,,,,,Mexico Total,,,6,28,28573,43150
,,,,Guerrero Total,,,,6,28,28573,43150
,,,Acapulco Total,,,,,6,28,28573,43150
,,,Bellingham,WA,USA,05/04/2013,$10K - $30K,1,3,5110,7235
,,,,,,05/04/2013 Total,,1,3,5110,7235
,,,,,,24/05/2013,$30K - $50K,1,2,3211,8582
,,,,,,24/05/2013 Total,,1,2,3211,8582
,,,,,USA Total,,,2,5,8321,15817
,,,,WA Total,,,,2,5,8321,15817
,,,Bellingham Total,,,,,2,5,8321,15817
,,,Beverly Hills,CA,USA,14/03/2012,$30K - $50K,1,5,4534,844
,,,,,,14/03/2012 Total,,1,5,4534,844
,,,,,,09/04/2012,$150K +,1,6,5347,1229
,,,,,,09/04/2012 Total,,1,6,5347,1229
,,,,,,12/08/2012,$30K - $50K,1,3,4232,2801
,,,,,,12/08/2012 Total,,1,3,4232,2801
,,,,,,21/10/2013,$10K - $30K,1,3,10209,12649
,,,,,,21/10/2013 Total,,1,3,10209,12649
,,,,,,19/11/2013,$10K - $30K,1,5,7599,13464
,,,,,,19/11/2013 Total,,1,5,7599,13464
,,,,,USA Total,,,5,22,31921,30987
,,,,CA Total,,,,5,22,31921,30987
,,,Beverly Hills Total,,,,,5,22,31921,30987
,,,Bremerton,WA,USA,27/01/2012,$130K - $150K,1,3,997,242
,,,,,,27/01/2012 Total,,1,3,997,242
,,,,,,18/04/2012,$150K +,1,5,760,1355
,,,,,,18/04/2012 Total,,1,5,760,1355
,,,,,,04/06/2012,$10K - $30K,1,2,3787,1988
,,,,,,04/06/2012 Total,,1,2,3787,1988
,,,,,,18/07/2012,$10K - $30K,1,3,878,2510
,,,,,,18/07/2012 Total,,1,3,878,2510
,,,,,,27/09/2012,$10K - $30K,1,3,878,3343
,,,,,,27/09/2012 Total,,1,3,878,3343
,,,,,,04/10/2012,$10K - $30K,1,3,2507,3438
,,,,,,04/10/2012 Total,,1,3,2507,3438
,,,,,,18/10/2012,$30K - $50K,1,4,1282,3617
,,,,,,18/10/2012 Total,,1,4,1282,3617
,,,,,,10/01/2013,$70K - $90K,1,6,8202,4949
,,,,,,10/01/2013 Total,,1,6,8202,4949
,,,,,,02/02/2013,$10K - $30K,1,4,878,5541
,,,,,,02/02/2013 Total,,1,4,878,5541
,,,,,,23/02/2013,$90K - $110K,1,5,753,6133
,,,,,,23/02/2013 Total,,1,5,753,6133
,,,,,,28/03/2013,$30K - $50K,1,3,1070,7026
,,,,,,28/03/2013 Total,,1,3,1070,7026
,,,,,,18/07/2013,$130K - $150K,1,3,10240,10086
,,,,,,18/07/2013 Total,,1,3,10240,10086
,,,,,,15/09/2013,$50K - $70K,1,2,8966,11630
,,,,,,15/09/2013 Total,,1,2,8966,11630
,,,,,USA Total,,,13,46,41198,61858
,,,,WA Total,,,,13,46,41198,61858
,,,Bremerton Total,,,,,13,46,41198,61858
,,,Camacho,Zacatecas,Mexico,24/02/2013,$110K - $130K,1,3,286,6199
,,,,,,24/02/2013 Total,,1,3,286,6199
,,,,,,16/03/2013,$50K - $70K,1,6,8405,6729
,,,,,,16/03/2013 Total,,1,6,8405,6729
,,,,,,16/04/2013,$30K - $50K,1,4,510,7510
,,,,,,16/04/2013 Total,,1,4,510,7510
,,,,,,17/05/2013,$50K - $70K,1,4,8405,8386
,,,,,,17/05/2013 Total,,1,4,8405,8386
,,,,,,03/07/2013,$110K - $130K,1,5,286,9665
,,,,,,03/07/2013 Total,,1,5,286,9665
,,,,,,18/07/2013,$10K - $30K,1,3,7593,10087
,,,,,,18/07/2013 Total,,1,3,7593,10087
,,,,,,24/08/2013,$30K - $50K,1,5,510,11042
,,,,,,24/08/2013 Total,,1,5,510,11042
,,,,,,27/08/2013,$110K - $130K,1,3,5654,11138
,,,,,,27/08/2013 Total,,1,3,5654,11138
,,,,,,29/09/2013,$30K - $50K,1,3,1845,12040
,,,,,,29/09/2013 Total,,1,3,1845,12040
,,,,,,29/11/2013,$30K - $50K,1,5,3909,13706
,,,,,,29/11/2013 Total,,1,5,3909,13706
,,,,,Mexico Total,,,10,41,37403,96502
,,,,Zacatecas Total,,,,10,41,37403,96502
,,,Camacho Total,,,,,10,41,37403,96502
,,,Hidalgo,Zacatecas,Mexico,06/01/2013,$10K - $30K,1,4,1853,4862
,,,,,,06/01/2013 Total,,1,4,1853,4862
,,,,,,20/01/2013,$10K - $30K,1,6,4731,5189
,,,,,,20/01/2013 Total,,1,6,4731,5189
,,,,,,17/02/2013,$90K - $110K,1,3,1571,5955
,,,,,,17/02/2013 Total,,1,3,1571,5955
,,,,,,23/02/2013,$50K - $70K,1,6,7633,6172
,,,,,,23/02/2013 Total,,1,6,7633,6172
,,,,,,26/02/2013,$50K - $70K,1,4,1972,6230
,,,,,,26/02/2013 Total,,1,4,1972,6230
,,,,,,04/03/2013,$70K - $90K,1,3,8040,6405
,,,,,,04/03/2013 Total,,1,3,8040,6405
,,,,,,26/04/2013,$30K - $50K,1,6,7016,7794
,,,,,,26/04/2013 Total,,1,6,7016,7794
,,,,,,22/05/2013,$50K - $70K,1,4,4914,8516
,,,,,,22/05/2013 Total,,1,4,4914,8516
,,,,,,29/07/2013,$70K - $90K,1,3,4325,10379
,,,,,,29/07/2013 Total,,1,3,4325,10379
,,,,,,13/08/2013,$10K - $30K,1,4,3858,10784
,,,,,,13/08/2013 Total,,1,4,3858,10784
,,,,,,16/08/2013,$10K - $30K,1,4,4731,10864
,,,,,,16/08/2013 Total,,1,4,4731,10864
,,,,,,21/08/2013,$70K - $90K,1,2,8279,10992
,,,,,,21/08/2013 Total,,1,2,8279,10992
,,,,,,21/10/2013,$30K - $50K,1,5,1284,12639
,,,,,,21/10/2013 Total,,1,5,1284,12639
,,,,,Mexico Total,,,13,54,60207,106781
,,,,Zacatecas Total,,,,13,54,60207,106781
,,,Hidalgo Total,,,,,13,54,60207,106781
,,,Los Angeles,CA,USA,03/02/2012,$70K - $90K,1,6,6359,334
,,,,,,03/02/2012 Total,,1,6,6359,334
,,,,,,19/02/2012,$10K - $30K,1,3,8601,530
,,,,,,19/02/2012 Total,,1,3,8601,530
,,,,,,25/03/2012,$70K - $90K,1,6,6136,996
,,,,,,25/03/2012 Total,,1,6,6136,996
,,,,,,04/05/2012,$10K - $30K,1,5,2869,1576
,,,,,,04/05/2012 Total,,1,5,2869,1576
,,,,,,03/06/2012,$10K - $30K,1,6,3680,1970
,,,,,,03/06/2012 Total,,1,6,3680,1970
,,,,,,14/06/2012,$30K - $50K,1,4,1865,2081
,,,,,,14/06/2012 Total,,1,4,1865,2081
,,,,,,07/07/2012,$30K - $50K,1,4,4232,2354
,,,,,,07/07/2012 Total,,1,4,4232,2354
,,,,,,17/07/2012,$30K - $50K,1,4,2961,2500
,,,,,,17/07/2012 Total,,1,4,2961,2500
,,,,,,12/08/2012,$50K - $70K,1,3,8288,2807
,,,,,,12/08/2012 Total,,1,3,8288,2807
,,,,,,21/11/2012,$30K - $50K,1,3,1331,4048
,,,,,,21/11/2012 Total,,1,3,1331,4048
,,,,,,25/11/2012,$30K - $50K,1,2,2150,4108
,,,,,,25/11/2012 Total,,1,2,2150,4108
,,,,,,02/12/2012,$30K - $50K,1,4,2293,4211
,,,,,,02/12/2012 Total,,1,4,2293,4211
,,,,,,08/02/2013,$30K - $50K,1,3,10268,5721
,,,,,,08/02/2013 Total,,1,3,10268,5721
,,,,,,22/03/2013,$30K - $50K,1,5,5974,6865
,,,,,,22/03/2013 Total,,1,5,5974,6865
,,,,,,10/05/2013,$50K - $70K,1,4,4686,8193
,,,,,,10/05/2013 Total,,1,4,4686,8193
,,,,,,07/06/2013,$70K - $90K,1,5,9527,8956
,,,,,,07/06/2013 Total,,1,5,9527,8956
,,,,,,06/07/2013,$70K - $90K,1,4,7324,9727
,,,,,,06/07/2013 Total,,1,4,7324,9727
,,,,,,24/08/2013,$10K - $30K,1,5,8734,11064
,,,,,,24/08/2013 Total,,1,5,8734,11064
,,,,,,28/10/2013,$10K - $30K,1,5,803,12843
,,,,,,28/10/2013 Total,,1,5,803,12843
,,,,,,14/12/2013,$10K - $30K,1,4,6717,13951
,,,,,,14/12/2013 Total,,1,4,6717,13951
,,,,,USA Total,,,20,85,104798,104835
,,,,CA Total,,,,20,85,104798,104835
,,,Los Angeles Total,,,,,20,85,104798,104835
,,,Merida,Yucatan,Mexico,11/06/2013,$30K - $50K,1,5,5512,9054
,,,,,,11/06/2013 Total,,1,5,5512,9054
,,,,,,29/07/2013,$10K - $30K,1,5,10008,10368
,,,,,,29/07/2013 Total,,1,5,10008,10368
,,,,,,12/10/2013,$70K - $90K,1,2,4871,12383
,,,,,,12/10/2013 Total,,1,2,4871,12383
,,,,,,22/10/2013,$30K - $50K,1,5,5512,12663
,,,,,,22/10/2013 Total,,1,5,5512,12663
,,,,,,10/11/2013,$30K - $50K,1,5,3982,13195
,,,,,,10/11/2013 Total,,1,5,3982,13195
,,,,,Mexico Total,,,5,22,29885,57663
,,,,Yucatan Total,,,,5,22,29885,57663
,,,Merida Total,,,,,5,22,29885,57663
,,,Mexico City,DF,Mexico,10/04/2013,$50K - $70K,1,4,6714,7376
,,,,,,10/04/2013 Total,,1,4,6714,7376
,,,,,,04/07/2013,$30K - $50K,1,3,1177,9667
,,,,,,04/07/2013 Total,,1,3,1177,9667
,,,,,Mexico Total,,,2,7,7891,17043
,,,,DF Total,,,,2,7,7891,17043
,,,Mexico City Total,,,,,2,7,7891,17043
,,,Orizaba,Veracruz,Mexico,21/01/2013,$50K - $70K,1,5,2481,5236
,,,,,,21/01/2013 Total,,1,5,2481,5236
,,,,,,18/03/2013,$50K - $70K,1,5,2481,6774
,,,,,,18/03/2013 Total,,1,5,2481,6774
,,,,,,05/09/2013,$50K - $70K,1,4,8228,11383
,,,,,,05/09/2013 Total,,1,4,8228,11383
,,,,,,23/10/2013,$70K - $90K,1,4,4485,12698
,,,,,,23/10/2013 Total,,1,4,4485,12698
,,,,,Mexico Total,,,4,18,17675,36091
,,,,Veracruz Total,,,,4,18,17675,36091
,,,Orizaba Total,,,,,4,18,17675,36091
,,,Portland,OR,USA,29/01/2012,$130K - $150K,1,2,4443,264
,,,,,,29/01/2012 Total,,1,2,4443,264
,,,,,,04/03/2012,$130K - $150K,1,4,4443,690
,,,,,,04/03/2012 Total,,1,4,4443,690
,,,,,,28/03/2012,$90K - $110K,1,5,226,1053
,,,,,,28/03/2012 Total,,1,5,226,1053
,,,,,,20/05/2012,$30K - $50K,1,4,8837,1797
,,,,,,20/05/2012 Total,,1,4,8837,1797
,,,,,,10/12/2012,$50K - $70K,1,5,7297,4334
,,,,,,10/12/2012 Total,,1,5,7297,4334
,,,,,,02/01/2013,$30K - $50K,1,4,4614,4752
,,,,,,02/01/2013 Total,,1,4,4614,4752
,,,,,,05/03/2013,$130K - $150K,1,5,4443,6420
,,,,,,05/03/2013 Total,,1,5,4443,6420
,,,,,,06/03/2013,$30K - $50K,1,5,5682,6461
,,,,,,06/03/2013 Total,,1,5,5682,6461
,,,,,,25/05/2013,$130K - $150K,1,3,4750,8610
,,,,,,25/05/2013 Total,,1,3,4750,8610
,,,,,,19/09/2013,$10K - $30K,1,3,5834,11761
,,,,,,19/09/2013 Total,,1,3,5834,11761
,,,,,,19/10/2013,$30K - $50K,1,6,2725,12559
,,,,,,19/10/2013 Total,,1,6,2725,12559
,,,,,,27/10/2013,$130K - $150K,1,5,2215,12822
,,,,,,27/10/2013 Total,,1,5,2215,12822
,,,,,,11/12/2013,$30K - $50K,1,2,2725,13905
,,,,,,11/12/2013 Total,,1,2,2725,13905
,,,,,USA Total,,,13,53,58234,85428
,,,,OR Total,,,,13,53,58234,85428
,,,Portland Total,,,,,13,53,58234,85428
,,,Salem,OR,USA,20/01/2012,$30K - $50K,1,3,3776,171
,,,,,,20/01/2012 Total,,1,3,3776,171
,,,,,,06/02/2012,$130K - $150K,1,6,4431,368
,,,,,,06/02/2012 Total,,1,6,4431,368
,,,,,,11/02/2012,$50K - $70K,1,5,9014,428
,,,,,,11/02/2012 Total,,1,5,9014,428
,,,,,,06/03/2012,$50K - $70K,1,3,9396,727
,,,,,,06/03/2012 Total,,1,3,9396,727
,,,,,,05/04/2012,$50K - $70K,1,4,9014,1166
,,,,,,05/04/2012 Total,,1,4,9014,1166
,,,,,,05/05/2012,$90K - $110K,1,5,5685,1593
,,,,,,05/05/2012 Total,,1,5,5685,1593
,,,,,,04/07/2012,$10K - $30K,1,4,6288,2330
,,,,,,04/07/2012 Total,,1,4,6288,2330
,,,,,,07/07/2012,$30K - $50K,1,2,4253,2360
,,,,,,07/07/2012 Total,,1,2,4253,2360
,,,,,,11/07/2012,$10K - $30K,1,4,4589,2411
,,,,,,11/07/2012 Total,,1,4,4589,2411
,,,,,,30/07/2012,$70K - $90K,1,2,3130,2642
,,,,,,30/07/2012 Total,,1,2,3130,2642
,,,,,,08/10/2012,$50K - $70K,1,5,2076,3510
,,,,,,08/10/2012 Total,,1,5,2076,3510
,,,,,,13/10/2012,$110K - $130K,1,3,8116,3558
,,,,,,13/10/2012 Total,,1,3,8116,3558
,,,,,,16/11/2012,$30K - $50K,1,6,9584,3983
,,,,,,16/11/2012 Total,,1,6,9584,3983
,,,,,,01/12/2012,$30K - $50K,1,4,9504,4191
,,,,,,01/12/2012 Total,,1,4,9504,4191
,,,,,,24/12/2012,$50K - $70K,1,4,6163,4571
,,,,,,24/12/2012 Total,,1,4,6163,4571
,,,,,,29/12/2012,$50K - $70K,1,6,1706,4671
,,,,,,29/12/2012 Total,,1,6,1706,4671
,,,,,,14/01/2013,$10K - $30K,1,4,5533,5043
,,,,,,14/01/2013 Total,,1,4,5533,5043
,,,,,,11/03/2013,$30K - $50K,1,5,4938,6597
,,,,,,11/03/2013 Total,,1,5,4938,6597
,,,,,,19/03/2013,$10K - $30K,1,6,5633,6780
,,,,,,19/03/2013 Total,,1,6,5633,6780
,,,,,,26/03/2013,$10K - $30K,1,3,1660,6946
,,,,,,26/03/2013 Total,,1,3,1660,6946
,,,,,,30/03/2013,$50K - $70K,1,4,4518,7074
,,,,,,30/03/2013 Total,,1,4,4518,7074
,,,,,,13/04/2013,$50K - $70K,1,4,280,7455
,,,,,,13/04/2013 Total,,1,4,280,7455
,,,,,,18/04/2013,$30K - $50K,1,4,8164,7560
,,,,,,18/04/2013 Total,,1,4,8164,7560
,,,,,,27/04/2013,$10K - $30K,1,4,467,7833
,,,,,,27/04/2013 Total,,1,4,467,7833
,,,,,,04/05/2013,$130K - $150K,1,3,545,8028
,,,,,,04/05/2013 Total,,1,3,545,8028
,,,,,,14/05/2013,$10K - $30K,1,4,4490,8297
,,,,,,14/05/2013 Total,,1,4,4490,8297
,,,,,,20/05/2013,$50K - $70K,1,2,4372,8457
,,,,,,20/05/2013 Total,,1,2,4372,8457
,,,,,,11/06/2013,$50K - $70K,1,5,2198,9079
,,,,,,11/06/2013 Total,,1,5,2198,9079
,,,,,,20/06/2013,$10K - $30K,1,5,6488,9307
,,,,,,20/06/2013 Total,,1,5,6488,9307
,,,,,,26/09/2013,$150K +,1,2,10118,11952
,,,,,,26/09/2013 Total,,1,2,10118,11952
,,,,,,29/10/2013,$110K - $130K,1,4,8116,12859
,,,,,,29/10/2013 Total,,1,4,8116,12859
,,,,,,09/11/2013,$70K - $90K,1,2,1339,13179
,,,,,,09/11/2013 Total,,1,2,1339,13179
,,,,,,22/11/2013,$10K - $30K,1,5,6288,13523
,,,,,,22/11/2013 Total,,1,5,6288,13523
,,,,,,26/11/2013,$70K - $90K,1,2,6592,13616
,,,,,,26/11/2013 Total,,1,2,6592,13616
,,,,,,15/12/2013,$10K - $30K,1,6,7149,13960
,,,,,,15/12/2013 Total,,1,6,7149,13960
,,,,,USA Total,,,35,140,185613,216225
,,,,OR Total,,,,35,140,185613,216225
,,,Salem Total,,,,,35,140,185613,216225
,,,San Andres,DF,Mexico,10/04/2013,$30K - $50K,1,2,1722,7371
,,,,,,10/04/2013 Total,,1,2,1722,7371
,,,,,,19/04/2013,$30K - $50K,1,3,4912,7601
,,,,,,19/04/2013 Total,,1,3,4912,7601
,,,,,,10/06/2013,$130K - $150K,1,3,8350,9052
,,,,,,10/06/2013 Total,,1,3,8350,9052
,,,,,,28/06/2013,$30K - $50K,1,3,9660,9505
,,,,,,28/06/2013 Total,,1,3,9660,9505
,,,,,Mexico Total,,,4,11,24644,33529
,,,,DF Total,,,,4,11,24644,33529
,,,San Andres Total,,,,,4,11,24644,33529
,,,San Diego,CA,USA,08/01/2012,$90K - $110K,1,5,864,71
,,,,,,08/01/2012 Total,,1,5,864,71
,,,,,,02/02/2012,$30K - $50K,1,3,4081,315
,,,,,,02/02/2012 Total,,1,3,4081,315
,,,,,,16/04/2012,$50K - $70K,1,6,1780,1331
,,,,,,16/04/2012 Total,,1,6,1780,1331
,,,,,,30/10/2012,$90K - $110K,1,3,864,3766
,,,,,,30/10/2012 Total,,1,3,864,3766
,,,,,,20/11/2012,$110K - $130K,1,4,8056,4042
,,,,,,20/11/2012 Total,,1,4,8056,4042
,,,,,,06/12/2012,$50K - $70K,1,2,3187,4284
,,,,,,06/12/2012 Total,,1,2,3187,4284
,,,,,,28/12/2012,$30K - $50K,1,4,1747,4648
,,,,,,28/12/2012 Total,,1,4,1747,4648
,,,,,,22/08/2013,$10K - $30K,1,5,20,11005
,,,,,,22/08/2013 Total,,1,5,20,11005
,,,,,,30/08/2013,$10K - $30K,1,4,5572,11225
,,,,,,30/08/2013 Total,,1,4,5572,11225
,,,,,,04/11/2013,$10K - $30K,1,2,9234,13038
,,,,,,04/11/2013 Total,,1,2,9234,13038
,,,,,USA Total,,,10,38,35405,53725
,,,,CA Total,,,,10,38,35405,53725
,,,San Diego Total,,,,,10,38,35405,53725
,,,San Francisco,CA,USA,30/04/2012,$50K - $70K,1,3,4917,1527
,,,,,,30/04/2012 Total,,1,3,4917,1527
,,,,,USA Total,,,1,3,4917,1527
,,,,CA Total,,,,1,3,4917,1527
,,,San Francisco Total,,,,,1,3,4917,1527
,,,Seattle,WA,USA,17/03/2012,$10K - $30K,1,3,2684,878
,,,,,,17/03/2012 Total,,1,3,2684,878
,,,,,,21/03/2012,$10K - $30K,1,3,6565,949
,,,,,,21/03/2012 Total,,1,3,6565,949
,,,,,,26/07/2012,$30K - $50K,1,4,6155,2589
,,,,,,26/07/2012 Total,,1,4,6155,2589
,,,,,,13/09/2012,$130K - $150K,1,5,1941,3185
,,,,,,13/09/2012 Total,,1,5,1941,3185
,,,,,,29/12/2012,$130K - $150K,1,5,10266,4663
,,,,,,29/12/2012 Total,,1,5,10266,4663
,,,,,,07/01/2013,$110K - $130K,1,5,7870,4894
,,,,,,07/01/2013 Total,,1,5,7870,4894
,,,,,,16/01/2013,$90K - $110K,1,3,6634,5111
,,,,,,16/01/2013 Total,,1,3,6634,5111
,,,,,,01/02/2013,$130K - $150K,1,3,4122,5509
,,,,,,01/02/2013 Total,,1,3,4122,5509
,,,,,,22/02/2013,$30K - $50K,1,4,502,6102
,,,,,,22/02/2013 Total,,1,4,502,6102
,,,,,,26/02/2013,$90K - $110K,1,3,4901,6236
,,,,,,26/02/2013 Total,,1,3,4901,6236
,,,,,,20/04/2013,$110K - $130K,1,5,9047,7643
,,,,,,20/04/2013 Total,,1,5,9047,7643
,,,,,,07/08/2013,$130K - $150K,1,5,10266,10594
,,,,,,07/08/2013 Total,,1,5,10266,10594
,,,,,,09/08/2013,$30K - $50K,1,4,6399,10667
,,,,,,09/08/2013 Total,,1,4,6399,10667
,,,,,,27/08/2013,$30K - $50K,1,2,6297,11144
,,,,,,27/08/2013 Total,,1,2,6297,11144
,,,,,,29/08/2013,$90K - $110K,1,6,8824,11192
,,,,,,29/08/2013 Total,,1,6,8824,11192
,,,,,,05/12/2013,$150K +,1,4,3630,13828
,,,,,,05/12/2013 Total,,1,4,3630,13828
,,,,,USA Total,,,16,64,96103,105184
,,,,WA Total,,,,16,64,96103,105184
,,,Seattle Total,,,,,16,64,96103,105184
,,,Spokane,WA,USA,19/04/2012,$10K - $30K,1,6,9928,1372
,,,,,,19/04/2012 Total,,1,6,9928,1372
,,,,,,08/11/2012,$10K - $30K,1,2,5592,3888
,,,,,,08/11/2012 Total,,1,2,5592,3888
,,,,,,17/11/2012,$10K - $30K,1,5,2448,3998
,,,,,,17/11/2012 Total,,1,5,2448,3998
,,,,,,24/11/2012,$50K - $70K,1,3,663,4103
,,,,,,24/11/2012 Total,,1,3,663,4103
,,,,,,10/12/2012,$30K - $50K,1,5,1720,4344
,,,,,,10/12/2012 Total,,1,5,1720,4344
,,,,,,30/01/2013,$30K - $50K,1,4,1720,5459
,,,,,,30/01/2013 Total,,1,4,1720,5459
,,,,,,24/06/2013,$50K - $70K,1,5,4925,9420
,,,,,,24/06/2013 Total,,1,5,4925,9420
,,,,,,03/09/2013,$90K - $110K,1,3,7072,11317
,,,,,,03/09/2013 Total,,1,3,7072,11317
,,,,,,08/09/2013,$30K - $50K,1,5,2921,11439
,,,,,,08/09/2013 Total,,1,5,2921,11439
,,,,,,13/09/2013,$30K - $50K,1,5,1720,11580
,,,,,,13/09/2013 Total,,1,5,1720,11580
,,,,,,21/10/2013,$30K - $50K,1,6,1720,12643
,,,,,,21/10/2013 Total,,1,6,1720,12643
,,,,,USA Total,,,11,49,40429,79563
,,,,WA Total,,,,11,49,40429,79563
,,,Spokane Total,,,,,11,49,40429,79563
,,,Tacoma,WA,USA,27/12/2011,$10K - $30K,1,5,6161,17
,,,,,,27/12/2011 Total,,1,5,6161,17
,,,,,,04/01/2012,$30K - $50K,1,6,5125,53
,,,,,,04/01/2012 Total,,1,6,5125,53
,,,,,,19/04/2012,$10K - $30K,1,4,770,1370
,,,,,,19/04/2012 Total,,1,4,770,1370
,,,,,,30/05/2012,$50K - $70K,1,4,5379,1923
,,,,,,30/05/2012 Total,,1,4,5379,1923
,,,,,,02/08/2012,$30K - $50K,1,3,2942,2674
,,,,,,02/08/2012 Total,,1,3,2942,2674
,,,,,,29/08/2012,$30K - $50K,1,2,3245,3011
,,,,,,29/08/2012 Total,,1,2,3245,3011
,,,,,,09/09/2012,$30K - $50K,1,6,7556,3143
,,,,,,09/09/2012 Total,,1,6,7556,3143
,,,,,,19/09/2012,$10K - $30K,1,4,3310,3271
,,,,,,19/09/2012 Total,,1,4,3310,3271
,,,,,,28/09/2012,$30K - $50K,1,5,7282,3357
,,,,,,28/09/2012 Total,,1,5,7282,3357
,,,,,,14/01/2013,$70K - $90K,1,5,6560,5034
,,,,,,14/01/2013 Total,,1,5,6560,5034
,,,,,,06/05/2013,$30K - $50K,1,3,3245,8078
,,,,,,06/05/2013 Total,,1,3,3245,8078
,,,,,,31/05/2013,$70K - $90K,1,2,6560,8771
,,,,,,31/05/2013 Total,,1,2,6560,8771
,,,,,,03/06/2013,$10K - $30K,1,5,3552,8854
,,,,,,03/06/2013 Total,,1,5,3552,8854
,,,,,,06/06/2013,$30K - $50K,1,5,3397,8938
,,,,,,06/06/2013 Total,,1,5,3397,8938
,,,,,,23/06/2013,$50K - $70K,1,5,4597,9383
,,,,,,23/06/2013 Total,,1,5,4597,9383
,,,,,,18/08/2013,$50K - $70K,1,3,8359,10911
,,,,,,18/08/2013 Total,,1,3,8359,10911
,,,,,,24/09/2013,$70K - $90K,1,6,9715,11907
,,,,,,24/09/2013 Total,,1,6,9715,11907
,,,,,,05/10/2013,$10K - $30K,1,4,5616,12210
,,,,,,05/10/2013 Total,,1,4,5616,12210
,,,,,,15/10/2013,$30K - $50K,1,6,4658,12463
,,,,,,15/10/2013 Total,,1,6,4658,12463
,,,,,,11/12/2013,$50K - $70K,1,7,3239,13912
,,,,,,11/12/2013 Total,,1,7,3239,13912
,,,,,USA Total,,,20,90,101268,129280
,,,,WA Total,,,,20,90,101268,129280
,,,Tacoma Total,,,,,20,90,101268,129280
,,,Vancouver,BC,Canada,18/02/2013,$30K - $50K,1,4,1769,6007
,,,,,,18/02/2013 Total,,1,4,1769,6007
,,,,,,27/03/2013,$110K - $130K,1,3,8381,6989
,,,,,,27/03/2013 Total,,1,3,8381,6989
,,,,,,07/04/2013,$130K - $150K,1,6,5283,7290
,,,,,,07/04/2013 Total,,1,6,5283,7290
,,,,,,12/04/2013,$70K - $90K,1,3,4303,7426
,,,,,,12/04/2013 Total,,1,3,4303,7426
,,,,,,22/06/2013,$70K - $90K,1,2,7945,9354
,,,,,,22/06/2013 Total,,1,2,7945,9354
,,,,,,22/08/2013,$70K - $90K,1,4,305,11013
,,,,,,22/08/2013 Total,,1,4,305,11013
,,,,,,07/11/2013,$30K - $50K,1,4,2652,13134
,,,,,,07/11/2013 Total,,1,4,2652,13134
,,,,,Canada Total,,,7,26,30638,61213
,,,,BC Total,,,,7,26,30638,61213
,,,Vancouver Total,,,,,7,26,30638,61213
,,,Victoria,BC,Canada,02/08/2013,$70K - $90K,1,6,7888,10488
,,,,,,02/08/2013 Total,,1,6,7888,10488
,,,,,Canada Total,,,1,6,7888,10488
,,,,BC Total,,,,1,6,7888,10488
,,,Victoria Total,,,,,1,6,7888,10488
,,,Walla Walla,WA,USA,01/07/2013,$30K - $50K,1,3,3446,9610
,,,,,,01/07/2013 Total,,1,3,3446,9610
,,,,,USA Total,,,1,3,3446,9610
,,,,WA Total,,,,1,3,3446,9610
,,,Walla Walla Total,,,,,1,3,3446,9610
,,,Yakima,WA,USA,18/09/2012,$30K - $50K,1,2,10225,3253
,,,,,,18/09/2012 Total,,1,2,10225,3253
,,,,,,22/11/2012,$10K - $30K,1,3,1832,4064
,,,,,,22/11/2012 Total,,1,3,1832,4064
,,,,,USA Total,,,2,5,12057,7317
,,,,WA Total,,,,2,5,12057,7317
,,,Yakima Total,,,,,2,5,12057,7317
,,S Total,,,,,,201,816,968514,1363816
,F Total,,,,,,,394,1610,1950276,2789667
,M,M,Acapulco,Guerrero,Mexico,03/02/2013,$110K - $130K,1,5,919,5571
,,,,,,03/02/2013 Total,,1,5,919,5571
,,,,,,15/03/2013,$10K - $30K,1,5,704,6700
,,,,,,15/03/2013 Total,,1,5,704,6700
,,,,,,10/06/2013,$10K - $30K,1,5,4126,9035
,,,,,,10/06/2013 Total,,1,5,4126,9035
,,,,,,12/06/2013,$10K - $30K,1,4,4126,9101
,,,,,,12/06/2013 Total,,1,4,4126,9101
,,,,,,23/09/2013,$10K - $30K,1,2,7929,11868
,,,,,,23/09/2013 Total,,1,2,7929,11868
,,,,,,30/11/2013,$10K - $30K,1,4,6631,13728
,,,,,,30/11/2013 Total,,1,4,6631,13728
,,,,,Mexico Total,,,6,25,24435,56003
,,,,Guerrero Total,,,,6,25,24435,56003
,,,Acapulco Total,,,,,6,25,24435,56003
,,,Bellingham,WA,USA,15/06/2012,$110K - $130K,1,4,6695,2097
,,,,,,15/06/2012 Total,,1,4,6695,2097
,,,,,,11/12/2012,$10K - $30K,1,1,4076,4366
,,,,,,11/12/2012 Total,,1,1,4076,4366
,,,,,,26/05/2013,$10K - $30K,1,2,372,8641
,,,,,,26/05/2013 Total,,1,2,372,8641
,,,,,,15/06/2013,$70K - $90K,1,3,10076,9169
,,,,,,15/06/2013 Total,,1,3,10076,9169
,,,,,USA Total,,,4,10,21219,24273
,,,,WA Total,,,,4,10,21219,24273
,,,Bellingham Total,,,,,4,10,21219,24273
,,,Beverly Hills,CA,USA,05/01/2012,$50K - $70K,1,5,2533,55
,,,,,,05/01/2012 Total,,1,5,2533,55
,,,,,,25/05/2012,$30K - $50K,1,4,3987,1849
,,,,,,25/05/2012 Total,,1,4,3987,1849
,,,,,,12/08/2012,$10K - $30K,1,3,7753,2804
,,,,,,12/08/2012 Total,,1,3,7753,2804
,,,,,,14/08/2012,$50K - $70K,1,3,1539,2834
,,,,,,14/08/2012 Total,,1,3,1539,2834
,,,,,,06/09/2012,$50K - $70K,1,3,8851,3109
,,,,,,06/09/2012 Total,,1,3,8851,3109
,,,,,,12/09/2012,$50K - $70K,1,4,399,3182
,,,,,,12/09/2012 Total,,1,4,399,3182
,,,,,,31/10/2012,$110K - $130K,1,4,4821,3776
,,,,,,31/10/2012 Total,,1,4,4821,3776
,,,,,,19/01/2013,$10K - $30K,1,3,7753,5172
,,,,,,19/01/2013 Total,,1,3,7753,5172
,,,,,,21/01/2013,$50K - $70K,1,5,7391,5228
,,,,,,21/01/2013 Total,,1,5,7391,5228
,,,,,,09/03/2013,$30K - $50K,1,4,2381,6528
,,,,,,09/03/2013 Total,,1,4,2381,6528
,,,,,,15/05/2013,$30K - $50K,1,4,8457,8308
,,,,,,15/05/2013 Total,,1,4,8457,8308
,,,,,,19/10/2013,$50K - $70K,1,4,6066,12577
,,,,,,19/10/2013 Total,,1,4,6066,12577
,,,,,USA Total,,,12,46,61931,55422
,,,,CA Total,,,,12,46,61931,55422
,,,Beverly Hills Total,,,,,12,46,61931,55422
,,,Bremerton,WA,USA,04/06/2012,$150K +,1,4,8960,1986
,,,,,,04/06/2012 Total,,1,4,8960,1986
,,,,,,24/06/2012,$30K - $50K,1,4,7001,2209
,,,,,,24/06/2012 Total,,1,4,7001,2209
,,,,,,30/06/2012,$90K - $110K,1,6,5973,2288
,,,,,,30/06/2012 Total,,1,6,5973,2288
,,,,,,16/11/2012,$70K - $90K,1,4,3878,3975
,,,,,,16/11/2012 Total,,1,4,3878,3975
,,,,,,18/11/2012,$30K - $50K,1,4,647,4008
,,,,,,18/11/2012 Total,,1,4,647,4008
,,,,,,21/11/2012,$10K - $30K,1,6,4778,4051
,,,,,,21/11/2012 Total,,1,6,4778,4051
,,,,,,20/12/2012,$130K - $150K,1,5,3889,4506
,,,,,,20/12/2012 Total,,1,5,3889,4506
,,,,,,15/01/2013,$10K - $30K,1,2,7704,5083
,,,,,,15/01/2013 Total,,1,2,7704,5083
,,,,,,11/07/2013,$10K - $30K,1,4,5738,9890
,,,,,,11/07/2013 Total,,1,4,5738,9890
,,,,,,08/08/2013,$30K - $50K,1,3,1844,10643
,,,,,,08/08/2013 Total,,1,3,1844,10643
,,,,,,13/11/2013,$50K - $70K,1,5,8404,13302
,,,,,,13/11/2013 Total,,1,5,8404,13302
,,,,,USA Total,,,11,47,58816,61941
,,,,WA Total,,,,11,47,58816,61941
,,,Bremerton Total,,,,,11,47,58816,61941
,,,Camacho,Zacatecas,Mexico,02/03/2013,$50K - $70K,1,2,7746,6357
,,,,,,02/03/2013 Total,,1,2,7746,6357
,,,,,Mexico Total,,,1,2,7746,6357
,,,,Zacatecas Total,,,,1,2,7746,6357
,,,Camacho Total,,,,,1,2,7746,6357
,,,Hidalgo,Zacatecas,Mexico,23/02/2013,$130K - $150K,1,4,7055,6132
,,,,,,,$30K - $50K,1,5,6100,6170
,,,,,,23/02/2013 Total,,2,9,13155,12302
,,,,,,17/03/2013,$30K - $50K,1,5,6100,6745
,,,,,,17/03/2013 Total,,1,5,6100,6745
,,,,,,14/09/2013,$10K - $30K,2,7,12812,23232
,,,,,,14/09/2013 Total,,2,7,12812,23232
,,,,,,11/11/2013,$90K - $110K,1,4,850,13227
,,,,,,11/11/2013 Total,,1,4,850,13227
,,,,,Mexico Total,,,6,25,32917,55506
,,,,Zacatecas Total,,,,6,25,32917,55506
,,,Hidalgo Total,,,,,6,25,32917,55506
,,,Los Angeles,CA,USA,23/01/2012,$70K - $90K,1,3,5016,200
,,,,,,23/01/2012 Total,,1,3,5016,200
,,,,,,18/03/2012,$50K - $70K,1,5,4258,906
,,,,,,18/03/2012 Total,,1,5,4258,906
,,,,,,02/05/2012,$30K - $50K,1,4,6511,1546
,,,,,,02/05/2012 Total,,1,4,6511,1546
,,,,,,27/05/2012,$50K - $70K,1,3,4633,1879
,,,,,,27/05/2012 Total,,1,3,4633,1879
,,,,,,05/06/2012,$110K - $130K,1,4,9020,1998
,,,,,,05/06/2012 Total,,1,4,9020,1998
,,,,,,15/06/2012,$70K - $90K,1,5,8864,2087
,,,,,,15/06/2012 Total,,1,5,8864,2087
,,,,,,22/08/2012,$30K - $50K,1,5,7246,2929
,,,,,,22/08/2012 Total,,1,5,7246,2929
,,,,,,02/10/2012,$50K - $70K,1,4,9974,3401
,,,,,,02/10/2012 Total,,1,4,9974,3401
,,,,,,03/10/2012,$50K - $70K,1,5,2193,3435
,,,,,,03/10/2012 Total,,1,5,2193,3435
,,,,,,05/10/2012,$70K - $90K,1,4,1015,3458
,,,,,,05/10/2012 Total,,1,4,1015,3458
,,,,,,03/11/2012,$30K - $50K,1,4,3922,3806
,,,,,,03/11/2012 Total,,1,4,3922,3806
,,,,,,16/11/2012,$30K - $50K,1,4,8597,3974
,,,,,,16/11/2012 Total,,1,4,8597,3974
,,,,,,09/12/2012,$70K - $90K,1,6,4828,4319
,,,,,,09/12/2012 Total,,1,6,4828,4319
,,,,,,16/12/2012,$70K - $90K,1,3,7821,4437
,,,,,,16/12/2012 Total,,1,3,7821,4437
,,,,,,28/12/2012,$90K - $110K,1,4,9239,4649
,,,,,,28/12/2012 Total,,1,4,9239,4649
,,,,,,29/01/2013,$110K - $130K,1,5,5989,5411
,,,,,,29/01/2013 Total,,1,5,5989,5411
,,,,,,20/02/2013,$70K - $90K,1,4,8745,6073
,,,,,,20/02/2013 Total,,1,4,8745,6073
,,,,,,23/02/2013,$50K - $70K,1,4,7224,6163
,,,,,,23/02/2013 Total,,1,4,7224,6163
,,,,,,19/04/2013,$30K - $50K,1,4,5765,7585
,,,,,,19/04/2013 Total,,1,4,5765,7585
,,,,,,31/05/2013,$110K - $130K,1,5,3951,8769
,,,,,,31/05/2013 Total,,1,5,3951,8769
,,,,,,08/06/2013,$50K - $70K,1,5,399,9000
,,,,,,08/06/2013 Total,,1,5,399,9000
,,,,,,11/07/2013,$30K - $50K,1,3,1901,9893
,,,,,,11/07/2013 Total,,1,3,1901,9893
,,,,,,01/08/2013,$10K - $30K,1,4,9092,10456
,,,,,,01/08/2013 Total,,1,4,9092,10456
,,,,,,06/08/2013,$130K - $150K,1,5,5714,10574
,,,,,,06/08/2013 Total,,1,5,5714,10574
,,,,,,09/11/2013,$130K - $150K,1,4,9509,13186
,,,,,,09/11/2013 Total,,1,4,9509,13186
,,,,,,07/12/2013,$30K - $50K,1,3,6096,13844
,,,,,,07/12/2013 Total,,1,3,6096,13844
,,,,,USA Total,,,26,109,157522,143978
,,,,CA Total,,,,26,109,157522,143978
,,,Los Angeles Total,,,,,26,109,157522,143978
,,,Merida,Yucatan,Mexico,18/03/2013,$70K - $90K,1,4,7448,6763
,,,,,,18/03/2013 Total,,1,4,7448,6763
,,,,,,01/10/2013,$130K - $150K,1,3,2998,12099
,,,,,,01/10/2013 Total,,1,3,2998,12099
,,,,,,09/10/2013,$110K - $130K,1,5,4592,12313
,,,,,,09/10/2013 Total,,1,5,4592,12313
,,,,,,04/11/2013,$10K - $30K,1,4,6394,13057
,,,,,,04/11/2013 Total,,1,4,6394,13057
,,,,,Mexico Total,,,4,16,21432,44232
,,,,Yucatan Total,,,,4,16,21432,44232
,,,Merida Total,,,,,4,16,21432,44232
,,,Mexico City,DF,Mexico,23/04/2013,$130K - $150K,1,5,978,7720
,,,,,,23/04/2013 Total,,1,5,978,7720
,,,,,Mexico Total,,,1,5,978,7720
,,,,DF Total,,,,1,5,978,7720
,,,Mexico City Total,,,,,1,5,978,7720
,,,Orizaba,Veracruz,Mexico,05/01/2013,$10K - $30K,1,6,5605,4830
,,,,,,05/01/2013 Total,,1,6,5605,4830
,,,,,,16/01/2013,$70K - $90K,1,4,5981,5094
,,,,,,16/01/2013 Total,,1,4,5981,5094
,,,,,,30/01/2013,$30K - $50K,1,5,6081,5462
,,,,,,30/01/2013 Total,,1,5,6081,5462
,,,,,,05/02/2013,$70K - $90K,1,2,5981,5624
,,,,,,05/02/2013 Total,,1,2,5981,5624
,,,,,,31/03/2013,$110K - $130K,1,3,9725,7112
,,,,,,31/03/2013 Total,,1,3,9725,7112
,,,,,,30/05/2013,$30K - $50K,1,4,6081,8739
,,,,,,30/05/2013 Total,,1,4,6081,8739
,,,,,,21/06/2013,$30K - $50K,1,2,5223,9348
,,,,,,21/06/2013 Total,,1,2,5223,9348
,,,,,,10/07/2013,$70K - $90K,1,6,5981,9842
,,,,,,10/07/2013 Total,,1,6,5981,9842
,,,,,,25/08/2013,$50K - $70K,1,3,5053,11096
,,,,,,25/08/2013 Total,,1,3,5053,11096
,,,,,,22/09/2013,$110K - $130K,1,4,7321,11838
,,,,,,22/09/2013 Total,,1,4,7321,11838
,,,,,,20/10/2013,$50K - $70K,1,5,7614,12606
,,,,,,20/10/2013 Total,,1,5,7614,12606
,,,,,Mexico Total,,,11,44,70646,91591
,,,,Veracruz Total,,,,11,44,70646,91591
,,,Orizaba Total,,,,,11,44,70646,91591
,,,Portland,OR,USA,17/02/2012,$50K - $70K,1,3,1202,504
,,,,,,17/02/2012 Total,,1,3,1202,504
,,,,,,27/04/2012,$30K - $50K,1,3,4273,1482
,,,,,,27/04/2012 Total,,1,3,4273,1482
,,,,,,26/06/2012,$30K - $50K,1,3,521,2234
,,,,,,26/06/2012 Total,,1,3,521,2234
,,,,,,03/10/2012,$10K - $30K,1,3,3873,3432
,,,,,,03/10/2012 Total,,1,3,3873,3432
,,,,,,10/12/2012,$130K - $150K,1,3,9325,4335
,,,,,,10/12/2012 Total,,1,3,9325,4335
,,,,,,22/02/2013,$30K - $50K,1,3,4056,6130
,,,,,,22/02/2013 Total,,1,3,4056,6130
,,,,,,16/09/2013,$10K - $30K,1,5,9307,11681
,,,,,,16/09/2013 Total,,1,5,9307,11681
,,,,,,28/11/2013,$50K - $70K,1,5,1202,13683
,,,,,,28/11/2013 Total,,1,5,1202,13683
,,,,,,07/12/2013,$30K - $50K,1,4,4274,13854
,,,,,,07/12/2013 Total,,1,4,4274,13854
,,,,,USA Total,,,9,32,38033,57335
,,,,OR Total,,,,9,32,38033,57335
,,,Portland Total,,,,,9,32,38033,57335
,,,Salem,OR,USA,31/12/2011,$70K - $90K,1,4,9554,30
,,,,,,31/12/2011 Total,,1,4,9554,30
,,,,,,22/01/2012,$30K - $50K,2,7,9697,371
,,,,,,22/01/2012 Total,,2,7,9697,371
,,,,,,12/03/2012,$90K - $110K,1,4,4623,816
,,,,,,12/03/2012 Total,,1,4,4623,816
,,,,,,16/03/2012,$130K - $150K,1,4,5433,870
,,,,,,16/03/2012 Total,,1,4,5433,870
,,,,,,28/03/2012,$30K - $50K,1,3,6087,1057
,,,,,,28/03/2012 Total,,1,3,6087,1057
,,,,,,16/04/2012,$70K - $90K,1,4,619,1324
,,,,,,16/04/2012 Total,,1,4,619,1324
,,,,,,29/06/2012,$10K - $30K,1,4,5060,2266
,,,,,,29/06/2012 Total,,1,4,5060,2266
,,,,,,05/07/2012,$130K - $150K,1,4,7521,2336
,,,,,,05/07/2012 Total,,1,4,7521,2336
,,,,,,11/07/2012,$10K - $30K,1,5,8841,2393
,,,,,,11/07/2012 Total,,1,5,8841,2393
,,,,,,28/07/2012,$10K - $30K,1,5,3589,2622
,,,,,,28/07/2012 Total,,1,5,3589,2622
,,,,,,08/08/2012,$30K - $50K,1,5,6904,2756
,,,,,,08/08/2012 Total,,1,5,6904,2756
,,,,,,11/12/2012,$10K - $30K,1,3,8841,4354
,,,,,,11/12/2012 Total,,1,3,8841,4354
,,,,,,15/12/2012,$50K - $70K,1,5,4881,4428
,,,,,,15/12/2012 Total,,1,5,4881,4428
,,,,,,29/12/2012,$10K - $30K,1,4,8841,4666
,,,,,,29/12/2012 Total,,1,4,8841,4666
,,,,,,03/01/2013,$130K - $150K,1,5,1626,4796
,,,,,,03/01/2013 Total,,1,5,1626,4796
,,,,,,31/01/2013,$130K - $150K,1,6,93,5469
,,,,,,31/01/2013 Total,,1,6,93,5469
,,,,,,16/03/2013,$70K - $90K,1,4,7522,6726
,,,,,,16/03/2013 Total,,1,4,7522,6726
,,,,,,19/04/2013,$30K - $50K,1,3,5560,7611
,,,,,,19/04/2013 Total,,1,3,5560,7611
,,,,,,24/06/2013,$70K - $90K,1,3,1360,9419
,,,,,,24/06/2013 Total,,1,3,1360,9419
,,,,,,02/07/2013,$130K - $150K,1,5,5433,9635
,,,,,,02/07/2013 Total,,1,5,5433,9635
,,,,,,31/07/2013,$50K - $70K,1,4,9787,10414
,,,,,,31/07/2013 Total,,1,4,9787,10414
,,,,,,06/08/2013,$70K - $90K,1,4,4875,10580
,,,,,,06/08/2013 Total,,1,4,4875,10580
,,,,,,23/08/2013,$30K - $50K,1,5,6713,11028
,,,,,,23/08/2013 Total,,1,5,6713,11028
,,,,,,13/11/2013,$50K - $70K,1,5,8619,13319
,,,,,,13/11/2013 Total,,1,5,8619,13319
,,,,,USA Total,,,25,105,142079,119286
,,,,OR Total,,,,25,105,142079,119286
,,,Salem Total,,,,,25,105,142079,119286
,,,San Andres,DF,Mexico,01/02/2013,$10K - $30K,1,3,1025,5525
,,,,,,01/02/2013 Total,,1,3,1025,5525
,,,,,,14/03/2013,$30K - $50K,1,2,9945,6649
,,,,,,14/03/2013 Total,,1,2,9945,6649
,,,,,,26/03/2013,$10K - $30K,1,3,4960,6947
,,,,,,26/03/2013 Total,,1,3,4960,6947
,,,,,,27/04/2013,$30K - $50K,1,5,7652,7826
,,,,,,27/04/2013 Total,,1,5,7652,7826
,,,,,,06/06/2013,$30K - $50K,1,6,7107,8942
,,,,,,06/06/2013 Total,,1,6,7107,8942
,,,,,,11/07/2013,$70K - $90K,1,4,3901,9902
,,,,,,11/07/2013 Total,,1,4,3901,9902
,,,,,,21/07/2013,$30K - $50K,1,4,2790,10187
,,,,,,21/07/2013 Total,,1,4,2790,10187
,,,,,,04/09/2013,$30K - $50K,1,3,1424,11343
,,,,,,04/09/2013 Total,,1,3,1424,11343
,,,,,,09/11/2013,$50K - $70K,1,4,6847,13178
,,,,,,09/11/2013 Total,,1,4,6847,13178
,,,,,,28/12/2013,$30K - $50K,1,4,1394,14050
,,,,,,28/12/2013 Total,,1,4,1394,14050
,,,,,Mexico Total,,,10,38,47045,94549
,,,,DF Total,,,,10,38,47045,94549
,,,San Andres Total,,,,,10,38,47045,94549
,,,San Diego,CA,USA,01/04/2012,$110K - $130K,1,3,2043,1115
,,,,,,01/04/2012 Total,,1,3,2043,1115
,,,,,,06/07/2012,$10K - $30K,1,4,55,2347
,,,,,,06/07/2012 Total,,1,4,55,2347
,,,,,,08/10/2012,$10K - $30K,1,4,6966,3498
,,,,,,08/10/2012 Total,,1,4,6966,3498
,,,,,,19/10/2012,$130K - $150K,1,4,2078,3625
,,,,,,19/10/2012 Total,,1,4,2078,3625
,,,,,,08/11/2012,$30K - $50K,1,5,7441,3884
,,,,,,08/11/2012 Total,,1,5,7441,3884
,,,,,,06/12/2012,$30K - $50K,1,4,603,4283
,,,,,,06/12/2012 Total,,1,4,603,4283
,,,,,,02/02/2013,$30K - $50K,1,6,7242,5549
,,,,,,02/02/2013 Total,,1,6,7242,5549
,,,,,,29/04/2013,$30K - $50K,1,3,1737,7864
,,,,,,29/04/2013 Total,,1,3,1737,7864
,,,,,,01/05/2013,$10K - $30K,1,4,629,7943
,,,,,,01/05/2013 Total,,1,4,629,7943
,,,,,,29/07/2013,$150K +,1,4,3642,10385
,,,,,,29/07/2013 Total,,1,4,3642,10385
,,,,,,01/08/2013,$10K - $30K,1,5,7986,10447
,,,,,,01/08/2013 Total,,1,5,7986,10447
,,,,,,03/08/2013,$30K - $50K,1,3,2994,10508
,,,,,,03/08/2013 Total,,1,3,2994,10508
,,,,,,12/08/2013,$30K - $50K,1,4,6414,10743
,,,,,,12/08/2013 Total,,1,4,6414,10743
,,,,,,27/08/2013,$150K +,1,4,2260,11128
,,,,,,27/08/2013 Total,,1,4,2260,11128
,,,,,,30/10/2013,$130K - $150K,1,3,2078,12892
,,,,,,30/10/2013 Total,,1,3,2078,12892
,,,,,USA Total,,,15,60,54168,106211
,,,,CA Total,,,,15,60,54168,106211
,,,San Diego Total,,,,,15,60,54168,106211
,,,San Francisco,CA,USA,24/03/2013,$90K - $110K,1,2,9478,6901
,,,,,,24/03/2013 Total,,1,2,9478,6901
,,,,,USA Total,,,1,2,9478,6901
,,,,CA Total,,,,1,2,9478,6901
,,,San Francisco Total,,,,,1,2,9478,6901
,,,Seattle,WA,USA,28/02/2012,$30K - $50K,1,4,4682,621
,,,,,,28/02/2012 Total,,1,4,4682,621
,,,,,,04/05/2012,$30K - $50K,1,6,4877,1577
,,,,,,04/05/2012 Total,,1,6,4877,1577
,,,,,,08/06/2012,$150K +,1,6,136,2028
,,,,,,08/06/2012 Total,,1,6,136,2028
,,,,,,29/08/2012,$50K - $70K,1,5,7861,3015
,,,,,,29/08/2012 Total,,1,5,7861,3015
,,,,,,15/03/2013,$50K - $70K,1,3,4205,6679
,,,,,,15/03/2013 Total,,1,3,4205,6679
,,,,,,29/04/2013,$130K - $150K,1,5,4667,7894
,,,,,,29/04/2013 Total,,1,5,4667,7894
,,,,,,01/09/2013,$30K - $50K,1,3,4228,11282
,,,,,,01/09/2013 Total,,1,3,4228,11282
,,,,,,01/10/2013,$10K - $30K,1,5,2178,12084
,,,,,,01/10/2013 Total,,1,5,2178,12084
,,,,,,02/12/2013,$50K - $70K,1,3,4153,13766
,,,,,,02/12/2013 Total,,1,3,4153,13766
,,,,,USA Total,,,9,40,36987,58946
,,,,WA Total,,,,9,40,36987,58946
,,,Seattle Total,,,,,9,40,36987,58946
,,,Spokane,WA,USA,21/05/2012,$30K - $50K,1,4,9815,1799
,,,,,,21/05/2012 Total,,1,4,9815,1799
,,,,,,05/06/2012,$30K - $50K,1,4,5374,1992
,,,,,,05/06/2012 Total,,1,4,5374,1992
,,,,,,11/05/2013,$30K - $50K,1,5,5374,8232
,,,,,,11/05/2013 Total,,1,5,5374,8232
,,,,,,02/06/2013,$50K - $70K,1,2,2553,8826
,,,,,,02/06/2013 Total,,1,2,2553,8826
,,,,,,27/07/2013,$10K - $30K,1,6,9897,10333
,,,,,,27/07/2013 Total,,1,6,9897,10333
,,,,,,27/08/2013,$70K - $90K,1,3,5766,11140
,,,,,,27/08/2013 Total,,1,3,5766,11140
,,,,,,20/09/2013,$10K - $30K,1,2,6348,11766
,,,,,,20/09/2013 Total,,1,2,6348,11766
,,,,,,05/10/2013,$30K - $50K,1,6,9631,12206
,,,,,,05/10/2013 Total,,1,6,9631,12206
,,,,,,14/10/2013,$110K - $130K,1,6,9318,12439
,,,,,,14/10/2013 Total,,1,6,9318,12439
,,,,,,24/12/2013,$50K - $70K,1,6,1567,14026
,,,,,,24/12/2013 Total,,1,6,1567,14026
,,,,,USA Total,,,10,44,65643,92759
,,,,WA Total,,,,10,44,65643,92759
,,,Spokane Total,,,,,10,44,65643,92759
,,,Tacoma,WA,USA,13/02/2012,$30K - $50K,1,5,3976,446
,,,,,,13/02/2012 Total,,1,5,3976,446
,,,,,,03/04/2012,$30K - $50K,1,5,806,1146
,,,,,,03/04/2012 Total,,1,5,806,1146
,,,,,,13/04/2012,$70K - $90K,1,3,7655,1275
,,,,,,13/04/2012 Total,,1,3,7655,1275
,,,,,,28/06/2012,$70K - $90K,1,5,2863,2261
,,,,,,28/06/2012 Total,,1,5,2863,2261
,,,,,,24/08/2012,$90K - $110K,1,5,6168,2952
,,,,,,24/08/2012 Total,,1,5,6168,2952
,,,,,,19/09/2012,$10K - $30K,1,4,9187,3261
,,,,,,19/09/2012 Total,,1,4,9187,3261
,,,,,,05/11/2012,$30K - $50K,1,3,1003,3843
,,,,,,05/11/2012 Total,,1,3,1003,3843
,,,,,,15/12/2012,$90K - $110K,1,4,6681,4418
,,,,,,15/12/2012 Total,,1,4,6681,4418
,,,,,,25/12/2012,$10K - $30K,1,4,8466,4596
,,,,,,25/12/2012 Total,,1,4,8466,4596
,,,,,,29/12/2012,$70K - $90K,1,6,4099,4668
,,,,,,29/12/2012 Total,,1,6,4099,4668
,,,,,,31/12/2012,$30K - $50K,1,2,2742,4718
,,,,,,31/12/2012 Total,,1,2,2742,4718
,,,,,,18/01/2013,$10K - $30K,1,5,7813,5136
,,,,,,,$30K - $50K,1,5,3976,5152
,,,,,,18/01/2013 Total,,2,10,11789,10288
,,,,,,02/06/2013,$90K - $110K,1,4,6681,8830
,,,,,,02/06/2013 Total,,1,4,6681,8830
,,,,,,18/06/2013,$130K - $150K,1,3,9487,9250
,,,,,,,$30K - $50K,1,3,6529,9244
,,,,,,18/06/2013 Total,,2,6,16016,18494
,,,,,USA Total,,,16,66,88132,71196
,,,,WA Total,,,,16,66,88132,71196
,,,Tacoma Total,,,,,16,66,88132,71196
,,,Vancouver,BC,Canada,11/01/2013,$30K - $50K,1,4,8569,4970
,,,,,,11/01/2013 Total,,1,4,8569,4970
,,,,,,01/02/2013,$10K - $30K,1,5,9904,5524
,,,,,,01/02/2013 Total,,1,5,9904,5524
,,,,,,20/05/2013,$30K - $50K,1,4,9166,8438
,,,,,,20/05/2013 Total,,1,4,9166,8438
,,,,,,01/07/2013,$50K - $70K,1,4,2029,9599
,,,,,,01/07/2013 Total,,1,4,2029,9599
,,,,,,02/07/2013,$50K - $70K,1,6,3616,9639
,,,,,,02/07/2013 Total,,1,6,3616,9639
,,,,,,18/08/2013,$30K - $50K,1,2,7471,10906
,,,,,,18/08/2013 Total,,1,2,7471,10906
,,,,,,27/08/2013,$10K - $30K,1,2,7936,11129
,,,,,,27/08/2013 Total,,1,2,7936,11129
,,,,,,22/12/2013,$130K - $150K,1,5,5159,14008
,,,,,,22/12/2013 Total,,1,5,5159,14008
,,,,,Canada Total,,,8,32,53850,74213
,,,,BC Total,,,,8,32,53850,74213
,,,Vancouver Total,,,,,8,32,53850,74213
,,,Victoria,BC,Canada,05/05/2013,$130K - $150K,1,4,1113,8052
,,,,,,05/05/2013 Total,,1,4,1113,8052
,,,,,,01/10/2013,$70K - $90K,1,5,4689,12111
,,,,,,01/10/2013 Total,,1,5,4689,12111
,,,,,,31/10/2013,$70K - $90K,1,3,6097,12927
,,,,,,31/10/2013 Total,,1,3,6097,12927
,,,,,,20/11/2013,$70K - $90K,1,4,913,13485
,,,,,,20/11/2013 Total,,1,4,913,13485
,,,,,Canada Total,,,4,16,12812,46575
,,,,BC Total,,,,4,16,12812,46575
,,,Victoria Total,,,,,4,16,12812,46575
,,,Yakima,WA,USA,04/10/2012,$70K - $90K,1,5,2077,3437
,,,,,,04/10/2012 Total,,1,5,2077,3437
,,,,,USA Total,,,1,5,2077,3437
,,,,WA Total,,,,1,5,2077,3437
,,,Yakima Total,,,,,1,5,2077,3437
,,M Total,,,,,,190,769,1007946,1278431
,,S,Acapulco,Guerrero,Mexico,08/02/2013,$10K - $30K,1,5,71,5707
,,,,,,08/02/2013 Total,,1,5,71,5707
,,,,,,01/03/2013,$10K - $30K,1,5,71,6321
,,,,,,01/03/2013 Total,,1,5,71,6321
,,,,,,15/07/2013,$10K - $30K,1,3,6346,10005
,,,,,,15/07/2013 Total,,1,3,6346,10005
,,,,,,03/08/2013,$10K - $30K,1,3,8176,10513
,,,,,,03/08/2013 Total,,1,3,8176,10513
,,,,,,02/11/2013,$10K - $30K,1,6,1823,12982
,,,,,,02/11/2013 Total,,1,6,1823,12982
,,,,,Mexico Total,,,5,22,16487,45528
,,,,Guerrero Total,,,,5,22,16487,45528
,,,Acapulco Total,,,,,5,22,16487,45528
,,,Bellingham,WA,USA,15/12/2012,$30K - $50K,1,2,4412,4425
,,,,,,15/12/2012 Total,,1,2,4412,4425
,,,,,,09/06/2013,$50K - $70K,1,3,7336,9010
,,,,,,09/06/2013 Total,,1,3,7336,9010
,,,,,USA Total,,,2,5,11748,13435
,,,,WA Total,,,,2,5,11748,13435
,,,Bellingham Total,,,,,2,5,11748,13435
,,,Beverly Hills,CA,USA,27/01/2012,$30K - $50K,1,5,10161,234
,,,,,,27/01/2012 Total,,1,5,10161,234
,,,,,,27/02/2012,$50K - $70K,1,5,5960,606
,,,,,,27/02/2012 Total,,1,5,5960,606
,,,,,,01/03/2012,$50K - $70K,1,3,5960,648
,,,,,,01/03/2012 Total,,1,3,5960,648
,,,,,,02/03/2012,$50K - $70K,1,6,3750,671
,,,,,,02/03/2012 Total,,1,6,3750,671
,,,,,,01/05/2012,$30K - $50K,1,4,44,1532
,,,,,,01/05/2012 Total,,1,4,44,1532
,,,,,,08/05/2012,$30K - $50K,1,3,10161,1642
,,,,,,08/05/2012 Total,,1,3,10161,1642
,,,,,,23/07/2012,$30K - $50K,1,3,9779,2559
,,,,,,23/07/2012 Total,,1,3,9779,2559
,,,,,,19/12/2012,$30K - $50K,1,6,5001,4488
,,,,,,19/12/2012 Total,,1,6,5001,4488
,,,,,,20/01/2013,$30K - $50K,1,2,5754,5195
,,,,,,20/01/2013 Total,,1,2,5754,5195
,,,,,,29/03/2013,$50K - $70K,1,5,2200,7042
,,,,,,29/03/2013 Total,,1,5,2200,7042
,,,,,,10/09/2013,$90K - $110K,1,2,6749,11515
,,,,,,10/09/2013 Total,,1,2,6749,11515
,,,,,,27/09/2013,$30K - $50K,1,5,9075,11988
,,,,,,27/09/2013 Total,,1,5,9075,11988
,,,,,,08/11/2013,$30K - $50K,1,2,3285,13141
,,,,,,08/11/2013 Total,,1,2,3285,13141
,,,,,,18/11/2013,$110K - $130K,1,3,717,13428
,,,,,,18/11/2013 Total,,1,3,717,13428
,,,,,USA Total,,,14,54,78596,74689
,,,,CA Total,,,,14,54,78596,74689
,,,Beverly Hills Total,,,,,14,54,78596,74689
,,,Bremerton,WA,USA,02/07/2012,$70K - $90K,1,5,9866,2309
,,,,,,02/07/2012 Total,,1,5,9866,2309
,,,,,,08/08/2012,$30K - $50K,1,4,4693,2763
,,,,,,08/08/2012 Total,,1,4,4693,2763
,,,,,,10/11/2012,$10K - $30K,1,4,1798,3898
,,,,,,10/11/2012 Total,,1,4,1798,3898
,,,,,,18/11/2012,$50K - $70K,1,2,3065,4009
,,,,,,18/11/2012 Total,,1,2,3065,4009
,,,,,,23/11/2012,$30K - $50K,1,4,5944,4094
,,,,,,23/11/2012 Total,,1,4,5944,4094
,,,,,,10/01/2013,$10K - $30K,1,3,5898,4959
,,,,,,10/01/2013 Total,,1,3,5898,4959
,,,,,,13/03/2013,$30K - $50K,1,2,9184,6630
,,,,,,13/03/2013 Total,,1,2,9184,6630
,,,,,,14/11/2013,$30K - $50K,1,4,5831,13348
,,,,,,14/11/2013 Total,,1,4,5831,13348
,,,,,USA Total,,,8,28,46279,42010
,,,,WA Total,,,,8,28,46279,42010
,,,Bremerton Total,,,,,8,28,46279,42010
,,,Camacho,Zacatecas,Mexico,07/03/2013,$50K - $70K,1,3,9895,6467
,,,,,,07/03/2013 Total,,1,3,9895,6467
,,,,,,27/05/2013,$70K - $90K,1,5,3366,8650
,,,,,,27/05/2013 Total,,1,5,3366,8650
,,,,,,31/05/2013,$10K - $30K,1,6,9525,8775
,,,,,,31/05/2013 Total,,1,6,9525,8775
,,,,,Mexico Total,,,3,14,22786,23892
,,,,Zacatecas Total,,,,3,14,22786,23892
,,,Camacho Total,,,,,3,14,22786,23892
,,,Hidalgo,Zacatecas,Mexico,07/03/2013,$30K - $50K,1,5,5478,6484
,,,,,,07/03/2013 Total,,1,5,5478,6484
,,,,,,15/05/2013,$30K - $50K,1,5,7836,8312
,,,,,,15/05/2013 Total,,1,5,7836,8312
,,,,,,06/08/2013,$30K - $50K,1,4,3210,10575
,,,,,,06/08/2013 Total,,1,4,3210,10575
,,,,,,11/11/2013,$30K - $50K,1,2,3210,13247
,,,,,,11/11/2013 Total,,1,2,3210,13247
,,,,,Mexico Total,,,4,16,19734,38618
,,,,Zacatecas Total,,,,4,16,19734,38618
,,,Hidalgo Total,,,,,4,16,19734,38618
,,,Los Angeles,CA,USA,13/03/2012,$70K - $90K,1,2,4162,834
,,,,,,13/03/2012 Total,,1,2,4162,834
,,,,,,30/03/2012,$30K - $50K,1,3,4722,1087
,,,,,,30/03/2012 Total,,1,3,4722,1087
,,,,,,17/04/2012,$30K - $50K,1,4,9068,1344
,,,,,,17/04/2012 Total,,1,4,9068,1344
,,,,,,25/07/2012,$30K - $50K,1,5,44,2587
,,,,,,25/07/2012 Total,,1,5,44,2587
,,,,,,04/09/2012,$110K - $130K,1,4,1538,3072
,,,,,,04/09/2012 Total,,1,4,1538,3072
,,,,,,05/12/2012,$30K - $50K,1,5,10174,4266
,,,,,,05/12/2012 Total,,1,5,10174,4266
,,,,,,11/02/2013,$30K - $50K,1,4,6927,5786
,,,,,,11/02/2013 Total,,1,4,6927,5786
,,,,,,07/06/2013,$30K - $50K,1,2,5014,8951
,,,,,,07/06/2013 Total,,1,2,5014,8951
,,,,,,14/06/2013,$10K - $30K,1,4,1872,9147
,,,,,,14/06/2013 Total,,1,4,1872,9147
,,,,,,24/08/2013,$10K - $30K,1,5,2111,11060
,,,,,,24/08/2013 Total,,1,5,2111,11060
,,,,,USA Total,,,10,38,45632,48134
,,,,CA Total,,,,10,38,45632,48134
,,,Los Angeles Total,,,,,10,38,45632,48134
,,,Merida,Yucatan,Mexico,17/02/2013,$30K - $50K,1,4,5642,5958
,,,,,,17/02/2013 Total,,1,4,5642,5958
,,,,,,18/02/2013,$70K - $90K,1,4,1419,5998
,,,,,,18/02/2013 Total,,1,4,1419,5998
,,,,,,20/02/2013,$90K - $110K,1,5,321,6058
,,,,,,20/02/2013 Total,,1,5,321,6058
,,,,,,28/02/2013,$30K - $50K,1,4,5466,6300
,,,,,,28/02/2013 Total,,1,4,5466,6300
,,,,,,17/06/2013,$70K - $90K,1,3,3244,9229
,,,,,,17/06/2013 Total,,1,3,3244,9229
,,,,,,18/07/2013,$30K - $50K,1,4,5466,10089
,,,,,,18/07/2013 Total,,1,4,5466,10089
,,,,,,10/08/2013,$30K - $50K,1,5,9610,10688
,,,,,,10/08/2013 Total,,1,5,9610,10688
,,,,,,24/08/2013,$70K - $90K,1,3,6632,11058
,,,,,,24/08/2013 Total,,1,3,6632,11058
,,,,,Mexico Total,,,8,32,37800,65378
,,,,Yucatan Total,,,,8,32,37800,65378
,,,Merida Total,,,,,8,32,37800,65378
,,,Mexico City,DF,Mexico,17/01/2013,$30K - $50K,1,5,8548,5132
,,,,,,17/01/2013 Total,,1,5,8548,5132
,,,,,,20/01/2013,$50K - $70K,1,5,1393,5207
,,,,,,20/01/2013 Total,,1,5,1393,5207
,,,,,,23/06/2013,$50K - $70K,1,4,8061,9394
,,,,,,23/06/2013 Total,,1,4,8061,9394
,,,,,,08/08/2013,$10K - $30K,1,5,6444,10649
,,,,,,08/08/2013 Total,,1,5,6444,10649
,,,,,Mexico Total,,,4,19,24446,30382
,,,,DF Total,,,,4,19,24446,30382
,,,Mexico City Total,,,,,4,19,24446,30382
,,,Orizaba,Veracruz,Mexico,25/07/2013,$50K - $70K,1,5,1183,10262
,,,,,,25/07/2013 Total,,1,5,1183,10262
,,,,,,20/09/2013,$30K - $50K,1,5,1325,11781
,,,,,,20/09/2013 Total,,1,5,1325,11781
,,,,,,20/10/2013,$30K - $50K,1,4,3957,12618
,,,,,,20/10/2013 Total,,1,4,3957,12618
,,,,,,27/10/2013,$30K - $50K,1,6,5172,12817
,,,,,,27/10/2013 Total,,1,6,5172,12817
,,,,,,02/12/2013,$50K - $70K,1,5,4319,13769
,,,,,,02/12/2013 Total,,1,5,4319,13769
,,,,,Mexico Total,,,5,25,15956,61247
,,,,Veracruz Total,,,,5,25,15956,61247
,,,Orizaba Total,,,,,5,25,15956,61247
,,,Portland,OR,USA,30/05/2012,$70K - $90K,1,4,9213,1908
,,,,,,30/05/2012 Total,,1,4,9213,1908
,,,,,,17/07/2012,$30K - $50K,1,6,7434,2477
,,,,,,17/07/2012 Total,,1,6,7434,2477
,,,,,,05/08/2012,$130K - $150K,1,4,4401,2715
,,,,,,05/08/2012 Total,,1,4,4401,2715
,,,,,,27/09/2012,$110K - $130K,1,4,41,3347
,,,,,,27/09/2012 Total,,1,4,41,3347
,,,,,,30/09/2012,$150K +,1,3,1638,3384
,,,,,,30/09/2012 Total,,1,3,1638,3384
,,,,,,21/01/2013,$30K - $50K,1,4,5639,5218
,,,,,,21/01/2013 Total,,1,4,5639,5218
,,,,,,17/02/2013,$30K - $50K,1,2,4555,5982
,,,,,,17/02/2013 Total,,1,2,4555,5982
,,,,,,11/04/2013,$50K - $70K,1,4,1041,7404
,,,,,,11/04/2013 Total,,1,4,1041,7404
,,,,,,01/05/2013,$70K - $90K,1,4,7433,7945
,,,,,,01/05/2013 Total,,1,4,7433,7945
,,,,,,31/08/2013,$30K - $50K,1,5,7963,11237
,,,,,,31/08/2013 Total,,1,5,7963,11237
,,,,,USA Total,,,10,40,49358,51617
,,,,OR Total,,,,10,40,49358,51617
,,,Portland Total,,,,,10,40,49358,51617
,,,Salem,OR,USA,01/02/2012,$110K - $130K,1,5,780,295
,,,,,,01/02/2012 Total,,1,5,780,295
,,,,,,07/03/2012,$70K - $90K,1,4,9826,733
,,,,,,07/03/2012 Total,,1,4,9826,733
,,,,,,02/04/2012,$110K - $130K,1,3,5903,1120
,,,,,,02/04/2012 Total,,1,3,5903,1120
,,,,,,23/07/2012,$110K - $130K,1,5,780,2562
,,,,,,23/07/2012 Total,,1,5,780,2562
,,,,,,21/08/2012,$50K - $70K,1,6,4503,2917
,,,,,,21/08/2012 Total,,1,6,4503,2917
,,,,,,28/08/2012,$30K - $50K,1,4,994,3005
,,,,,,28/08/2012 Total,,1,4,994,3005
,,,,,,10/12/2012,$30K - $50K,1,5,465,4333
,,,,,,10/12/2012 Total,,1,5,465,4333
,,,,,,14/12/2012,$30K - $50K,1,4,819,4399
,,,,,,14/12/2012 Total,,1,4,819,4399
,,,,,,01/01/2013,$90K - $110K,1,5,1271,4740
,,,,,,01/01/2013 Total,,1,5,1271,4740
,,,,,,20/01/2013,$70K - $90K,1,3,9501,5185
,,,,,,20/01/2013 Total,,1,3,9501,5185
,,,,,,03/03/2013,$30K - $50K,1,4,6607,6366
,,,,,,03/03/2013 Total,,1,4,6607,6366
,,,,,,06/04/2013,$30K - $50K,1,4,178,7256
,,,,,,06/04/2013 Total,,1,4,178,7256
,,,,,,04/05/2013,$70K - $90K,1,4,2548,8009
,,,,,,04/05/2013 Total,,1,4,2548,8009
,,,,,,17/05/2013,$30K - $50K,1,4,1166,8380
,,,,,,,$50K - $70K,1,6,3529,8371
,,,,,,17/05/2013 Total,,2,10,4695,16751
,,,,,,01/07/2013,$70K - $90K,1,3,7780,9593
,,,,,,01/07/2013 Total,,1,3,7780,9593
,,,,,,09/10/2013,$70K - $90K,1,5,1330,12295
,,,,,,09/10/2013 Total,,1,5,1330,12295
,,,,,,26/10/2013,$30K - $50K,1,5,178,12795
,,,,,,26/10/2013 Total,,1,5,178,12795
,,,,,,05/12/2013,$30K - $50K,1,4,4961,13832
,,,,,,05/12/2013 Total,,1,4,4961,13832
,,,,,USA Total,,,19,83,63119,116186
,,,,OR Total,,,,19,83,63119,116186
,,,Salem Total,,,,,19,83,63119,116186
,,,San Andres,DF,Mexico,19/01/2013,$10K - $30K,1,6,9241,5171
,,,,,,19/01/2013 Total,,1,6,9241,5171
,,,,,,03/03/2013,$110K - $130K,1,4,9848,6370
,,,,,,,$30K - $50K,1,4,248,6380
,,,,,,03/03/2013 Total,,2,8,10096,12750
,,,,,,16/03/2013,$10K - $30K,1,4,5494,6707
,,,,,,16/03/2013 Total,,1,4,5494,6707
,,,,,,08/06/2013,$10K - $30K,1,4,2826,8980
,,,,,,08/06/2013 Total,,1,4,2826,8980
,,,,,,21/06/2013,$30K - $50K,1,6,6804,9330
,,,,,,21/06/2013 Total,,1,6,6804,9330
,,,,,,24/06/2013,$30K - $50K,1,7,9243,9409
,,,,,,24/06/2013 Total,,1,7,9243,9409
,,,,,,04/08/2013,$30K - $50K,1,3,5457,10546
,,,,,,04/08/2013 Total,,1,3,5457,10546
,,,,,,23/08/2013,$10K - $30K,1,5,2286,11040
,,,,,,23/08/2013 Total,,1,5,2286,11040
,,,,,,03/09/2013,$50K - $70K,2,8,15494,22615
,,,,,,03/09/2013 Total,,2,8,15494,22615
,,,,,,18/11/2013,$130K - $150K,1,5,5985,13442
,,,,,,18/11/2013 Total,,1,5,5985,13442
,,,,,Mexico Total,,,12,56,72926,109990
,,,,DF Total,,,,12,56,72926,109990
,,,San Andres Total,,,,,12,56,72926,109990
,,,San Diego,CA,USA,22/01/2012,$10K - $30K,1,3,2361,191
,,,,,,22/01/2012 Total,,1,3,2361,191
,,,,,,30/01/2012,$30K - $50K,1,3,7341,280
,,,,,,30/01/2012 Total,,1,3,7341,280
,,,,,,05/04/2012,$70K - $90K,1,5,4039,1176
,,,,,,05/04/2012 Total,,1,5,4039,1176
,,,,,,26/04/2012,$30K - $50K,1,4,3321,1471
,,,,,,26/04/2012 Total,,1,4,3321,1471
,,,,,,04/06/2012,$30K - $50K,1,5,8623,1990
,,,,,,04/06/2012 Total,,1,5,8623,1990
,,,,,,05/06/2012,$50K - $70K,1,4,2255,2000
,,,,,,05/06/2012 Total,,1,4,2255,2000
,,,,,,22/08/2012,$50K - $70K,1,3,7938,2936
,,,,,,22/08/2012 Total,,1,3,7938,2936
,,,,,,28/08/2012,$10K - $30K,1,4,7323,3004
,,,,,,28/08/2012 Total,,1,4,7323,3004
,,,,,,31/10/2012,$110K - $130K,1,3,4463,3769
,,,,,,31/10/2012 Total,,1,3,4463,3769
,,,,,,02/01/2013,$30K - $50K,1,3,4843,4753
,,,,,,02/01/2013 Total,,1,3,4843,4753
,,,,,,27/02/2013,$10K - $30K,1,2,7664,6266
,,,,,,27/02/2013 Total,,1,2,7664,6266
,,,,,,22/04/2013,$30K - $50K,1,4,7247,7677
,,,,,,22/04/2013 Total,,1,4,7247,7677
,,,,,,30/04/2013,$30K - $50K,1,4,5103,7907
,,,,,,30/04/2013 Total,,1,4,5103,7907
,,,,,,11/05/2013,$130K - $150K,1,4,2735,8218
,,,,,,11/05/2013 Total,,1,4,2735,8218
,,,,,,23/10/2013,$10K - $30K,1,3,9703,12693
,,,,,,23/10/2013 Total,,1,3,9703,12693
,,,,,,08/11/2013,$30K - $50K,1,6,834,13147
,,,,,,08/11/2013 Total,,1,6,834,13147
,,,,,USA Total,,,16,60,85793,77478
,,,,CA Total,,,,16,60,85793,77478
,,,San Diego Total,,,,,16,60,85793,77478
,,,Seattle,WA,USA,03/05/2012,$110K - $130K,1,6,4692,1568
,,,,,,03/05/2012 Total,,1,6,4692,1568
,,,,,,19/02/2013,$70K - $90K,1,6,9687,6015
,,,,,,19/02/2013 Total,,1,6,9687,6015
,,,,,,05/03/2013,$50K - $70K,1,4,7689,6413
,,,,,,05/03/2013 Total,,1,4,7689,6413
,,,,,,14/09/2013,$70K - $90K,1,4,1646,11608
,,,,,,14/09/2013 Total,,1,4,1646,11608
,,,,,,16/10/2013,$10K - $30K,1,4,8561,12506
,,,,,,16/10/2013 Total,,1,4,8561,12506
,,,,,USA Total,,,5,24,32275,38110
,,,,WA Total,,,,5,24,32275,38110
,,,Seattle Total,,,,,5,24,32275,38110
,,,Spokane,WA,USA,20/03/2012,$30K - $50K,1,3,4397,930
,,,,,,20/03/2012 Total,,1,3,4397,930
,,,,,,04/04/2012,$130K - $150K,1,4,1850,1153
,,,,,,04/04/2012 Total,,1,4,1850,1153
,,,,,,10/08/2012,$50K - $70K,1,4,1415,2783
,,,,,,10/08/2012 Total,,1,4,1415,2783
,,,,,,19/10/2012,$30K - $50K,1,5,378,3628
,,,,,,19/10/2012 Total,,1,5,378,3628
,,,,,,25/11/2012,$10K - $30K,1,5,2371,4113
,,,,,,25/11/2012 Total,,1,5,2371,4113
,,,,,,28/03/2013,$30K - $50K,1,6,1297,7030
,,,,,,28/03/2013 Total,,1,6,1297,7030
,,,,,,06/04/2013,$70K - $90K,1,5,8351,7251
,,,,,,06/04/2013 Total,,1,5,8351,7251
,,,,,,19/09/2013,$30K - $50K,1,3,4397,11757
,,,,,,19/09/2013 Total,,1,3,4397,11757
,,,,,USA Total,,,8,35,24456,38645
,,,,WA Total,,,,8,35,24456,38645
,,,Spokane Total,,,,,8,35,24456,38645
,,,Tacoma,WA,USA,18/04/2012,$50K - $70K,1,3,5067,1354
,,,,,,18/04/2012 Total,,1,3,5067,1354
,,,,,,08/08/2012,$30K - $50K,1,4,8059,2757
,,,,,,08/08/2012 Total,,1,4,8059,2757
,,,,,,01/10/2012,$50K - $70K,1,7,9745,3391
,,,,,,01/10/2012 Total,,1,7,9745,3391
,,,,,,16/10/2012,$30K - $50K,1,4,4221,3601
,,,,,,16/10/2012 Total,,1,4,4221,3601
,,,,,,18/12/2012,$10K - $30K,1,5,6047,4465
,,,,,,18/12/2012 Total,,1,5,6047,4465
,,,,,,05/01/2013,$30K - $50K,1,3,8059,4826
,,,,,,05/01/2013 Total,,1,3,8059,4826
,,,,,,30/03/2013,$10K - $30K,1,2,2335,7085
,,,,,,30/03/2013 Total,,1,2,2335,7085
,,,,,,04/04/2013,$30K - $50K,1,3,5895,7212
,,,,,,04/04/2013 Total,,1,3,5895,7212
,,,,,,16/06/2013,$30K - $50K,1,5,6647,9199
,,,,,,16/06/2013 Total,,1,5,6647,9199
,,,,,,17/06/2013,$70K - $90K,1,7,6666,9220
,,,,,,17/06/2013 Total,,1,7,6666,9220
,,,,,,21/06/2013,$10K - $30K,1,3,6047,9332
,,,,,,21/06/2013 Total,,1,3,6047,9332
,,,,,,27/06/2013,$30K - $50K,1,3,5895,9478
,,,,,,27/06/2013 Total,,1,3,5895,9478
,,,,,,01/07/2013,$10K - $30K,1,4,5877,9589
,,,,,,01/07/2013 Total,,1,4,5877,9589
,,,,,,24/07/2013,$110K - $130K,1,5,7059,10244
,,,,,,24/07/2013 Total,,1,5,7059,10244
,,,,,,07/08/2013,$10K - $30K,1,5,5877,10605
,,,,,,07/08/2013 Total,,1,5,5877,10605
,,,,,,10/09/2013,$10K - $30K,1,4,5038,11519
,,,,,,10/09/2013 Total,,1,4,5038,11519
,,,,,,30/09/2013,$50K - $70K,1,6,4118,12072
,,,,,,30/09/2013 Total,,1,6,4118,12072
,,,,,,01/11/2013,$30K - $50K,1,4,8500,12945
,,,,,,01/11/2013 Total,,1,4,8500,12945
,,,,,,30/11/2013,$130K - $150K,1,5,1328,13718
,,,,,,30/11/2013 Total,,1,5,1328,13718
,,,,,USA Total,,,19,82,112480,152612
,,,,WA Total,,,,19,82,112480,152612
,,,Tacoma Total,,,,,19,82,112480,152612
,,,Vancouver,BC,Canada,30/01/2013,$30K - $50K,1,3,4720,5450
,,,,,,30/01/2013 Total,,1,3,4720,5450
,,,,,,18/04/2013,$70K - $90K,1,5,3771,7579
,,,,,,18/04/2013 Total,,1,5,3771,7579
,,,,,,27/05/2013,$30K - $50K,1,5,60,8647
,,,,,,27/05/2013 Total,,1,5,60,8647
,,,,,,11/06/2013,$30K - $50K,1,4,3338,9067
,,,,,,11/06/2013 Total,,1,4,3338,9067
,,,,,,26/06/2013,$10K - $30K,1,5,119,9463
,,,,,,26/06/2013 Total,,1,5,119,9463
,,,,,,07/07/2013,$10K - $30K,1,4,3226,9781
,,,,,,07/07/2013 Total,,1,4,3226,9781
,,,,,,19/07/2013,$50K - $70K,1,6,8469,10136
,,,,,,19/07/2013 Total,,1,6,8469,10136
,,,,,,12/08/2013,$50K - $70K,1,2,7227,10751
,,,,,,12/08/2013 Total,,1,2,7227,10751
,,,,,,05/09/2013,$30K - $50K,1,4,5465,11376
,,,,,,05/09/2013 Total,,1,4,5465,11376
,,,,,,09/09/2013,$30K - $50K,1,6,7954,11464
,,,,,,09/09/2013 Total,,1,6,7954,11464
,,,,,,10/10/2013,$150K +,1,3,1431,12322
,,,,,,10/10/2013 Total,,1,3,1431,12322
,,,,,,29/11/2013,$150K +,1,3,2163,13705
,,,,,,29/11/2013 Total,,1,3,2163,13705
,,,,,Canada Total,,,12,50,47943,119741
,,,,BC Total,,,,12,50,47943,119741
,,,Vancouver Total,,,,,12,50,47943,119741
,,,Victoria,BC,Canada,21/02/2013,$30K - $50K,1,4,9665,6085
,,,,,,21/02/2013 Total,,1,4,9665,6085
,,,,,,08/05/2013,$90K - $110K,1,6,869,8157
,,,,,,08/05/2013 Total,,1,6,869,8157
,,,,,,21/07/2013,$90K - $110K,1,4,972,10181
,,,,,,21/07/2013 Total,,1,4,972,10181
,,,,,Canada Total,,,3,14,11506,24423
,,,,BC Total,,,,3,14,11506,24423
,,,Victoria Total,,,,,3,14,11506,24423
,,,Walla Walla,WA,USA,28/04/2012,$130K - $150K,1,3,6759,1500
,,,,,,28/04/2012 Total,,1,3,6759,1500
,,,,,,17/06/2013,$110K - $130K,1,2,9870,9224
,,,,,,17/06/2013 Total,,1,2,9870,9224
,,,,,,01/09/2013,$50K - $70K,1,4,1508,11261
,,,,,,01/09/2013 Total,,1,4,1508,11261
,,,,,,17/09/2013,$30K - $50K,1,2,6684,11691
,,,,,,17/09/2013 Total,,1,2,6684,11691
,,,,,USA Total,,,4,11,24821,33676
,,,,WA Total,,,,4,11,24821,33676
,,,Walla Walla Total,,,,,4,11,24821,33676
,,,Yakima,WA,USA,13/03/2012,$30K - $50K,1,3,7171,821
,,,,,,13/03/2012 Total,,1,3,7171,821
,,,,,,16/06/2012,$50K - $70K,1,4,7190,2113
,,,,,,16/06/2012 Total,,1,4,7190,2113
,,,,,,02/05/2013,$90K - $110K,1,5,4958,7966
,,,,,,02/05/2013 Total,,1,5,4958,7966
,,,,,,14/06/2013,$30K - $50K,1,5,6105,9145
,,,,,,14/06/2013 Total,,1,5,6105,9145
,,,,,,25/07/2013,$30K - $50K,1,6,6888,10275
,,,,,,25/07/2013 Total,,1,6,6888,10275
,,,,,,11/11/2013,$10K - $30K,1,4,463,13248
,,,,,,11/11/2013 Total,,1,4,463,13248
,,,,,USA Total,,,6,27,32775,43568
,,,,WA Total,,,,6,27,32775,43568
,,,Yakima Total,,,,,6,27,32775,43568
,,S Total,,,,,,177,735,876916,1249359
,M Total,,,,,,,367,1504,1884862,2527790
Meat Total,,,,,,,,761,3114,3835138,5317457
Miscellaneous,F,M,Bremerton,WA,USA,19/11/2013,$90K - $110K,1,5,5346,13454
,,,,,,19/11/2013 Total,,1,5,5346,13454
,,,,,USA Total,,,1,5,5346,13454
,,,,WA Total,,,,1,5,5346,13454
,,,Bremerton Total,,,,,1,5,5346,13454
,,,Hidalgo,Zacatecas,Mexico,22/09/2013,$30K - $50K,1,4,7134,11839
,,,,,,22/09/2013 Total,,1,4,7134,11839
,,,,,Mexico Total,,,1,4,7134,11839
,,,,Zacatecas Total,,,,1,4,7134,11839
,,,Hidalgo Total,,,,,1,4,7134,11839
,,,Los Angeles,CA,USA,23/11/2012,$50K - $70K,1,3,2208,4081
,,,,,,23/11/2012 Total,,1,3,2208,4081
,,,,,USA Total,,,1,3,2208,4081
,,,,CA Total,,,,1,3,2208,4081
,,,Los Angeles Total,,,,,1,3,2208,4081
,,,Orizaba,Veracruz,Mexico,26/02/2013,$70K - $90K,1,5,4198,6238
,,,,,,26/02/2013 Total,,1,5,4198,6238
,,,,,Mexico Total,,,1,5,4198,6238
,,,,Veracruz Total,,,,1,5,4198,6238
,,,Orizaba Total,,,,,1,5,4198,6238
,,,Portland,OR,USA,11/10/2012,$50K - $70K,1,5,1132,3537
,,,,,,11/10/2012 Total,,1,5,1132,3537
,,,,,,17/11/2013,$130K - $150K,1,3,7964,13403
,,,,,,17/11/2013 Total,,1,3,7964,13403
,,,,,USA Total,,,2,8,9096,16940
,,,,OR Total,,,,2,8,9096,16940
,,,Portland Total,,,,,2,8,9096,16940
,,,Salem,OR,USA,25/04/2012,$50K - $70K,1,3,4507,1464
,,,,,,25/04/2012 Total,,1,3,4507,1464
,,,,,,11/12/2012,$10K - $30K,1,4,4004,4362
,,,,,,11/12/2012 Total,,1,4,4004,4362
,,,,,USA Total,,,2,7,8511,5826
,,,,OR Total,,,,2,7,8511,5826
,,,Salem Total,,,,,2,7,8511,5826
,,,San Diego,CA,USA,03/09/2012,$50K - $70K,1,3,9488,3065
,,,,,,03/09/2012 Total,,1,3,9488,3065
,,,,,,26/03/2013,$50K - $70K,1,4,9786,6961
,,,,,,26/03/2013 Total,,1,4,9786,6961
,,,,,USA Total,,,2,7,19274,10026
,,,,CA Total,,,,2,7,19274,10026
,,,San Diego Total,,,,,2,7,19274,10026
,,,Spokane,WA,USA,07/04/2012,$30K - $50K,1,3,4391,1194
,,,,,,07/04/2012 Total,,1,3,4391,1194
,,,,,,28/06/2012,$50K - $70K,1,5,9797,2255
,,,,,,28/06/2012 Total,,1,5,9797,2255
,,,,,,19/11/2012,$10K - $30K,1,3,511,4026
,,,,,,19/11/2012 Total,,1,3,511,4026
,,,,,USA Total,,,3,11,14699,7475
,,,,WA Total,,,,3,11,14699,7475
,,,Spokane Total,,,,,3,11,14699,7475
,,,Vancouver,BC,Canada,29/07/2013,$70K - $90K,1,4,6915,10380
,,,,,,29/07/2013 Total,,1,4,6915,10380
,,,,,Canada Total,,,1,4,6915,10380
,,,,BC Total,,,,1,4,6915,10380
,,,Vancouver Total,,,,,1,4,6915,10380
,,,Walla Walla,WA,USA,21/09/2012,$10K - $30K,1,1,5555,3294
,,,,,,21/09/2012 Total,,1,1,5555,3294
,,,,,USA Total,,,1,1,5555,3294
,,,,WA Total,,,,1,1,5555,3294
,,,Walla Walla Total,,,,,1,1,5555,3294
,,M Total,,,,,,15,55,82936,89553
,,S,Beverly Hills,CA,USA,02/02/2012,$30K - $50K,1,5,5553,324
,,,,,,02/02/2012 Total,,1,5,5553,324
,,,,,USA Total,,,1,5,5553,324
,,,,CA Total,,,,1,5,5553,324
,,,Beverly Hills Total,,,,,1,5,5553,324
,,,Bremerton,WA,USA,13/01/2012,$50K - $70K,1,6,7622,100
,,,,,,13/01/2012 Total,,1,6,7622,100
,,,,,USA Total,,,1,6,7622,100
,,,,WA Total,,,,1,6,7622,100
,,,Bremerton Total,,,,,1,6,7622,100
,,,Hidalgo,Zacatecas,Mexico,25/10/2013,$50K - $70K,1,4,1972,12767
,,,,,,25/10/2013 Total,,1,4,1972,12767
,,,,,Mexico Total,,,1,4,1972,12767
,,,,Zacatecas Total,,,,1,4,1972,12767
,,,Hidalgo Total,,,,,1,4,1972,12767
,,,Los Angeles,CA,USA,08/05/2012,$30K - $50K,1,3,967,1647
,,,,,,08/05/2012 Total,,1,3,967,1647
,,,,,USA Total,,,1,3,967,1647
,,,,CA Total,,,,1,3,967,1647
,,,Los Angeles Total,,,,,1,3,967,1647
,,,Mexico City,DF,Mexico,08/03/2013,$10K - $30K,1,3,10000,6493
,,,,,,08/03/2013 Total,,1,3,10000,6493
,,,,,Mexico Total,,,1,3,10000,6493
,,,,DF Total,,,,1,3,10000,6493
,,,Mexico City Total,,,,,1,3,10000,6493
,,,Orizaba,Veracruz,Mexico,20/03/2013,$130K - $150K,1,3,1390,6812
,,,,,,20/03/2013 Total,,1,3,1390,6812
,,,,,Mexico Total,,,1,3,1390,6812
,,,,Veracruz Total,,,,1,3,1390,6812
,,,Orizaba Total,,,,,1,3,1390,6812
,,,Salem,OR,USA,13/03/2012,$50K - $70K,1,5,7262,825
,,,,,,13/03/2012 Total,,1,5,7262,825
,,,,,,23/03/2012,$10K - $30K,1,3,9648,971
,,,,,,23/03/2012 Total,,1,3,9648,971
,,,,,,16/01/2013,$50K - $70K,1,3,4518,5092
,,,,,,16/01/2013 Total,,1,3,4518,5092
,,,,,,02/09/2013,$30K - $50K,1,2,6932,11293
,,,,,,02/09/2013 Total,,1,2,6932,11293
,,,,,USA Total,,,4,13,28360,18181
,,,,OR Total,,,,4,13,28360,18181
,,,Salem Total,,,,,4,13,28360,18181
,,,Seattle,WA,USA,01/05/2012,$130K - $150K,1,4,3158,1530
,,,,,,01/05/2012 Total,,1,4,3158,1530
,,,,,,11/04/2013,$10K - $30K,1,4,1329,7408
,,,,,,11/04/2013 Total,,1,4,1329,7408
,,,,,USA Total,,,2,8,4487,8938
,,,,WA Total,,,,2,8,4487,8938
,,,Seattle Total,,,,,2,8,4487,8938
,,,Tacoma,WA,USA,02/02/2012,$50K - $70K,1,5,5379,328
,,,,,,02/02/2012 Total,,1,5,5379,328
,,,,,,15/10/2013,$50K - $70K,1,4,2966,12480
,,,,,,15/10/2013 Total,,1,4,2966,12480
,,,,,USA Total,,,2,9,8345,12808
,,,,WA Total,,,,2,9,8345,12808
,,,Tacoma Total,,,,,2,9,8345,12808
,,,Vancouver,BC,Canada,03/05/2013,$10K - $30K,1,6,6259,7986
,,,,,,03/05/2013 Total,,1,6,6259,7986
,,,,,Canada Total,,,1,6,6259,7986
,,,,BC Total,,,,1,6,6259,7986
,,,Vancouver Total,,,,,1,6,6259,7986
,,S Total,,,,,,15,60,74955,76056
,F Total,,,,,,,30,115,157891,165609
,M,M,Beverly Hills,CA,USA,10/12/2012,$10K - $30K,1,3,7408,4331
,,,,,,10/12/2012 Total,,1,3,7408,4331
,,,,,USA Total,,,1,3,7408,4331
,,,,CA Total,,,,1,3,7408,4331
,,,Beverly Hills Total,,,,,1,3,7408,4331
,,,Bremerton,WA,USA,05/12/2013,$10K - $30K,1,3,9881,13824
,,,,,,05/12/2013 Total,,1,3,9881,13824
,,,,,USA Total,,,1,3,9881,13824
,,,,WA Total,,,,1,3,9881,13824
,,,Bremerton Total,,,,,1,3,9881,13824
,,,San Diego,CA,USA,08/02/2012,$130K - $150K,1,3,9057,395
,,,,,,08/02/2012 Total,,1,3,9057,395
,,,,,USA Total,,,1,3,9057,395
,,,,CA Total,,,,1,3,9057,395
,,,San Diego Total,,,,,1,3,9057,395
,,,Spokane,WA,USA,16/03/2013,$30K - $50K,1,4,7862,6721
,,,,,,16/03/2013 Total,,1,4,7862,6721
,,,,,USA Total,,,1,4,7862,6721
,,,,WA Total,,,,1,4,7862,6721
,,,Spokane Total,,,,,1,4,7862,6721
,,,Tacoma,WA,USA,07/01/2012,$110K - $130K,1,4,5590,66
,,,,,,07/01/2012 Total,,1,4,5590,66
,,,,,USA Total,,,1,4,5590,66
,,,,WA Total,,,,1,4,5590,66
,,,Tacoma Total,,,,,1,4,5590,66
,,M Total,,,,,,5,17,39798,25337
,,S,Bremerton,WA,USA,12/08/2013,$10K - $30K,1,3,9029,10737
,,,,,,12/08/2013 Total,,1,3,9029,10737
,,,,,USA Total,,,1,3,9029,10737
,,,,WA Total,,,,1,3,9029,10737
,,,Bremerton Total,,,,,1,3,9029,10737
,,,Orizaba,Veracruz,Mexico,14/10/2013,$130K - $150K,1,6,7376,12453
,,,,,,14/10/2013 Total,,1,6,7376,12453
,,,,,Mexico Total,,,1,6,7376,12453
,,,,Veracruz Total,,,,1,6,7376,12453
,,,Orizaba Total,,,,,1,6,7376,12453
,,,Portland,OR,USA,19/09/2012,$50K - $70K,1,5,96,3267
,,,,,,19/09/2012 Total,,1,5,96,3267
,,,,,USA Total,,,1,5,96,3267
,,,,OR Total,,,,1,5,96,3267
,,,Portland Total,,,,,1,5,96,3267
,,,Salem,OR,USA,09/04/2012,$30K - $50K,1,4,4556,1215
,,,,,,09/04/2012 Total,,1,4,4556,1215
,,,,,USA Total,,,1,4,4556,1215
,,,,OR Total,,,,1,4,4556,1215
,,,Salem Total,,,,,1,4,4556,1215
,,,San Andres,DF,Mexico,08/05/2013,$30K - $50K,1,4,568,8147
,,,,,,08/05/2013 Total,,1,4,568,8147
,,,,,Mexico Total,,,1,4,568,8147
,,,,DF Total,,,,1,4,568,8147
,,,San Andres Total,,,,,1,4,568,8147
,,,Spokane,WA,USA,19/04/2012,$50K - $70K,1,3,1415,1380
,,,,,,19/04/2012 Total,,1,3,1415,1380
,,,,,USA Total,,,1,3,1415,1380
,,,,WA Total,,,,1,3,1415,1380
,,,Spokane Total,,,,,1,3,1415,1380
,,,Tacoma,WA,USA,11/11/2013,$130K - $150K,1,4,8794,13238
,,,,,,11/11/2013 Total,,1,4,8794,13238
,,,,,USA Total,,,1,4,8794,13238
,,,,WA Total,,,,1,4,8794,13238
,,,Tacoma Total,,,,,1,4,8794,13238
,,S Total,,,,,,7,29,31834,50437
,M Total,,,,,,,12,46,71632,75774
Miscellaneous Total,,,,,,,,42,161,229523,241383
Packaged Vegetables,F,M,Acapulco,Guerrero,Mexico,17/02/2013,$30K - $50K,1,5,3032,5971
,,,,,,17/02/2013 Total,,1,5,3032,5971
,,,,,Mexico Total,,,1,5,3032,5971
,,,,Guerrero Total,,,,1,5,3032,5971
,,,Acapulco Total,,,,,1,5,3032,5971
,,,Bremerton,WA,USA,16/05/2012,$50K - $70K,1,4,4541,1736
,,,,,,16/05/2012 Total,,1,4,4541,1736
,,,,,USA Total,,,1,4,4541,1736
,,,,WA Total,,,,1,4,4541,1736
,,,Bremerton Total,,,,,1,4,4541,1736
,,,Orizaba,Veracruz,Mexico,14/11/2013,$50K - $70K,1,4,3762,13325
,,,,,,14/11/2013 Total,,1,4,3762,13325
,,,,,Mexico Total,,,1,4,3762,13325
,,,,Veracruz Total,,,,1,4,3762,13325
,,,Orizaba Total,,,,,1,4,3762,13325
,,,Portland,OR,USA,14/11/2012,$70K - $90K,1,3,5405,3940
,,,,,,14/11/2012 Total,,1,3,5405,3940
,,,,,USA Total,,,1,3,5405,3940
,,,,OR Total,,,,1,3,5405,3940
,,,Portland Total,,,,,1,3,5405,3940
,,,San Diego,CA,USA,08/08/2012,$30K - $50K,1,4,1309,2762
,,,,,,08/08/2012 Total,,1,4,1309,2762
,,,,,USA Total,,,1,4,1309,2762
,,,,CA Total,,,,1,4,1309,2762
,,,San Diego Total,,,,,1,4,1309,2762
,,,Spokane,WA,USA,14/07/2012,$30K - $50K,1,4,9263,2448
,,,,,,14/07/2012 Total,,1,4,9263,2448
,,,,,,19/03/2013,$30K - $50K,1,4,2201,6792
,,,,,,19/03/2013 Total,,1,4,2201,6792
,,,,,,06/05/2013,$50K - $70K,1,4,8275,8087
,,,,,,06/05/2013 Total,,1,4,8275,8087
,,,,,USA Total,,,3,12,19739,17327
,,,,WA Total,,,,3,12,19739,17327
,,,Spokane Total,,,,,3,12,19739,17327
,,,Tacoma,WA,USA,10/09/2013,$70K - $90K,1,4,7281,11496
,,,,,,10/09/2013 Total,,1,4,7281,11496
,,,,,USA Total,,,1,4,7281,11496
,,,,WA Total,,,,1,4,7281,11496
,,,Tacoma Total,,,,,1,4,7281,11496
,,,Yakima,WA,USA,13/03/2013,$50K - $70K,1,4,5707,6643
,,,,,,13/03/2013 Total,,1,4,5707,6643
,,,,,USA Total,,,1,4,5707,6643
,,,,WA Total,,,,1,4,5707,6643
,,,Yakima Total,,,,,1,4,5707,6643
,,M Total,,,,,,10,40,50776,63200
,,S,Beverly Hills,CA,USA,12/12/2012,$70K - $90K,1,3,5596,4384
,,,,,,12/12/2012 Total,,1,3,5596,4384
,,,,,USA Total,,,1,3,5596,4384
,,,,CA Total,,,,1,3,5596,4384
,,,Beverly Hills Total,,,,,1,3,5596,4384
,,,Bremerton,WA,USA,12/06/2013,$30K - $50K,1,3,7822,9084
,,,,,,12/06/2013 Total,,1,3,7822,9084
,,,,,,01/11/2013,$30K - $50K,1,6,5134,12959
,,,,,,01/11/2013 Total,,1,6,5134,12959
,,,,,USA Total,,,2,9,12956,22043
,,,,WA Total,,,,2,9,12956,22043
,,,Bremerton Total,,,,,2,9,12956,22043
,,,Portland,OR,USA,13/07/2013,$30K - $50K,1,3,10019,9949
,,,,,,13/07/2013 Total,,1,3,10019,9949
,,,,,USA Total,,,1,3,10019,9949
,,,,OR Total,,,,1,3,10019,9949
,,,Portland Total,,,,,1,3,10019,9949
,,,Seattle,WA,USA,11/09/2012,$30K - $50K,1,5,2907,3161
,,,,,,11/09/2012 Total,,1,5,2907,3161
,,,,,USA Total,,,1,5,2907,3161
,,,,WA Total,,,,1,5,2907,3161
,,,Seattle Total,,,,,1,5,2907,3161
,,,Spokane,WA,USA,01/10/2013,$10K - $30K,1,4,9928,12094
,,,,,,01/10/2013 Total,,1,4,9928,12094
,,,,,USA Total,,,1,4,9928,12094
,,,,WA Total,,,,1,4,9928,12094
,,,Spokane Total,,,,,1,4,9928,12094
,,,Tacoma,WA,USA,19/05/2012,$50K - $70K,1,4,4445,1771
,,,,,,19/05/2012 Total,,1,4,4445,1771
,,,,,,11/08/2012,$50K - $70K,1,6,2067,2794
,,,,,,11/08/2012 Total,,1,6,2067,2794
,,,,,,16/06/2013,$110K - $130K,1,4,4069,9195
,,,,,,16/06/2013 Total,,1,4,4069,9195
,,,,,USA Total,,,3,14,10581,13760
,,,,WA Total,,,,3,14,10581,13760
,,,Tacoma Total,,,,,3,14,10581,13760
,,,Yakima,WA,USA,21/07/2013,$30K - $50K,1,4,2829,10200
,,,,,,21/07/2013 Total,,1,4,2829,10200
,,,,,USA Total,,,1,4,2829,10200
,,,,WA Total,,,,1,4,2829,10200
,,,Yakima Total,,,,,1,4,2829,10200
,,S Total,,,,,,10,42,54816,75591
,F Total,,,,,,,20,82,105592,138791
,M,M,Beverly Hills,CA,USA,06/10/2013,$150K +,1,4,5279,12221
,,,,,,06/10/2013 Total,,1,4,5279,12221
,,,,,USA Total,,,1,4,5279,12221
,,,,CA Total,,,,1,4,5279,12221
,,,Beverly Hills Total,,,,,1,4,5279,12221
,,,Los Angeles,CA,USA,04/09/2012,$130K - $150K,1,6,917,3087
,,,,,,04/09/2012 Total,,1,6,917,3087
,,,,,USA Total,,,1,6,917,3087
,,,,CA Total,,,,1,6,917,3087
,,,Los Angeles Total,,,,,1,6,917,3087
,,,Merida,Yucatan,Mexico,12/02/2013,$30K - $50K,1,4,2099,5839
,,,,,,12/02/2013 Total,,1,4,2099,5839
,,,,,,16/04/2013,$50K - $70K,1,5,4477,7512
,,,,,,16/04/2013 Total,,1,5,4477,7512
,,,,,,25/05/2013,$30K - $50K,1,5,2099,8617
,,,,,,25/05/2013 Total,,1,5,2099,8617
,,,,,Mexico Total,,,3,14,8675,21968
,,,,Yucatan Total,,,,3,14,8675,21968
,,,Merida Total,,,,,3,14,8675,21968
,,,Portland,OR,USA,23/06/2013,$10K - $30K,1,5,3238,9404
,,,,,,23/06/2013 Total,,1,5,3238,9404
,,,,,USA Total,,,1,5,3238,9404
,,,,OR Total,,,,1,5,3238,9404
,,,Portland Total,,,,,1,5,3238,9404
,,,Salem,OR,USA,30/07/2012,$30K - $50K,1,5,439,2645
,,,,,,30/07/2012 Total,,1,5,439,2645
,,,,,USA Total,,,1,5,439,2645
,,,,OR Total,,,,1,5,439,2645
,,,Salem Total,,,,,1,5,439,2645
,,,San Andres,DF,Mexico,10/07/2013,$10K - $30K,1,4,2316,9849
,,,,,,10/07/2013 Total,,1,4,2316,9849
,,,,,Mexico Total,,,1,4,2316,9849
,,,,DF Total,,,,1,4,2316,9849
,,,San Andres Total,,,,,1,4,2316,9849
,,,Seattle,WA,USA,02/06/2012,$70K - $90K,1,4,426,1959
,,,,,,02/06/2012 Total,,1,4,426,1959
,,,,,,22/01/2013,$10K - $30K,1,2,2177,5248
,,,,,,22/01/2013 Total,,1,2,2177,5248
,,,,,USA Total,,,2,6,2603,7207
,,,,WA Total,,,,2,6,2603,7207
,,,Seattle Total,,,,,2,6,2603,7207
,,,Tacoma,WA,USA,18/12/2012,$70K - $90K,1,2,5790,4473
,,,,,,18/12/2012 Total,,1,2,5790,4473
,,,,,,17/02/2013,$10K - $30K,1,3,8414,5987
,,,,,,17/02/2013 Total,,1,3,8414,5987
,,,,,USA Total,,,2,5,14204,10460
,,,,WA Total,,,,2,5,14204,10460
,,,Tacoma Total,,,,,2,5,14204,10460
,,M Total,,,,,,12,49,37671,76841
,,S,Acapulco,Guerrero,Mexico,03/02/2013,$10K - $30K,1,5,1823,5572
,,,,,,03/02/2013 Total,,1,5,1823,5572
,,,,,,06/05/2013,$50K - $70K,1,2,6187,8081
,,,,,,06/05/2013 Total,,1,2,6187,8081
,,,,,Mexico Total,,,2,7,8010,13653
,,,,Guerrero Total,,,,2,7,8010,13653
,,,Acapulco Total,,,,,2,7,8010,13653
,,,Beverly Hills,CA,USA,24/07/2013,$30K - $50K,1,3,4407,10250
,,,,,,24/07/2013 Total,,1,3,4407,10250
,,,,,USA Total,,,1,3,4407,10250
,,,,CA Total,,,,1,3,4407,10250
,,,Beverly Hills Total,,,,,1,3,4407,10250
,,,Bremerton,WA,USA,19/12/2012,$70K - $90K,1,7,2204,4487
,,,,,,19/12/2012 Total,,1,7,2204,4487
,,,,,USA Total,,,1,7,2204,4487
,,,,WA Total,,,,1,7,2204,4487
,,,Bremerton Total,,,,,1,7,2204,4487
,,,Hidalgo,Zacatecas,Mexico,26/01/2013,$30K - $50K,1,6,4419,5344
,,,,,,26/01/2013 Total,,1,6,4419,5344
,,,,,,18/07/2013,$10K - $30K,1,3,4953,10095
,,,,,,18/07/2013 Total,,1,3,4953,10095
,,,,,Mexico Total,,,2,9,9372,15439
,,,,Zacatecas Total,,,,2,9,9372,15439
,,,Hidalgo Total,,,,,2,9,9372,15439
,,,Los Angeles,CA,USA,14/10/2013,$30K - $50K,1,2,4890,12445
,,,,,,14/10/2013 Total,,1,2,4890,12445
,,,,,USA Total,,,1,2,4890,12445
,,,,CA Total,,,,1,2,4890,12445
,,,Los Angeles Total,,,,,1,2,4890,12445
,,,Salem,OR,USA,27/11/2012,$30K - $50K,1,5,1187,4137
,,,,,,27/11/2012 Total,,1,5,1187,4137
,,,,,,05/06/2013,$70K - $90K,1,6,8298,8893
,,,,,,05/06/2013 Total,,1,6,8298,8893
,,,,,USA Total,,,2,11,9485,13030
,,,,OR Total,,,,2,11,9485,13030
,,,Salem Total,,,,,2,11,9485,13030
,,,San Diego,CA,USA,22/10/2012,$10K - $30K,1,5,5835,3659
,,,,,,22/10/2012 Total,,1,5,5835,3659
,,,,,USA Total,,,1,5,5835,3659
,,,,CA Total,,,,1,5,5835,3659
,,,San Diego Total,,,,,1,5,5835,3659
,,,San Francisco,CA,USA,14/01/2013,$30K - $50K,1,3,7981,5037
,,,,,,14/01/2013 Total,,1,3,7981,5037
,,,,,USA Total,,,1,3,7981,5037
,,,,CA Total,,,,1,3,7981,5037
,,,San Francisco Total,,,,,1,3,7981,5037
,,,Seattle,WA,USA,29/09/2012,$150K +,1,6,7897,3373
,,,,,,29/09/2012 Total,,1,6,7897,3373
,,,,,USA Total,,,1,6,7897,3373
,,,,WA Total,,,,1,6,7897,3373
,,,Seattle Total,,,,,1,6,7897,3373
,,,Tacoma,WA,USA,30/01/2012,$10K - $30K,1,5,5038,274
,,,,,,30/01/2012 Total,,1,5,5038,274
,,,,,,08/07/2013,$30K - $50K,1,4,9564,9789
,,,,,,08/07/2013 Total,,1,4,9564,9789
,,,,,USA Total,,,2,9,14602,10063
,,,,WA Total,,,,2,9,14602,10063
,,,Tacoma Total,,,,,2,9,14602,10063
,,,Vancouver,BC,Canada,30/08/2013,$30K - $50K,1,7,5055,11209
,,,,,,30/08/2013 Total,,1,7,5055,11209
,,,,,Canada Total,,,1,7,5055,11209
,,,,BC Total,,,,1,7,5055,11209
,,,Vancouver Total,,,,,1,7,5055,11209
,,,Walla Walla,WA,USA,14/03/2012,$30K - $50K,1,4,7293,837
,,,,,,14/03/2012 Total,,1,4,7293,837
,,,,,USA Total,,,1,4,7293,837
,,,,WA Total,,,,1,4,7293,837
,,,Walla Walla Total,,,,,1,4,7293,837
,,S Total,,,,,,16,73,87031,103482
,M Total,,,,,,,28,122,124702,180323
Packaged Vegetables Total,,,,,,,,48,204,230294,319114
Pain Relievers,F,M,Bellingham,WA,USA,08/07/2012,$30K - $50K,1,3,5188,2372
,,,,,,08/07/2012 Total,,1,3,5188,2372
,,,,,,18/05/2013,$70K - $90K,1,2,8854,8401
,,,,,,18/05/2013 Total,,1,2,8854,8401
,,,,,USA Total,,,2,5,14042,10773
,,,,WA Total,,,,2,5,14042,10773
,,,Bellingham Total,,,,,2,5,14042,10773
,,,Beverly Hills,CA,USA,06/06/2012,$150K +,1,3,6304,2006
,,,,,,06/06/2012 Total,,1,3,6304,2006
,,,,,USA Total,,,1,3,6304,2006
,,,,CA Total,,,,1,3,6304,2006
,,,Beverly Hills Total,,,,,1,3,6304,2006
,,,Bremerton,WA,USA,03/10/2013,$50K - $70K,1,5,9524,12145
,,,,,,03/10/2013 Total,,1,5,9524,12145
,,,,,USA Total,,,1,5,9524,12145
,,,,WA Total,,,,1,5,9524,12145
,,,Bremerton Total,,,,,1,5,9524,12145
,,,Camacho,Zacatecas,Mexico,07/05/2013,$70K - $90K,1,3,2551,8106
,,,,,,07/05/2013 Total,,1,3,2551,8106
,,,,,Mexico Total,,,1,3,2551,8106
,,,,Zacatecas Total,,,,1,3,2551,8106
,,,Camacho Total,,,,,1,3,2551,8106
,,,Hidalgo,Zacatecas,Mexico,09/04/2013,$10K - $30K,1,6,2310,7333
,,,,,,09/04/2013 Total,,1,6,2310,7333
,,,,,,26/05/2013,$50K - $70K,1,4,789,8629
,,,,,,26/05/2013 Total,,1,4,789,8629
,,,,,,10/07/2013,$70K - $90K,1,4,6652,9846
,,,,,,10/07/2013 Total,,1,4,6652,9846
,,,,,Mexico Total,,,3,14,9751,25808
,,,,Zacatecas Total,,,,3,14,9751,25808
,,,Hidalgo Total,,,,,3,14,9751,25808
,,,Los Angeles,CA,USA,10/04/2013,$50K - $70K,1,4,7035,7368
,,,,,,10/04/2013 Total,,1,4,7035,7368
,,,,,,05/07/2013,$10K - $30K,1,4,6528,9708
,,,,,,05/07/2013 Total,,1,4,6528,9708
,,,,,,13/07/2013,$50K - $70K,1,5,1531,9936
,,,,,,13/07/2013 Total,,1,5,1531,9936
,,,,,,04/11/2013,$30K - $50K,1,7,2001,13053
,,,,,,04/11/2013 Total,,1,7,2001,13053
,,,,,USA Total,,,4,20,17095,40065
,,,,CA Total,,,,4,20,17095,40065
,,,Los Angeles Total,,,,,4,20,17095,40065
,,,Merida,Yucatan,Mexico,09/01/2013,$50K - $70K,1,5,896,4935
,,,,,,09/01/2013 Total,,1,5,896,4935
,,,,,,27/11/2013,$10K - $30K,1,4,8087,13650
,,,,,,27/11/2013 Total,,1,4,8087,13650
,,,,,Mexico Total,,,2,9,8983,18585
,,,,Yucatan Total,,,,2,9,8983,18585
,,,Merida Total,,,,,2,9,8983,18585
,,,Orizaba,Veracruz,Mexico,18/07/2013,$130K - $150K,1,3,4250,10081
,,,,,,18/07/2013 Total,,1,3,4250,10081
,,,,,,22/10/2013,$70K - $90K,1,5,4198,12674
,,,,,,22/10/2013 Total,,1,5,4198,12674
,,,,,,19/11/2013,$10K - $30K,1,4,8388,13451
,,,,,,19/11/2013 Total,,1,4,8388,13451
,,,,,,08/12/2013,$10K - $30K,1,5,8388,13858
,,,,,,08/12/2013 Total,,1,5,8388,13858
,,,,,Mexico Total,,,4,17,25224,50064
,,,,Veracruz Total,,,,4,17,25224,50064
,,,Orizaba Total,,,,,4,17,25224,50064
,,,Portland,OR,USA,25/08/2012,$90K - $110K,1,5,3471,2974
,,,,,,25/08/2012 Total,,1,5,3471,2974
,,,,,USA Total,,,1,5,3471,2974
,,,,OR Total,,,,1,5,3471,2974
,,,Portland Total,,,,,1,5,3471,2974
,,,Salem,OR,USA,28/03/2012,$50K - $70K,1,2,9812,1054
,,,,,,28/03/2012 Total,,1,2,9812,1054
,,,,,,22/07/2012,$50K - $70K,1,4,1987,2548
,,,,,,22/07/2012 Total,,1,4,1987,2548
,,,,,,22/01/2013,$30K - $50K,1,4,2373,5250
,,,,,,22/01/2013 Total,,1,4,2373,5250
,,,,,,16/05/2013,$30K - $50K,1,6,3748,8359
,,,,,,16/05/2013 Total,,1,6,3748,8359
,,,,,,04/08/2013,$50K - $70K,1,5,4507,10542
,,,,,,04/08/2013 Total,,1,5,4507,10542
,,,,,USA Total,,,5,21,22427,27753
,,,,OR Total,,,,5,21,22427,27753
,,,Salem Total,,,,,5,21,22427,27753
,,,San Diego,CA,USA,18/09/2012,$50K - $70K,1,5,9488,3249
,,,,,,18/09/2012 Total,,1,5,9488,3249
,,,,,,07/11/2013,$50K - $70K,1,5,5450,13125
,,,,,,07/11/2013 Total,,1,5,5450,13125
,,,,,USA Total,,,2,10,14938,16374
,,,,CA Total,,,,2,10,14938,16374
,,,San Diego Total,,,,,2,10,14938,16374
,,,San Francisco,CA,USA,03/02/2012,$30K - $50K,1,1,3861,329
,,,,,,03/02/2012 Total,,1,1,3861,329
,,,,,USA Total,,,1,1,3861,329
,,,,CA Total,,,,1,1,3861,329
,,,San Francisco Total,,,,,1,1,3861,329
,,,Seattle,WA,USA,05/04/2012,$10K - $30K,1,4,2127,1174
,,,,,,05/04/2012 Total,,1,4,2127,1174
,,,,,,11/06/2012,$10K - $30K,1,3,2813,2050
,,,,,,11/06/2012 Total,,1,3,2813,2050
,,,,,,04/08/2012,$30K - $50K,1,4,745,2704
,,,,,,04/08/2012 Total,,1,4,745,2704
,,,,,,21/11/2012,$30K - $50K,1,5,7750,4061
,,,,,,21/11/2012 Total,,1,5,7750,4061
,,,,,,04/02/2013,$10K - $30K,1,4,9513,5619
,,,,,,04/02/2013 Total,,1,4,9513,5619
,,,,,,20/02/2013,$30K - $50K,1,5,4352,6051
,,,,,,20/02/2013 Total,,1,5,4352,6051
,,,,,,13/11/2013,$10K - $30K,1,5,5826,13290
,,,,,,13/11/2013 Total,,1,5,5826,13290
,,,,,USA Total,,,7,30,33126,34949
,,,,WA Total,,,,7,30,33126,34949
,,,Seattle Total,,,,,7,30,33126,34949
,,,Spokane,WA,USA,14/03/2012,$70K - $90K,1,3,8511,838
,,,,,,14/03/2012 Total,,1,3,8511,838
,,,,,,10/08/2012,$130K - $150K,1,3,4868,2791
,,,,,,10/08/2012 Total,,1,3,4868,2791
,,,,,,22/08/2012,$50K - $70K,1,3,192,2932
,,,,,,22/08/2012 Total,,1,3,192,2932
,,,,,,26/01/2013,$30K - $50K,1,5,7051,5363
,,,,,,26/01/2013 Total,,1,5,7051,5363
,,,,,,23/02/2013,$70K - $90K,1,4,3491,6166
,,,,,,23/02/2013 Total,,1,4,3491,6166
,,,,,,06/03/2013,$30K - $50K,1,2,10173,6454
,,,,,,06/03/2013 Total,,1,2,10173,6454
,,,,,,23/03/2013,$90K - $110K,1,4,2224,6876
,,,,,,23/03/2013 Total,,1,4,2224,6876
,,,,,,05/06/2013,$150K +,1,4,4727,8897
,,,,,,05/06/2013 Total,,1,4,4727,8897
,,,,,USA Total,,,8,28,41237,40317
,,,,WA Total,,,,8,28,41237,40317
,,,Spokane Total,,,,,8,28,41237,40317
,,,Tacoma,WA,USA,29/04/2012,$70K - $90K,1,2,6313,1513
,,,,,,29/04/2012 Total,,1,2,6313,1513
,,,,,,30/04/2012,$30K - $50K,1,4,472,1524
,,,,,,30/04/2012 Total,,1,4,472,1524
,,,,,,03/05/2013,$30K - $50K,1,6,6690,7991
,,,,,,03/05/2013 Total,,1,6,6690,7991
,,,,,,21/10/2013,$130K - $150K,1,4,158,12646
,,,,,,21/10/2013 Total,,1,4,158,12646
,,,,,,05/12/2013,$30K - $50K,1,3,1004,13823
,,,,,,05/12/2013 Total,,1,3,1004,13823
,,,,,USA Total,,,5,19,14637,37497
,,,,WA Total,,,,5,19,14637,37497
,,,Tacoma Total,,,,,5,19,14637,37497
,,,Vancouver,BC,Canada,12/09/2013,$30K - $50K,1,2,2880,11562
,,,,,,12/09/2013 Total,,1,2,2880,11562
,,,,,Canada Total,,,1,2,2880,11562
,,,,BC Total,,,,1,2,2880,11562
,,,Vancouver Total,,,,,1,2,2880,11562
,,M Total,,,,,,48,192,230051,339307
,,S,Acapulco,Guerrero,Mexico,25/06/2013,$10K - $30K,1,4,9586,9455
,,,,,,25/06/2013 Total,,1,4,9586,9455
,,,,,Mexico Total,,,1,4,9586,9455
,,,,Guerrero Total,,,,1,4,9586,9455
,,,Acapulco Total,,,,,1,4,9586,9455
,,,Beverly Hills,CA,USA,27/05/2013,$130K - $150K,1,5,3004,8649
,,,,,,27/05/2013 Total,,1,5,3004,8649
,,,,,,19/10/2013,$70K - $90K,1,4,1665,12581
,,,,,,19/10/2013 Total,,1,4,1665,12581
,,,,,USA Total,,,2,9,4669,21230
,,,,CA Total,,,,2,9,4669,21230
,,,Beverly Hills Total,,,,,2,9,4669,21230
,,,Bremerton,WA,USA,30/03/2012,$30K - $50K,1,7,3476,1081
,,,,,,30/03/2012 Total,,1,7,3476,1081
,,,,,,28/07/2012,$130K - $150K,1,5,997,2625
,,,,,,28/07/2012 Total,,1,5,997,2625
,,,,,,03/12/2012,$10K - $30K,1,5,355,4222
,,,,,,03/12/2012 Total,,1,5,355,4222
,,,,,,30/05/2013,$50K - $70K,1,6,8966,8756
,,,,,,30/05/2013 Total,,1,6,8966,8756
,,,,,,28/10/2013,$50K - $70K,1,4,571,12851
,,,,,,28/10/2013 Total,,1,4,571,12851
,,,,,,30/11/2013,$30K - $50K,1,6,99,13726
,,,,,,30/11/2013 Total,,1,6,99,13726
,,,,,USA Total,,,6,33,14464,43261
,,,,WA Total,,,,6,33,14464,43261
,,,Bremerton Total,,,,,6,33,14464,43261
,,,Hidalgo,Zacatecas,Mexico,19/07/2013,$70K - $90K,1,5,8040,10122
,,,,,,19/07/2013 Total,,1,5,8040,10122
,,,,,,05/09/2013,$30K - $50K,1,4,5148,11382
,,,,,,05/09/2013 Total,,1,4,5148,11382
,,,,,,18/10/2013,$30K - $50K,1,4,7782,12543
,,,,,,18/10/2013 Total,,1,4,7782,12543
,,,,,,11/11/2013,$30K - $50K,1,3,7782,13239
,,,,,,11/11/2013 Total,,1,3,7782,13239
,,,,,,19/11/2013,$70K - $90K,1,4,8279,13463
,,,,,,19/11/2013 Total,,1,4,8279,13463
,,,,,Mexico Total,,,5,20,37031,60749
,,,,Zacatecas Total,,,,5,20,37031,60749
,,,Hidalgo Total,,,,,5,20,37031,60749
,,,Los Angeles,CA,USA,05/10/2012,$30K - $50K,1,6,1133,3464
,,,,,,05/10/2012 Total,,1,6,1133,3464
,,,,,,20/03/2013,$30K - $50K,1,5,5023,6815
,,,,,,20/03/2013 Total,,1,5,5023,6815
,,,,,USA Total,,,2,11,6156,10279
,,,,CA Total,,,,2,11,6156,10279
,,,Los Angeles Total,,,,,2,11,6156,10279
,,,Merida,Yucatan,Mexico,29/05/2013,$30K - $50K,1,5,4285,8729
,,,,,,29/05/2013 Total,,1,5,4285,8729
,,,,,Mexico Total,,,1,5,4285,8729
,,,,Yucatan Total,,,,1,5,4285,8729
,,,Merida Total,,,,,1,5,4285,8729
,,,Mexico City,DF,Mexico,05/09/2013,$70K - $90K,1,5,9606,11363
,,,,,,05/09/2013 Total,,1,5,9606,11363
,,,,,Mexico Total,,,1,5,9606,11363
,,,,DF Total,,,,1,5,9606,11363
,,,Mexico City Total,,,,,1,5,9606,11363
,,,Orizaba,Veracruz,Mexico,12/03/2013,$10K - $30K,1,3,8752,6618
,,,,,,12/03/2013 Total,,1,3,8752,6618
,,,,,,01/05/2013,$30K - $50K,1,4,5008,7949
,,,,,,01/05/2013 Total,,1,4,5008,7949
,,,,,Mexico Total,,,2,7,13760,14567
,,,,Veracruz Total,,,,2,7,13760,14567
,,,Orizaba Total,,,,,2,7,13760,14567
,,,Portland,OR,USA,20/01/2013,$30K - $50K,1,6,4211,5183
,,,,,,20/01/2013 Total,,1,6,4211,5183
,,,,,,10/11/2013,$50K - $70K,1,4,6937,13215
,,,,,,10/11/2013 Total,,1,4,6937,13215
,,,,,USA Total,,,2,10,11148,18398
,,,,OR Total,,,,2,10,11148,18398
,,,Portland Total,,,,,2,10,11148,18398
,,,Salem,OR,USA,26/05/2012,$90K - $110K,1,5,9825,1870
,,,,,,26/05/2012 Total,,1,5,9825,1870
,,,,,,22/06/2013,$10K - $30K,1,2,1701,9358
,,,,,,22/06/2013 Total,,1,2,1701,9358
,,,,,USA Total,,,2,7,11526,11228
,,,,OR Total,,,,2,7,11526,11228
,,,Salem Total,,,,,2,7,11526,11228
,,,San Andres,DF,Mexico,16/06/2013,$10K - $30K,1,3,3600,9204
,,,,,,16/06/2013 Total,,1,3,3600,9204
,,,,,,29/08/2013,$10K - $30K,1,3,1910,11179
,,,,,,29/08/2013 Total,,1,3,1910,11179
,,,,,Mexico Total,,,2,6,5510,20383
,,,,DF Total,,,,2,6,5510,20383
,,,San Andres Total,,,,,2,6,5510,20383
,,,San Diego,CA,USA,31/12/2011,$70K - $90K,1,5,2670,31
,,,,,,31/12/2011 Total,,1,5,2670,31
,,,,,,07/06/2012,$90K - $110K,1,5,2483,2016
,,,,,,07/06/2012 Total,,1,5,2483,2016
,,,,,USA Total,,,2,10,5153,2047
,,,,CA Total,,,,2,10,5153,2047
,,,San Diego Total,,,,,2,10,5153,2047
,,,San Francisco,CA,USA,05/03/2013,$30K - $50K,1,4,6315,6417
,,,,,,05/03/2013 Total,,1,4,6315,6417
,,,,,USA Total,,,1,4,6315,6417
,,,,CA Total,,,,1,4,6315,6417
,,,San Francisco Total,,,,,1,4,6315,6417
,,,Seattle,WA,USA,24/03/2012,$10K - $30K,1,5,4876,990
,,,,,,24/03/2012 Total,,1,5,4876,990
,,,,,,03/09/2012,$10K - $30K,1,4,624,3068
,,,,,,03/09/2012 Total,,1,4,624,3068
,,,,,,27/09/2012,$110K - $130K,1,5,4838,3348
,,,,,,27/09/2012 Total,,1,5,4838,3348
,,,,,,30/09/2012,$110K - $130K,1,5,2459,3377
,,,,,,30/09/2012 Total,,1,5,2459,3377
,,,,,,29/06/2013,$70K - $90K,1,4,5584,9545
,,,,,,29/06/2013 Total,,1,4,5584,9545
,,,,,,03/07/2013,$50K - $70K,1,5,9230,9656
,,,,,,03/07/2013 Total,,1,5,9230,9656
,,,,,USA Total,,,6,28,27611,29984
,,,,WA Total,,,,6,28,27611,29984
,,,Seattle Total,,,,,6,28,27611,29984
,,,Spokane,WA,USA,03/08/2012,$10K - $30K,1,3,4094,2694
,,,,,,03/08/2012 Total,,1,3,4094,2694
,,,,,,10/03/2013,$70K - $90K,1,7,9510,6557
,,,,,,10/03/2013 Total,,1,7,9510,6557
,,,,,,02/04/2013,$30K - $50K,1,5,1720,7165
,,,,,,02/04/2013 Total,,1,5,1720,7165
,,,,,,21/04/2013,$30K - $50K,1,5,6957,7660
,,,,,,21/04/2013 Total,,1,5,6957,7660
,,,,,,20/06/2013,$30K - $50K,1,4,1720,9302
,,,,,,20/06/2013 Total,,1,4,1720,9302
,,,,,,12/09/2013,$30K - $50K,1,3,1720,11566
,,,,,,12/09/2013 Total,,1,3,1720,11566
,,,,,USA Total,,,6,27,25721,44944
,,,,WA Total,,,,6,27,25721,44944
,,,Spokane Total,,,,,6,27,25721,44944
,,,Tacoma,WA,USA,18/03/2012,$10K - $30K,1,4,1145,899
,,,,,,18/03/2012 Total,,1,4,1145,899
,,,,,,07/06/2012,$50K - $70K,1,4,2067,2019
,,,,,,07/06/2012 Total,,1,4,2067,2019
,,,,,,19/07/2012,$70K - $90K,1,3,6560,2521
,,,,,,19/07/2012 Total,,1,3,6560,2521
,,,,,,16/10/2012,$30K - $50K,1,5,5092,3598
,,,,,,16/10/2012 Total,,1,5,5092,3598
,,,,,,22/01/2013,$30K - $50K,1,4,7282,5247
,,,,,,22/01/2013 Total,,1,4,7282,5247
,,,,,,23/09/2013,$70K - $90K,1,2,8454,11855
,,,,,,23/09/2013 Total,,1,2,8454,11855
,,,,,,13/10/2013,$30K - $50K,1,3,335,12422
,,,,,,13/10/2013 Total,,1,3,335,12422
,,,,,,20/11/2013,$10K - $30K,1,6,6589,13492
,,,,,,20/11/2013 Total,,1,6,6589,13492
,,,,,USA Total,,,8,31,37524,52053
,,,,WA Total,,,,8,31,37524,52053
,,,Tacoma Total,,,,,8,31,37524,52053
,,,Vancouver,BC,Canada,04/07/2013,$10K - $30K,1,3,7726,9671
,,,,,,04/07/2013 Total,,1,3,7726,9671
,,,,,,23/12/2013,$10K - $30K,1,3,3904,14015
,,,,,,23/12/2013 Total,,1,3,3904,14015
,,,,,Canada Total,,,2,6,11630,23686
,,,,BC Total,,,,2,6,11630,23686
,,,Vancouver Total,,,,,2,6,11630,23686
,,,Walla Walla,WA,USA,08/08/2013,$30K - $50K,1,3,8235,10637
,,,,,,08/08/2013 Total,,1,3,8235,10637
,,,,,USA Total,,,1,3,8235,10637
,,,,WA Total,,,,1,3,8235,10637
,,,Walla Walla Total,,,,,1,3,8235,10637
,,S Total,,,,,,52,226,249930,399410
,F Total,,,,,,,100,418,479981,738717
,M,M,Acapulco,Guerrero,Mexico,22/03/2013,$50K - $70K,1,3,3177,6846
,,,,,,22/03/2013 Total,,1,3,3177,6846
,,,,,Mexico Total,,,1,3,3177,6846
,,,,Guerrero Total,,,,1,3,3177,6846
,,,Acapulco Total,,,,,1,3,3177,6846
,,,Bellingham,WA,USA,06/11/2013,$150K +,1,4,9457,13107
,,,,,,06/11/2013 Total,,1,4,9457,13107
,,,,,USA Total,,,1,4,9457,13107
,,,,WA Total,,,,1,4,9457,13107
,,,Bellingham Total,,,,,1,4,9457,13107
,,,Beverly Hills,CA,USA,13/05/2012,$30K - $50K,1,5,5765,1709
,,,,,,13/05/2012 Total,,1,5,5765,1709
,,,,,,03/08/2012,$30K - $50K,1,3,6905,2695
,,,,,,03/08/2012 Total,,1,3,6905,2695
,,,,,,28/07/2013,$10K - $30K,1,6,2337,10349
,,,,,,28/07/2013 Total,,1,6,2337,10349
,,,,,,22/10/2013,$50K - $70K,1,4,3121,12675
,,,,,,22/10/2013 Total,,1,4,3121,12675
,,,,,,24/11/2013,$110K - $130K,1,3,4821,13575
,,,,,,24/11/2013 Total,,1,3,4821,13575
,,,,,USA Total,,,5,21,22949,41003
,,,,CA Total,,,,5,21,22949,41003
,,,Beverly Hills Total,,,,,5,21,22949,41003
,,,Bremerton,WA,USA,06/05/2013,$50K - $70K,1,4,4618,8066
,,,,,,06/05/2013 Total,,1,4,4618,8066
,,,,,,06/11/2013,$30K - $50K,1,5,6496,13102
,,,,,,06/11/2013 Total,,1,5,6496,13102
,,,,,USA Total,,,2,9,11114,21168
,,,,WA Total,,,,2,9,11114,21168
,,,Bremerton Total,,,,,2,9,11114,21168
,,,Camacho,Zacatecas,Mexico,05/11/2013,$10K - $30K,1,5,4956,13081
,,,,,,05/11/2013 Total,,1,5,4956,13081
,,,,,Mexico Total,,,1,5,4956,13081
,,,,Zacatecas Total,,,,1,5,4956,13081
,,,Camacho Total,,,,,1,5,4956,13081
,,,Hidalgo,Zacatecas,Mexico,26/02/2013,$50K - $70K,1,5,6669,6252
,,,,,,26/02/2013 Total,,1,5,6669,6252
,,,,,,13/06/2013,$130K - $150K,1,4,1612,9119
,,,,,,13/06/2013 Total,,1,4,1612,9119
,,,,,,26/07/2013,$130K - $150K,1,6,1612,10311
,,,,,,26/07/2013 Total,,1,6,1612,10311
,,,,,Mexico Total,,,3,15,9893,25682
,,,,Zacatecas Total,,,,3,15,9893,25682
,,,Hidalgo Total,,,,,3,15,9893,25682
,,,Los Angeles,CA,USA,23/02/2013,$30K - $50K,1,3,995,6168
,,,,,,23/02/2013 Total,,1,3,995,6168
,,,,,USA Total,,,1,3,995,6168
,,,,CA Total,,,,1,3,995,6168
,,,Los Angeles Total,,,,,1,3,995,6168
,,,Orizaba,Veracruz,Mexico,18/01/2013,$30K - $50K,1,2,5223,5137
,,,,,,18/01/2013 Total,,1,2,5223,5137
,,,,,,10/02/2013,$70K - $90K,1,5,9197,5759
,,,,,,10/02/2013 Total,,1,5,9197,5759
,,,,,Mexico Total,,,2,7,14420,10896
,,,,Veracruz Total,,,,2,7,14420,10896
,,,Orizaba Total,,,,,2,7,14420,10896
,,,Portland,OR,USA,24/06/2012,$30K - $50K,1,6,4125,2211
,,,,,,24/06/2012 Total,,1,6,4125,2211
,,,,,,23/02/2013,$30K - $50K,1,4,7893,6147
,,,,,,23/02/2013 Total,,1,4,7893,6147
,,,,,USA Total,,,2,10,12018,8358
,,,,OR Total,,,,2,10,12018,8358
,,,Portland Total,,,,,2,10,12018,8358
,,,Salem,OR,USA,15/06/2013,$30K - $50K,1,3,1773,9161
,,,,,,15/06/2013 Total,,1,3,1773,9161
,,,,,,16/06/2013,$70K - $90K,1,5,619,9210
,,,,,,16/06/2013 Total,,1,5,619,9210
,,,,,,16/07/2013,$150K +,1,4,3308,10024
,,,,,,16/07/2013 Total,,1,4,3308,10024
,,,,,USA Total,,,3,12,5700,28395
,,,,OR Total,,,,3,12,5700,28395
,,,Salem Total,,,,,3,12,5700,28395
,,,San Diego,CA,USA,12/06/2013,$30K - $50K,1,6,7567,9088
,,,,,,12/06/2013 Total,,1,6,7567,9088
,,,,,,06/07/2013,$70K - $90K,1,4,1596,9721
,,,,,,06/07/2013 Total,,1,4,1596,9721
,,,,,,27/09/2013,$50K - $70K,1,4,6120,11980
,,,,,,27/09/2013 Total,,1,4,6120,11980
,,,,,USA Total,,,3,14,15283,30789
,,,,CA Total,,,,3,14,15283,30789
,,,San Diego Total,,,,,3,14,15283,30789
,,,Seattle,WA,USA,16/03/2012,$10K - $30K,1,4,6106,865
,,,,,,16/03/2012 Total,,1,4,6106,865
,,,,,,14/09/2012,$30K - $50K,1,3,6846,3201
,,,,,,14/09/2012 Total,,1,3,6846,3201
,,,,,,02/12/2012,$10K - $30K,1,5,1110,4205
,,,,,,02/12/2012 Total,,1,5,1110,4205
,,,,,,16/11/2013,$10K - $30K,1,4,8935,13390
,,,,,,16/11/2013 Total,,1,4,8935,13390
,,,,,USA Total,,,4,16,22997,21661
,,,,WA Total,,,,4,16,22997,21661
,,,Seattle Total,,,,,4,16,22997,21661
,,,Spokane,WA,USA,27/02/2013,$30K - $50K,1,3,5174,6264
,,,,,,27/02/2013 Total,,1,3,5174,6264
,,,,,,14/09/2013,$30K - $50K,1,5,5374,11606
,,,,,,14/09/2013 Total,,1,5,5374,11606
,,,,,,21/12/2013,$50K - $70K,1,3,3826,14003
,,,,,,21/12/2013 Total,,1,3,3826,14003
,,,,,USA Total,,,3,11,14374,31873
,,,,WA Total,,,,3,11,14374,31873
,,,Spokane Total,,,,,3,11,14374,31873
,,,Tacoma,WA,USA,03/12/2012,$70K - $90K,1,3,614,4219
,,,,,,03/12/2012 Total,,1,3,614,4219
,,,,,,10/01/2013,$50K - $70K,1,5,7241,4954
,,,,,,10/01/2013 Total,,1,5,7241,4954
,,,,,,19/08/2013,$110K - $130K,1,5,9639,10924
,,,,,,19/08/2013 Total,,1,5,9639,10924
,,,,,,04/12/2013,$70K - $90K,1,2,863,13810
,,,,,,04/12/2013 Total,,1,2,863,13810
,,,,,USA Total,,,4,15,18357,33907
,,,,WA Total,,,,4,15,18357,33907
,,,Tacoma Total,,,,,4,15,18357,33907
,,,Vancouver,BC,Canada,03/04/2013,$30K - $50K,1,4,4637,7179
,,,,,,03/04/2013 Total,,1,4,4637,7179
,,,,,,14/07/2013,$10K - $30K,1,2,7559,9981
,,,,,,14/07/2013 Total,,1,2,7559,9981
,,,,,,26/11/2013,$110K - $130K,1,3,155,13627
,,,,,,26/11/2013 Total,,1,3,155,13627
,,,,,Canada Total,,,3,9,12351,30787
,,,,BC Total,,,,3,9,12351,30787
,,,Vancouver Total,,,,,3,9,12351,30787
,,,Victoria,BC,Canada,17/01/2013,$30K - $50K,1,3,537,5131
,,,,,,17/01/2013 Total,,1,3,537,5131
,,,,,Canada Total,,,1,3,537,5131
,,,,BC Total,,,,1,3,537,5131
,,,Victoria Total,,,,,1,3,537,5131
,,,Yakima,WA,USA,31/07/2012,$70K - $90K,1,2,2077,2660
,,,,,,31/07/2012 Total,,1,2,2077,2660
,,,,,,20/01/2013,$110K - $130K,1,6,9667,5199
,,,,,,20/01/2013 Total,,1,6,9667,5199
,,,,,USA Total,,,2,8,11744,7859
,,,,WA Total,,,,2,8,11744,7859
,,,Yakima Total,,,,,2,8,11744,7859
,,M Total,,,,,,41,165,190322,336711
,,S,Acapulco,Guerrero,Mexico,23/03/2013,$10K - $30K,1,4,4983,6883
,,,,,,23/03/2013 Total,,1,4,4983,6883
,,,,,,30/10/2013,$50K - $70K,1,3,6187,12901
,,,,,,30/10/2013 Total,,1,3,6187,12901
,,,,,Mexico Total,,,2,7,11170,19784
,,,,Guerrero Total,,,,2,7,11170,19784
,,,Acapulco Total,,,,,2,7,11170,19784
,,,Beverly Hills,CA,USA,16/06/2012,$10K - $30K,1,3,6417,2112
,,,,,,16/06/2012 Total,,1,3,6417,2112
,,,,,,31/07/2012,$50K - $70K,1,2,8070,2653
,,,,,,31/07/2012 Total,,1,2,8070,2653
,,,,,,15/10/2012,$70K - $90K,1,5,5144,3589
,,,,,,15/10/2012 Total,,1,5,5144,3589
,,,,,,06/06/2013,$90K - $110K,1,3,1344,8941
,,,,,,06/06/2013 Total,,1,3,1344,8941
,,,,,,07/07/2013,$10K - $30K,1,5,1738,9780
,,,,,,07/07/2013 Total,,1,5,1738,9780
,,,,,,11/08/2013,$10K - $30K,1,4,8557,10710
,,,,,,11/08/2013 Total,,1,4,8557,10710
,,,,,USA Total,,,6,22,31270,37785
,,,,CA Total,,,,6,22,31270,37785
,,,Beverly Hills Total,,,,,6,22,31270,37785
,,,Bremerton,WA,USA,24/07/2012,$30K - $50K,1,4,5813,2567
,,,,,,24/07/2012 Total,,1,4,5813,2567
,,,,,USA Total,,,1,4,5813,2567
,,,,WA Total,,,,1,4,5813,2567
,,,Bremerton Total,,,,,1,4,5813,2567
,,,Guadalajara,Jalisco,Mexico,25/01/2013,$70K - $90K,1,3,2227,5331
,,,,,,25/01/2013 Total,,1,3,2227,5331
,,,,,Mexico Total,,,1,3,2227,5331
,,,,Jalisco Total,,,,1,3,2227,5331
,,,Guadalajara Total,,,,,1,3,2227,5331
,,,Hidalgo,Zacatecas,Mexico,02/04/2013,$30K - $50K,1,3,7239,7153
,,,,,,02/04/2013 Total,,1,3,7239,7153
,,,,,,08/05/2013,$10K - $30K,1,5,322,8154
,,,,,,08/05/2013 Total,,1,5,322,8154
,,,,,Mexico Total,,,2,8,7561,15307
,,,,Zacatecas Total,,,,2,8,7561,15307
,,,Hidalgo Total,,,,,2,8,7561,15307
,,,Los Angeles,CA,USA,29/10/2012,$50K - $70K,1,4,8793,3751
,,,,,,29/10/2012 Total,,1,4,8793,3751
,,,,,,07/07/2013,$30K - $50K,1,3,8724,9761
,,,,,,07/07/2013 Total,,1,3,8724,9761
,,,,,USA Total,,,2,7,17517,13512
,,,,CA Total,,,,2,7,17517,13512
,,,Los Angeles Total,,,,,2,7,17517,13512
,,,Merida,Yucatan,Mexico,09/09/2013,$70K - $90K,1,5,8870,11459
,,,,,,09/09/2013 Total,,1,5,8870,11459
,,,,,,16/09/2013,$70K - $90K,1,4,3864,11676
,,,,,,16/09/2013 Total,,1,4,3864,11676
,,,,,,28/09/2013,$130K - $150K,1,4,6033,12018
,,,,,,28/09/2013 Total,,1,4,6033,12018
,,,,,Mexico Total,,,3,13,18767,35153
,,,,Yucatan Total,,,,3,13,18767,35153
,,,Merida Total,,,,,3,13,18767,35153
,,,Orizaba,Veracruz,Mexico,09/03/2013,$30K - $50K,1,5,5172,6522
,,,,,,09/03/2013 Total,,1,5,5172,6522
,,,,,,19/03/2013,$50K - $70K,1,4,7158,6782
,,,,,,19/03/2013 Total,,1,4,7158,6782
,,,,,,17/12/2013,$50K - $70K,1,3,3870,13973
,,,,,,17/12/2013 Total,,1,3,3870,13973
,,,,,Mexico Total,,,3,12,16200,27277
,,,,Veracruz Total,,,,3,12,16200,27277
,,,Orizaba Total,,,,,3,12,16200,27277
,,,Portland,OR,USA,15/03/2013,$30K - $50K,1,2,8849,6699
,,,,,,15/03/2013 Total,,1,2,8849,6699
,,,,,,16/04/2013,$50K - $70K,1,4,3656,7522
,,,,,,16/04/2013 Total,,1,4,3656,7522
,,,,,,25/05/2013,$10K - $30K,1,3,7263,8591
,,,,,,25/05/2013 Total,,1,3,7263,8591
,,,,,USA Total,,,3,9,19768,22812
,,,,OR Total,,,,3,9,19768,22812
,,,Portland Total,,,,,3,9,19768,22812
,,,Salem,OR,USA,25/02/2012,$10K - $30K,1,3,8749,597
,,,,,,25/02/2012 Total,,1,3,8749,597
,,,,,,29/04/2013,$10K - $30K,1,5,7733,7896
,,,,,,29/04/2013 Total,,1,5,7733,7896
,,,,,,21/10/2013,$50K - $70K,1,3,1173,12635
,,,,,,21/10/2013 Total,,1,3,1173,12635
,,,,,USA Total,,,3,11,17655,21128
,,,,OR Total,,,,3,11,17655,21128
,,,Salem Total,,,,,3,11,17655,21128
,,,San Andres,DF,Mexico,25/04/2013,$150K +,1,5,5324,7768
,,,,,,25/04/2013 Total,,1,5,5324,7768
,,,,,,14/08/2013,$50K - $70K,1,5,7770,10817
,,,,,,14/08/2013 Total,,1,5,7770,10817
,,,,,Mexico Total,,,2,10,13094,18585
,,,,DF Total,,,,2,10,13094,18585
,,,San Andres Total,,,,,2,10,13094,18585
,,,San Diego,CA,USA,25/12/2011,$50K - $70K,1,2,7938,10
,,,,,,25/12/2011 Total,,1,2,7938,10
,,,,,,30/03/2012,$10K - $30K,1,5,3612,1083
,,,,,,30/03/2012 Total,,1,5,3612,1083
,,,,,USA Total,,,2,7,11550,1093
,,,,CA Total,,,,2,7,11550,1093
,,,San Diego Total,,,,,2,7,11550,1093
,,,San Francisco,CA,USA,20/06/2013,$50K - $70K,1,3,6428,9303
,,,,,,20/06/2013 Total,,1,3,6428,9303
,,,,,USA Total,,,1,3,6428,9303
,,,,CA Total,,,,1,3,6428,9303
,,,San Francisco Total,,,,,1,3,6428,9303
,,,Seattle,WA,USA,29/06/2012,$10K - $30K,1,5,9373,2278
,,,,,,29/06/2012 Total,,1,5,9373,2278
,,,,,,21/11/2012,$50K - $70K,1,3,8314,4050
,,,,,,21/11/2012 Total,,1,3,8314,4050
,,,,,,06/09/2013,$110K - $130K,1,4,10081,11393
,,,,,,06/09/2013 Total,,1,4,10081,11393
,,,,,,24/09/2013,$30K - $50K,1,6,1956,11904
,,,,,,24/09/2013 Total,,1,6,1956,11904
,,,,,USA Total,,,4,18,29724,29625
,,,,WA Total,,,,4,18,29724,29625
,,,Seattle Total,,,,,4,18,29724,29625
,,,Spokane,WA,USA,20/02/2012,$10K - $30K,1,4,2769,533
,,,,,,20/02/2012 Total,,1,4,2769,533
,,,,,,29/01/2013,$70K - $90K,1,4,3692,5431
,,,,,,29/01/2013 Total,,1,4,3692,5431
,,,,,,20/02/2013,$70K - $90K,1,4,3692,6076
,,,,,,20/02/2013 Total,,1,4,3692,6076
,,,,,,25/03/2013,$30K - $50K,1,4,5295,6925
,,,,,,25/03/2013 Total,,1,4,5295,6925
,,,,,,04/10/2013,$30K - $50K,1,5,5542,12183
,,,,,,04/10/2013 Total,,1,5,5542,12183
,,,,,USA Total,,,5,21,20990,31148
,,,,WA Total,,,,5,21,20990,31148
,,,Spokane Total,,,,,5,21,20990,31148
,,,Tacoma,WA,USA,04/12/2012,$70K - $90K,1,6,8189,4257
,,,,,,04/12/2012 Total,,1,6,8189,4257
,,,,,,04/03/2013,$10K - $30K,1,6,6047,6394
,,,,,,04/03/2013 Total,,1,6,6047,6394
,,,,,,17/11/2013,$30K - $50K,1,5,4670,13406
,,,,,,17/11/2013 Total,,1,5,4670,13406
,,,,,,10/12/2013,$30K - $50K,1,5,6647,13888
,,,,,,10/12/2013 Total,,1,5,6647,13888
,,,,,USA Total,,,4,22,25553,37945
,,,,WA Total,,,,4,22,25553,37945
,,,Tacoma Total,,,,,4,22,25553,37945
,,,Vancouver,BC,Canada,23/03/2013,$30K - $50K,1,5,1228,6879
,,,,,,23/03/2013 Total,,1,5,1228,6879
,,,,,,02/10/2013,$30K - $50K,1,3,4870,12124
,,,,,,02/10/2013 Total,,1,3,4870,12124
,,,,,Canada Total,,,2,8,6098,19003
,,,,BC Total,,,,2,8,6098,19003
,,,Vancouver Total,,,,,2,8,6098,19003
,,,Victoria,BC,Canada,13/04/2013,$30K - $50K,1,4,6415,7451
,,,,,,13/04/2013 Total,,1,4,6415,7451
,,,,,Canada Total,,,1,4,6415,7451
,,,,BC Total,,,,1,4,6415,7451
,,,Victoria Total,,,,,1,4,6415,7451
,,,Walla Walla,WA,USA,27/03/2012,$10K - $30K,1,2,3286,1023
,,,,,,27/03/2012 Total,,1,2,3286,1023
,,,,,,29/08/2012,$10K - $30K,1,5,5847,3009
,,,,,,29/08/2012 Total,,1,5,5847,3009
,,,,,USA Total,,,2,7,9133,4032
,,,,WA Total,,,,2,7,9133,4032
,,,Walla Walla Total,,,,,2,7,9133,4032
,,,Yakima,WA,USA,29/05/2012,$70K - $90K,1,6,921,1902
,,,,,,29/05/2012 Total,,1,6,921,1902
,,,,,,14/03/2013,$30K - $50K,1,4,7171,6672
,,,,,,14/03/2013 Total,,1,4,7171,6672
,,,,,USA Total,,,2,10,8092,8574
,,,,WA Total,,,,2,10,8092,8574
,,,Yakima Total,,,,,2,10,8092,8574
,,S Total,,,,,,51,206,285025,367415
,M Total,,,,,,,92,371,475347,704126
Pain Relievers Total,,,,,,,,192,789,955328,1442843
Paper Products,F,M,Acapulco,Guerrero,Mexico,19/07/2013,$10K - $30K,1,5,680,10126
,,,,,,19/07/2013 Total,,1,5,680,10126
,,,,,Mexico Total,,,1,5,680,10126
,,,,Guerrero Total,,,,1,5,680,10126
,,,Acapulco Total,,,,,1,5,680,10126
,,,Bellingham,WA,USA,16/02/2012,$30K - $50K,1,3,5015,488
,,,,,,16/02/2012 Total,,1,3,5015,488
,,,,,,19/11/2013,$30K - $50K,1,3,9987,13466
,,,,,,19/11/2013 Total,,1,3,9987,13466
,,,,,USA Total,,,2,6,15002,13954
,,,,WA Total,,,,2,6,15002,13954
,,,Bellingham Total,,,,,2,6,15002,13954
,,,Beverly Hills,CA,USA,28/05/2012,$50K - $70K,1,3,3282,1894
,,,,,,28/05/2012 Total,,1,3,3282,1894
,,,,,,11/01/2013,$30K - $50K,1,4,1052,4981
,,,,,,11/01/2013 Total,,1,4,1052,4981
,,,,,,23/03/2013,$110K - $130K,1,4,1532,6887
,,,,,,23/03/2013 Total,,1,4,1532,6887
,,,,,,03/12/2013,$150K +,1,2,6897,13781
,,,,,,03/12/2013 Total,,1,2,6897,13781
,,,,,USA Total,,,4,13,12763,27543
,,,,CA Total,,,,4,13,12763,27543
,,,Beverly Hills Total,,,,,4,13,12763,27543
,,,Bremerton,WA,USA,06/10/2012,$70K - $90K,1,4,2690,3477
,,,,,,06/10/2012 Total,,1,4,2690,3477
,,,,,,11/01/2013,$150K +,1,6,3593,4971
,,,,,,11/01/2013 Total,,1,6,3593,4971
,,,,,,06/12/2013,$30K - $50K,1,6,1442,13836
,,,,,,06/12/2013 Total,,1,6,1442,13836
,,,,,USA Total,,,3,16,7725,22284
,,,,WA Total,,,,3,16,7725,22284
,,,Bremerton Total,,,,,3,16,7725,22284
,,,Camacho,Zacatecas,Mexico,17/05/2013,$90K - $110K,1,4,7946,8382
,,,,,,17/05/2013 Total,,1,4,7946,8382
,,,,,,21/06/2013,$70K - $90K,1,6,3186,9346
,,,,,,21/06/2013 Total,,1,6,3186,9346
,,,,,,03/07/2013,$50K - $70K,1,6,5099,9650
,,,,,,03/07/2013 Total,,1,6,5099,9650
,,,,,,18/09/2013,$50K - $70K,1,4,5099,11712
,,,,,,18/09/2013 Total,,1,4,5099,11712
,,,,,,31/10/2013,$70K - $90K,1,5,4807,12930
,,,,,,31/10/2013 Total,,1,5,4807,12930
,,,,,,07/11/2013,$50K - $70K,1,4,8497,13128
,,,,,,07/11/2013 Total,,1,4,8497,13128
,,,,,Mexico Total,,,6,29,34634,65148
,,,,Zacatecas Total,,,,6,29,34634,65148
,,,Camacho Total,,,,,6,29,34634,65148
,,,Hidalgo,Zacatecas,Mexico,06/03/2013,$50K - $70K,1,5,6227,6445
,,,,,,06/03/2013 Total,,1,5,6227,6445
,,,,,,23/03/2013,$50K - $70K,1,5,4579,6895
,,,,,,23/03/2013 Total,,1,5,4579,6895
,,,,,,23/04/2013,$50K - $70K,1,4,3317,7709
,,,,,,23/04/2013 Total,,1,4,3317,7709
,,,,,,25/04/2013,$150K +,1,3,564,7773
,,,,,,25/04/2013 Total,,1,3,564,7773
,,,,,,18/06/2013,$10K - $30K,1,5,1444,9265
,,,,,,18/06/2013 Total,,1,5,1444,9265
,,,,,,10/07/2013,$90K - $110K,1,6,4026,9867
,,,,,,10/07/2013 Total,,1,6,4026,9867
,,,,,,16/07/2013,$30K - $50K,1,3,3390,10029
,,,,,,16/07/2013 Total,,1,3,3390,10029
,,,,,,25/08/2013,$10K - $30K,1,6,3495,11074
,,,,,,25/08/2013 Total,,1,6,3495,11074
,,,,,,15/09/2013,$70K - $90K,1,5,8363,11643
,,,,,,15/09/2013 Total,,1,5,8363,11643
,,,,,,05/10/2013,$10K - $30K,1,3,3440,12193
,,,,,,05/10/2013 Total,,1,3,3440,12193
,,,,,,02/11/2013,$10K - $30K,1,3,1787,13004
,,,,,,02/11/2013 Total,,1,3,1787,13004
,,,,,Mexico Total,,,11,48,40632,105897
,,,,Zacatecas Total,,,,11,48,40632,105897
,,,Hidalgo Total,,,,,11,48,40632,105897
,,,Los Angeles,CA,USA,13/05/2012,$70K - $90K,1,4,9145,1701
,,,,,,13/05/2012 Total,,1,4,9145,1701
,,,,,,26/08/2012,$70K - $90K,1,4,6590,2984
,,,,,,26/08/2012 Total,,1,4,6590,2984
,,,,,,27/11/2012,$10K - $30K,1,5,2438,4144
,,,,,,27/11/2012 Total,,1,5,2438,4144
,,,,,,25/12/2012,$90K - $110K,1,3,6845,4589
,,,,,,25/12/2012 Total,,1,3,6845,4589
,,,,,,07/02/2013,$10K - $30K,1,5,381,5685
,,,,,,07/02/2013 Total,,1,5,381,5685
,,,,,,19/03/2013,$50K - $70K,1,4,9209,6800
,,,,,,19/03/2013 Total,,1,4,9209,6800
,,,,,USA Total,,,6,25,34608,25903
,,,,CA Total,,,,6,25,34608,25903
,,,Los Angeles Total,,,,,6,25,34608,25903
,,,Merida,Yucatan,Mexico,04/02/2013,$30K - $50K,1,6,6603,5600
,,,,,,04/02/2013 Total,,1,6,6603,5600
,,,,,,09/06/2013,$50K - $70K,1,5,896,9011
,,,,,,09/06/2013 Total,,1,5,896,9011
,,,,,,14/06/2013,$50K - $70K,1,4,244,9142
,,,,,,14/06/2013 Total,,1,4,244,9142
,,,,,Mexico Total,,,3,15,7743,23753
,,,,Yucatan Total,,,,3,15,7743,23753
,,,Merida Total,,,,,3,15,7743,23753
,,,Mexico City,DF,Mexico,25/06/2013,$70K - $90K,1,4,683,9444
,,,,,,25/06/2013 Total,,1,4,683,9444
,,,,,,13/10/2013,$70K - $90K,1,2,2070,12424
,,,,,,13/10/2013 Total,,1,2,2070,12424
,,,,,Mexico Total,,,2,6,2753,21868
,,,,DF Total,,,,2,6,2753,21868
,,,Mexico City Total,,,,,2,6,2753,21868
,,,Orizaba,Veracruz,Mexico,14/04/2013,$130K - $150K,1,4,4250,7468
,,,,,,14/04/2013 Total,,1,4,4250,7468
,,,,,,23/04/2013,$30K - $50K,1,4,1425,7718
,,,,,,23/04/2013 Total,,1,4,1425,7718
,,,,,,16/10/2013,$10K - $30K,1,6,8388,12509
,,,,,,16/10/2013 Total,,1,6,8388,12509
,,,,,,17/10/2013,$30K - $50K,1,2,5071,12527
,,,,,,17/10/2013 Total,,1,2,5071,12527
,,,,,Mexico Total,,,4,16,19134,40222
,,,,Veracruz Total,,,,4,16,19134,40222
,,,Orizaba Total,,,,,4,16,19134,40222
,,,Portland,OR,USA,08/09/2013,$10K - $30K,1,4,238,11453
,,,,,,08/09/2013 Total,,1,4,238,11453
,,,,,,13/09/2013,$10K - $30K,1,5,7617,11596
,,,,,,13/09/2013 Total,,1,5,7617,11596
,,,,,USA Total,,,2,9,7855,23049
,,,,OR Total,,,,2,9,7855,23049
,,,Portland Total,,,,,2,9,7855,23049
,,,Salem,OR,USA,22/02/2012,$110K - $130K,1,4,6204,549
,,,,,,22/02/2012 Total,,1,4,6204,549
,,,,,,21/04/2012,$30K - $50K,1,5,392,1411
,,,,,,21/04/2012 Total,,1,5,392,1411
,,,,,,07/06/2012,$90K - $110K,1,3,8439,2017
,,,,,,07/06/2012 Total,,1,3,8439,2017
,,,,,,25/11/2012,$50K - $70K,1,4,4507,4115
,,,,,,25/11/2012 Total,,1,4,4507,4115
,,,,,,08/03/2013,$30K - $50K,1,3,2373,6515
,,,,,,08/03/2013 Total,,1,3,2373,6515
,,,,,,08/04/2013,$70K - $90K,1,3,6564,7321
,,,,,,08/04/2013 Total,,1,3,6564,7321
,,,,,,28/10/2013,$30K - $50K,1,5,1996,12852
,,,,,,28/10/2013 Total,,1,5,1996,12852
,,,,,USA Total,,,7,27,30475,34780
,,,,OR Total,,,,7,27,30475,34780
,,,Salem Total,,,,,7,27,30475,34780
,,,San Andres,DF,Mexico,01/09/2013,$50K - $70K,1,4,3335,11259
,,,,,,01/09/2013 Total,,1,4,3335,11259
,,,,,Mexico Total,,,1,4,3335,11259
,,,,DF Total,,,,1,4,3335,11259
,,,San Andres Total,,,,,1,4,3335,11259
,,,San Diego,CA,USA,29/02/2012,$30K - $50K,1,4,873,639
,,,,,,29/02/2012 Total,,1,4,873,639
,,,,,,14/03/2012,$90K - $110K,1,2,8318,841
,,,,,,14/03/2012 Total,,1,2,8318,841
,,,,,,25/03/2012,$30K - $50K,1,4,3204,994
,,,,,,25/03/2012 Total,,1,4,3204,994
,,,,,,08/04/2012,$10K - $30K,1,5,10012,1210
,,,,,,08/04/2012 Total,,1,5,10012,1210
,,,,,,14/02/2013,$10K - $30K,1,7,10134,5897
,,,,,,14/02/2013 Total,,1,7,10134,5897
,,,,,,31/03/2013,$10K - $30K,1,6,10134,7093
,,,,,,31/03/2013 Total,,1,6,10134,7093
,,,,,,18/09/2013,$70K - $90K,1,3,1386,11713
,,,,,,18/09/2013 Total,,1,3,1386,11713
,,,,,USA Total,,,7,31,44061,28387
,,,,CA Total,,,,7,31,44061,28387
,,,San Diego Total,,,,,7,31,44061,28387
,,,Seattle,WA,USA,10/05/2012,$50K - $70K,1,2,6902,1667
,,,,,,10/05/2012 Total,,1,2,6902,1667
,,,,,,11/11/2012,$30K - $50K,1,3,1642,3905
,,,,,,11/11/2012 Total,,1,3,1642,3905
,,,,,,20/11/2012,$50K - $70K,1,3,6902,4037
,,,,,,20/11/2012 Total,,1,3,6902,4037
,,,,,,05/07/2013,$10K - $30K,1,6,6864,9706
,,,,,,05/07/2013 Total,,1,6,6864,9706
,,,,,,10/11/2013,$130K - $150K,1,4,8541,13199
,,,,,,10/11/2013 Total,,1,4,8541,13199
,,,,,,26/11/2013,$10K - $30K,1,2,1370,13637
,,,,,,26/11/2013 Total,,1,2,1370,13637
,,,,,,01/12/2013,$110K - $130K,1,5,2559,13748
,,,,,,01/12/2013 Total,,1,5,2559,13748
,,,,,USA Total,,,7,25,34780,59899
,,,,WA Total,,,,7,25,34780,59899
,,,Seattle Total,,,,,7,25,34780,59899
,,,Spokane,WA,USA,24/01/2012,$70K - $90K,1,3,976,212
,,,,,,24/01/2012 Total,,1,3,976,212
,,,,,,24/11/2012,$70K - $90K,1,5,2587,4106
,,,,,,24/11/2012 Total,,1,5,2587,4106
,,,,,,10/02/2013,$30K - $50K,1,2,10173,5774
,,,,,,10/02/2013 Total,,1,2,10173,5774
,,,,,,13/02/2013,$10K - $30K,1,4,1310,5853
,,,,,,13/02/2013 Total,,1,4,1310,5853
,,,,,,17/06/2013,$130K - $150K,1,2,4175,9234
,,,,,,17/06/2013 Total,,1,2,4175,9234
,,,,,,16/07/2013,$70K - $90K,1,5,3491,10030
,,,,,,16/07/2013 Total,,1,5,3491,10030
,,,,,USA Total,,,6,21,22712,35209
,,,,WA Total,,,,6,21,22712,35209
,,,Spokane Total,,,,,6,21,22712,35209
,,,Tacoma,WA,USA,19/04/2012,$30K - $50K,1,6,2787,1367
,,,,,,19/04/2012 Total,,1,6,2787,1367
,,,,,,01/07/2012,$110K - $130K,1,2,5644,2294
,,,,,,01/07/2012 Total,,1,2,5644,2294
,,,,,,24/07/2012,$10K - $30K,1,5,9997,2569
,,,,,,24/07/2012 Total,,1,5,9997,2569
,,,,,,06/08/2012,$10K - $30K,1,2,8617,2724
,,,,,,06/08/2012 Total,,1,2,8617,2724
,,,,,,04/01/2013,$30K - $50K,1,4,5398,4809
,,,,,,04/01/2013 Total,,1,4,5398,4809
,,,,,,02/06/2013,$30K - $50K,1,3,3528,8817
,,,,,,02/06/2013 Total,,1,3,3528,8817
,,,,,,16/09/2013,$30K - $50K,1,4,8074,11680
,,,,,,16/09/2013 Total,,1,4,8074,11680
,,,,,USA Total,,,7,26,44045,34260
,,,,WA Total,,,,7,26,44045,34260
,,,Tacoma Total,,,,,7,26,44045,34260
,,,Vancouver,BC,Canada,25/02/2013,$30K - $50K,1,4,4028,6215
,,,,,,25/02/2013 Total,,1,4,4028,6215
,,,,,,04/06/2013,$70K - $90K,1,2,210,8887
,,,,,,04/06/2013 Total,,1,2,210,8887
,,,,,,18/06/2013,$50K - $70K,1,4,3280,9243
,,,,,,18/06/2013 Total,,1,4,3280,9243
,,,,,,25/09/2013,$50K - $70K,1,6,2066,11940
,,,,,,25/09/2013 Total,,1,6,2066,11940
,,,,,,22/11/2013,$50K - $70K,1,3,810,13540
,,,,,,22/11/2013 Total,,1,3,810,13540
,,,,,Canada Total,,,5,19,10394,49825
,,,,BC Total,,,,5,19,10394,49825
,,,Vancouver Total,,,,,5,19,10394,49825
,,,Victoria,BC,Canada,20/06/2013,$50K - $70K,1,4,3454,9324
,,,,,,20/06/2013 Total,,1,4,3454,9324
,,,,,,01/08/2013,$50K - $70K,1,4,6152,10438
,,,,,,01/08/2013 Total,,1,4,6152,10438
,,,,,,06/11/2013,$50K - $70K,1,5,1782,13108
,,,,,,06/11/2013 Total,,1,5,1782,13108
,,,,,Canada Total,,,3,13,11388,32870
,,,,BC Total,,,,3,13,11388,32870
,,,Victoria Total,,,,,3,13,11388,32870
,,,Walla Walla,WA,USA,02/03/2012,$50K - $70K,1,4,7683,666
,,,,,,02/03/2012 Total,,1,4,7683,666
,,,,,,19/02/2013,$10K - $30K,1,3,3549,6029
,,,,,,19/02/2013 Total,,1,3,3549,6029
,,,,,,06/04/2013,$50K - $70K,1,4,3504,7250
,,,,,,06/04/2013 Total,,1,4,3504,7250
,,,,,,30/08/2013,$50K - $70K,1,1,3504,11210
,,,,,,30/08/2013 Total,,1,1,3504,11210
,,,,,USA Total,,,4,12,18240,25155
,,,,WA Total,,,,4,12,18240,25155
,,,Walla Walla Total,,,,,4,12,18240,25155
,,,Yakima,WA,USA,19/09/2012,$110K - $130K,1,4,2981,3274
,,,,,,19/09/2012 Total,,1,4,2981,3274
,,,,,,29/12/2013,$10K - $30K,1,5,2032,14054
,,,,,,29/12/2013 Total,,1,5,2032,14054
,,,,,USA Total,,,2,9,5013,17328
,,,,WA Total,,,,2,9,5013,17328
,,,Yakima Total,,,,,2,9,5013,17328
,,M Total,,,,,,93,375,407972,708719
,,S,Acapulco,Guerrero,Mexico,17/06/2013,$10K - $30K,1,2,7213,9228
,,,,,,17/06/2013 Total,,1,2,7213,9228
,,,,,,18/11/2013,$10K - $30K,1,4,2476,13444
,,,,,,18/11/2013 Total,,1,4,2476,13444
,,,,,Mexico Total,,,2,6,9689,22672
,,,,Guerrero Total,,,,2,6,9689,22672
,,,Acapulco Total,,,,,2,6,9689,22672
,,,Bellingham,WA,USA,04/02/2013,$70K - $90K,1,2,5282,5615
,,,,,,04/02/2013 Total,,1,2,5282,5615
,,,,,USA Total,,,1,2,5282,5615
,,,,WA Total,,,,1,2,5282,5615
,,,Bellingham Total,,,,,1,2,5282,5615
,,,Beverly Hills,CA,USA,06/08/2012,$70K - $90K,1,4,3744,2728
,,,,,,06/08/2012 Total,,1,4,3744,2728
,,,,,,04/11/2012,$30K - $50K,1,6,3233,3832
,,,,,,04/11/2012 Total,,1,6,3233,3832
,,,,,,16/11/2013,$110K - $130K,1,3,1058,13375
,,,,,,16/11/2013 Total,,1,3,1058,13375
,,,,,USA Total,,,3,13,8035,19935
,,,,CA Total,,,,3,13,8035,19935
,,,Beverly Hills Total,,,,,3,13,8035,19935
,,,Bremerton,WA,USA,25/09/2012,$50K - $70K,1,4,571,3323
,,,,,,25/09/2012 Total,,1,4,571,3323
,,,,,,28/12/2012,$50K - $70K,1,4,7622,4653
,,,,,,28/12/2012 Total,,1,4,7622,4653
,,,,,,06/01/2013,$50K - $70K,1,5,8966,4846
,,,,,,06/01/2013 Total,,1,5,8966,4846
,,,,,,01/03/2013,$70K - $90K,1,4,1785,6326
,,,,,,01/03/2013 Total,,1,4,1785,6326
,,,,,,06/05/2013,$150K +,1,5,2298,8080
,,,,,,06/05/2013 Total,,1,5,2298,8080
,,,,,,27/05/2013,$50K - $70K,1,4,8647,8651
,,,,,,27/05/2013 Total,,1,4,8647,8651
,,,,,,21/06/2013,$110K - $130K,1,3,3441,9344
,,,,,,21/06/2013 Total,,1,3,3441,9344
,,,,,USA Total,,,7,29,33330,45223
,,,,WA Total,,,,7,29,33330,45223
,,,Bremerton Total,,,,,7,29,33330,45223
,,,Camacho,Zacatecas,Mexico,06/02/2013,$50K - $70K,1,3,9820,5670
,,,,,,06/02/2013 Total,,1,3,9820,5670
,,,,,,17/02/2013,$10K - $30K,1,4,5294,5978
,,,,,,17/02/2013 Total,,1,4,5294,5978
,,,,,,29/03/2013,$50K - $70K,1,5,9820,7054
,,,,,,29/03/2013 Total,,1,5,9820,7054
,,,,,,09/06/2013,$50K - $70K,1,6,4932,9016
,,,,,,09/06/2013 Total,,1,6,4932,9016
,,,,,,20/06/2013,$130K - $150K,1,5,6910,9308
,,,,,,20/06/2013 Total,,1,5,6910,9308
,,,,,,07/08/2013,$10K - $30K,1,3,767,10614
,,,,,,07/08/2013 Total,,1,3,767,10614
,,,,,,24/08/2013,$50K - $70K,1,4,8405,11053
,,,,,,24/08/2013 Total,,1,4,8405,11053
,,,,,Mexico Total,,,7,30,45948,58693
,,,,Zacatecas Total,,,,7,30,45948,58693
,,,Camacho Total,,,,,7,30,45948,58693
,,,Guadalajara,Jalisco,Mexico,17/11/2013,$30K - $50K,1,2,6507,13420
,,,,,,17/11/2013 Total,,1,2,6507,13420
,,,,,Mexico Total,,,1,2,6507,13420
,,,,Jalisco Total,,,,1,2,6507,13420
,,,Guadalajara Total,,,,,1,2,6507,13420
,,,Hidalgo,Zacatecas,Mexico,08/03/2013,$90K - $110K,1,3,6527,6509
,,,,,,08/03/2013 Total,,1,3,6527,6509
,,,,,,21/10/2013,$70K - $90K,1,6,8040,12641
,,,,,,21/10/2013 Total,,1,6,8040,12641
,,,,,Mexico Total,,,2,9,14567,19150
,,,,Zacatecas Total,,,,2,9,14567,19150
,,,Hidalgo Total,,,,,2,9,14567,19150
,,,Los Angeles,CA,USA,17/01/2012,$130K - $150K,1,5,8154,134
,,,,,,17/01/2012 Total,,1,5,8154,134
,,,,,,02/05/2012,$30K - $50K,1,3,5887,1551
,,,,,,02/05/2012 Total,,1,3,5887,1551
,,,,,,15/12/2013,$30K - $50K,1,5,5920,13954
,,,,,,15/12/2013 Total,,1,5,5920,13954
,,,,,USA Total,,,3,13,19961,15639
,,,,CA Total,,,,3,13,19961,15639
,,,Los Angeles Total,,,,,3,13,19961,15639
,,,Merida,Yucatan,Mexico,24/01/2013,$70K - $90K,1,4,5102,5307
,,,,,,24/01/2013 Total,,1,4,5102,5307
,,,,,,29/03/2013,$10K - $30K,1,4,2118,7039
,,,,,,29/03/2013 Total,,1,4,2118,7039
,,,,,,07/09/2013,$70K - $90K,1,4,5102,11427
,,,,,,07/09/2013 Total,,1,4,5102,11427
,,,,,,06/11/2013,$10K - $30K,1,4,1930,13083
,,,,,,06/11/2013 Total,,1,4,1930,13083
,,,,,,08/11/2013,$30K - $50K,1,5,4285,13148
,,,,,,08/11/2013 Total,,1,5,4285,13148
,,,,,Mexico Total,,,5,21,18537,50004
,,,,Yucatan Total,,,,5,21,18537,50004
,,,Merida Total,,,,,5,21,18537,50004
,,,Mexico City,DF,Mexico,18/02/2013,$50K - $70K,1,5,6714,6001
,,,,,,18/02/2013 Total,,1,5,6714,6001
,,,,,,25/08/2013,$30K - $50K,1,3,5351,11073
,,,,,,25/08/2013 Total,,1,3,5351,11073
,,,,,,19/10/2013,$10K - $30K,1,4,3648,12569
,,,,,,19/10/2013 Total,,1,4,3648,12569
,,,,,,13/11/2013,$30K - $50K,1,2,24,13293
,,,,,,13/11/2013 Total,,1,2,24,13293
,,,,,Mexico Total,,,4,14,15737,42936
,,,,DF Total,,,,4,14,15737,42936
,,,Mexico City Total,,,,,4,14,15737,42936
,,,Orizaba,Veracruz,Mexico,02/01/2013,$70K - $90K,1,2,8534,4763
,,,,,,02/01/2013 Total,,1,2,8534,4763
,,,,,,20/02/2013,$70K - $90K,1,6,8534,6044
,,,,,,20/02/2013 Total,,1,6,8534,6044
,,,,,,01/03/2013,$90K - $110K,1,3,6812,6333
,,,,,,01/03/2013 Total,,1,3,6812,6333
,,,,,,07/10/2013,$50K - $70K,1,4,8228,12253
,,,,,,07/10/2013 Total,,1,4,8228,12253
,,,,,Mexico Total,,,4,15,32108,29393
,,,,Veracruz Total,,,,4,15,32108,29393
,,,Orizaba Total,,,,,4,15,32108,29393
,,,Portland,OR,USA,28/04/2012,$70K - $90K,1,4,5118,1505
,,,,,,28/04/2012 Total,,1,4,5118,1505
,,,,,,02/08/2012,$30K - $50K,1,5,4847,2684
,,,,,,02/08/2012 Total,,1,5,4847,2684
,,,,,,03/09/2012,$130K - $150K,1,4,5882,3062
,,,,,,03/09/2012 Total,,1,4,5882,3062
,,,,,,26/02/2013,$10K - $30K,1,5,6822,6231
,,,,,,26/02/2013 Total,,1,5,6822,6231
,,,,,,30/08/2013,$90K - $110K,1,4,8768,11207
,,,,,,30/08/2013 Total,,1,4,8768,11207
,,,,,USA Total,,,5,22,31437,24689
,,,,OR Total,,,,5,22,31437,24689
,,,Portland Total,,,,,5,22,31437,24689
,,,Salem,OR,USA,27/04/2012,$10K - $30K,1,2,6003,1493
,,,,,,27/04/2012 Total,,1,2,6003,1493
,,,,,,07/10/2012,$10K - $30K,1,3,7182,3489
,,,,,,07/10/2012 Total,,1,3,7182,3489
,,,,,,17/03/2013,$10K - $30K,1,4,6003,6737
,,,,,,17/03/2013 Total,,1,4,6003,6737
,,,,,,19/04/2013,$50K - $70K,1,3,280,7606
,,,,,,19/04/2013 Total,,1,3,280,7606
,,,,,,21/05/2013,$10K - $30K,1,2,6544,8479
,,,,,,21/05/2013 Total,,1,2,6544,8479
,,,,,,06/07/2013,$10K - $30K,1,4,3243,9748
,,,,,,06/07/2013 Total,,1,4,3243,9748
,,,,,,12/07/2013,$30K - $50K,1,5,7416,9910
,,,,,,12/07/2013 Total,,1,5,7416,9910
,,,,,USA Total,,,7,23,36671,47462
,,,,OR Total,,,,7,23,36671,47462
,,,Salem Total,,,,,7,23,36671,47462
,,,San Diego,CA,USA,16/06/2012,$10K - $30K,1,6,5167,2099
,,,,,,16/06/2012 Total,,1,6,5167,2099
,,,,,,30/12/2012,$50K - $70K,1,3,8630,4705
,,,,,,30/12/2012 Total,,1,3,8630,4705
,,,,,,24/04/2013,$70K - $90K,1,4,630,7759
,,,,,,24/04/2013 Total,,1,4,630,7759
,,,,,,17/06/2013,$50K - $70K,1,4,1044,9231
,,,,,,17/06/2013 Total,,1,4,1044,9231
,,,,,USA Total,,,4,17,15471,23794
,,,,CA Total,,,,4,17,15471,23794
,,,San Diego Total,,,,,4,17,15471,23794
,,,Seattle,WA,USA,11/06/2012,$50K - $70K,1,3,180,2049
,,,,,,11/06/2012 Total,,1,3,180,2049
,,,,,,08/02/2013,$50K - $70K,1,3,6454,5713
,,,,,,08/02/2013 Total,,1,3,6454,5713
,,,,,,23/08/2013,$30K - $50K,1,6,5101,11031
,,,,,,23/08/2013 Total,,1,6,5101,11031
,,,,,,04/12/2013,$50K - $70K,1,5,8487,13816
,,,,,,04/12/2013 Total,,1,5,8487,13816
,,,,,USA Total,,,4,17,20222,32609
,,,,WA Total,,,,4,17,20222,32609
,,,Seattle Total,,,,,4,17,20222,32609
,,,Spokane,WA,USA,03/03/2012,$70K - $90K,1,4,9510,686
,,,,,,03/03/2012 Total,,1,4,9510,686
,,,,,,17/08/2012,$10K - $30K,1,4,5592,2864
,,,,,,17/08/2012 Total,,1,4,5592,2864
,,,,,,19/03/2013,$30K - $50K,1,5,9040,6791
,,,,,,19/03/2013 Total,,1,5,9040,6791
,,,,,,28/05/2013,$30K - $50K,1,3,6957,8682
,,,,,,28/05/2013 Total,,1,3,6957,8682
,,,,,,30/06/2013,$30K - $50K,1,4,6957,9570
,,,,,,30/06/2013 Total,,1,4,6957,9570
,,,,,,06/11/2013,$10K - $30K,1,3,4094,13085
,,,,,,06/11/2013 Total,,1,3,4094,13085
,,,,,USA Total,,,6,23,42150,41678
,,,,WA Total,,,,6,23,42150,41678
,,,Spokane Total,,,,,6,23,42150,41678
,,,Tacoma,WA,USA,21/12/2012,$110K - $130K,1,7,6423,4521
,,,,,,21/12/2012 Total,,1,7,6423,4521
,,,,,,30/12/2012,$10K - $30K,1,5,2918,4675
,,,,,,30/12/2012 Total,,1,5,2918,4675
,,,,,,09/07/2013,$30K - $50K,1,4,4340,9818
,,,,,,09/07/2013 Total,,1,4,4340,9818
,,,,,,20/08/2013,$70K - $90K,1,6,2211,10967
,,,,,,20/08/2013 Total,,1,6,2211,10967
,,,,,,07/09/2013,$30K - $50K,1,5,2942,11413
,,,,,,07/09/2013 Total,,1,5,2942,11413
,,,,,,10/10/2013,$70K - $90K,1,5,5419,12343
,,,,,,10/10/2013 Total,,1,5,5419,12343
,,,,,,01/12/2013,$30K - $50K,1,2,4231,13744
,,,,,,01/12/2013 Total,,1,2,4231,13744
,,,,,USA Total,,,7,34,28484,67481
,,,,WA Total,,,,7,34,28484,67481
,,,Tacoma Total,,,,,7,34,28484,67481
,,,Vancouver,BC,Canada,03/01/2013,$90K - $110K,1,5,10189,4791
,,,,,,03/01/2013 Total,,1,5,10189,4791
,,,,,,29/05/2013,$10K - $30K,1,4,9919,8708
,,,,,,29/05/2013 Total,,1,4,9919,8708
,,,,,,09/08/2013,$30K - $50K,1,5,2394,10663
,,,,,,09/08/2013 Total,,1,5,2394,10663
,,,,,,04/10/2013,$30K - $50K,1,3,4538,12178
,,,,,,04/10/2013 Total,,1,3,4538,12178
,,,,,Canada Total,,,4,17,27040,36340
,,,,BC Total,,,,4,17,27040,36340
,,,Vancouver Total,,,,,4,17,27040,36340
,,,Yakima,WA,USA,17/04/2013,$10K - $30K,1,3,10226,7552
,,,,,,17/04/2013 Total,,1,3,10226,7552
,,,,,USA Total,,,1,3,10226,7552
,,,,WA Total,,,,1,3,10226,7552
,,,Yakima Total,,,,,1,3,10226,7552
,,S Total,,,,,,77,310,421402,604285
,F Total,,,,,,,170,685,829374,1313004
,M,M,Bellingham,WA,USA,04/01/2013,$110K - $130K,1,3,1771,4802
,,,,,,04/01/2013 Total,,1,3,1771,4802
,,,,,,16/04/2013,$50K - $70K,1,2,7586,7519
,,,,,,16/04/2013 Total,,1,2,7586,7519
,,,,,USA Total,,,2,5,9357,12321
,,,,WA Total,,,,2,5,9357,12321
,,,Bellingham Total,,,,,2,5,9357,12321
,,,Beverly Hills,CA,USA,19/09/2012,$30K - $50K,1,5,240,3268
,,,,,,19/09/2012 Total,,1,5,240,3268
,,,,,,20/09/2012,$50K - $70K,1,4,3738,3280
,,,,,,20/09/2012 Total,,1,4,3738,3280
,,,,,,08/01/2013,$30K - $50K,1,6,8930,4900
,,,,,,08/01/2013 Total,,1,6,8930,4900
,,,,,,07/03/2013,$30K - $50K,1,5,8942,6473
,,,,,,07/03/2013 Total,,1,5,8942,6473
,,,,,,04/04/2013,$50K - $70K,1,2,6223,7220
,,,,,,04/04/2013 Total,,1,2,6223,7220
,,,,,,19/05/2013,$30K - $50K,1,3,3952,8420
,,,,,,19/05/2013 Total,,1,3,3952,8420
,,,,,,03/08/2013,$50K - $70K,1,4,4633,10505
,,,,,,03/08/2013 Total,,1,4,4633,10505
,,,,,USA Total,,,7,29,36658,44066
,,,,CA Total,,,,7,29,36658,44066
,,,Beverly Hills Total,,,,,7,29,36658,44066
,,,Bremerton,WA,USA,25/09/2012,$70K - $90K,1,2,3878,3319
,,,,,,25/09/2012 Total,,1,2,3878,3319
,,,,,,24/12/2012,$150K +,1,5,8960,4570
,,,,,,24/12/2012 Total,,1,5,8960,4570
,,,,,,27/12/2012,$90K - $110K,1,4,9951,4633
,,,,,,27/12/2012 Total,,1,4,9951,4633
,,,,,,07/02/2013,$110K - $130K,1,2,2556,5688
,,,,,,07/02/2013 Total,,1,2,2556,5688
,,,,,,17/10/2013,$30K - $50K,1,2,1533,12517
,,,,,,17/10/2013 Total,,1,2,1533,12517
,,,,,USA Total,,,5,15,26878,30727
,,,,WA Total,,,,5,15,26878,30727
,,,Bremerton Total,,,,,5,15,26878,30727
,,,Camacho,Zacatecas,Mexico,27/09/2013,$30K - $50K,1,4,5927,11981
,,,,,,27/09/2013 Total,,1,4,5927,11981
,,,,,Mexico Total,,,1,4,5927,11981
,,,,Zacatecas Total,,,,1,4,5927,11981
,,,Camacho Total,,,,,1,4,5927,11981
,,,Hidalgo,Zacatecas,Mexico,19/02/2013,$130K - $150K,1,4,7055,6035
,,,,,,19/02/2013 Total,,1,4,7055,6035
,,,,,,18/05/2013,$10K - $30K,1,5,6406,8411
,,,,,,18/05/2013 Total,,1,5,6406,8411
,,,,,,04/08/2013,$110K - $130K,1,6,10002,10545
,,,,,,04/08/2013 Total,,1,6,10002,10545
,,,,,,16/08/2013,$130K - $150K,1,3,1612,10861
,,,,,,16/08/2013 Total,,1,3,1612,10861
,,,,,,16/11/2013,$110K - $130K,1,5,10002,13378
,,,,,,16/11/2013 Total,,1,5,10002,13378
,,,,,,08/12/2013,$130K - $150K,1,6,7152,13859
,,,,,,08/12/2013 Total,,1,6,7152,13859
,,,,,Mexico Total,,,6,29,42229,63089
,,,,Zacatecas Total,,,,6,29,42229,63089
,,,Hidalgo Total,,,,,6,29,42229,63089
,,,Los Angeles,CA,USA,18/03/2012,$30K - $50K,1,4,5948,891
,,,,,,18/03/2012 Total,,1,4,5948,891
,,,,,,07/04/2012,$30K - $50K,1,4,9528,1198
,,,,,,07/04/2012 Total,,1,4,9528,1198
,,,,,,25/08/2012,$50K - $70K,1,4,5748,2972
,,,,,,25/08/2012 Total,,1,4,5748,2972
,,,,,,26/09/2012,$30K - $50K,1,5,5435,3332
,,,,,,26/09/2012 Total,,1,5,5435,3332
,,,,,,11/08/2013,$30K - $50K,1,5,62,10704
,,,,,,11/08/2013 Total,,1,5,62,10704
,,,,,,31/08/2013,$10K - $30K,1,3,7708,11256
,,,,,,31/08/2013 Total,,1,3,7708,11256
,,,,,,16/10/2013,$150K +,1,5,9494,12497
,,,,,,16/10/2013 Total,,1,5,9494,12497
,,,,,USA Total,,,7,30,43923,42850
,,,,CA Total,,,,7,30,43923,42850
,,,Los Angeles Total,,,,,7,30,43923,42850
,,,Merida,Yucatan,Mexico,06/07/2013,$30K - $50K,1,6,8670,9725
,,,,,,06/07/2013 Total,,1,6,8670,9725
,,,,,Mexico Total,,,1,6,8670,9725
,,,,Yucatan Total,,,,1,6,8670,9725
,,,Merida Total,,,,,1,6,8670,9725
,,,Orizaba,Veracruz,Mexico,19/03/2013,$30K - $50K,1,4,2697,6789
,,,,,,19/03/2013 Total,,1,4,2697,6789
,,,,,,16/05/2013,$70K - $90K,1,5,9197,8360
,,,,,,16/05/2013 Total,,1,5,9197,8360
,,,,,Mexico Total,,,2,9,11894,15149
,,,,Veracruz Total,,,,2,9,11894,15149
,,,Orizaba Total,,,,,2,9,11894,15149
,,,Portland,OR,USA,27/04/2012,$10K - $30K,1,3,7204,1483
,,,,,,27/04/2012 Total,,1,3,7204,1483
,,,,,,18/08/2012,$130K - $150K,1,5,8528,2875
,,,,,,18/08/2012 Total,,1,5,8528,2875
,,,,,,16/08/2013,$50K - $70K,1,4,1763,10873
,,,,,,16/08/2013 Total,,1,4,1763,10873
,,,,,,19/10/2013,$90K - $110K,1,5,10277,12579
,,,,,,19/10/2013 Total,,1,5,10277,12579
,,,,,,29/11/2013,$30K - $50K,1,4,1214,13698
,,,,,,29/11/2013 Total,,1,4,1214,13698
,,,,,USA Total,,,5,21,28986,41508
,,,,OR Total,,,,5,21,28986,41508
,,,Portland Total,,,,,5,21,28986,41508
,,,Salem,OR,USA,13/01/2012,$10K - $30K,1,3,2086,102
,,,,,,13/01/2012 Total,,1,3,2086,102
,,,,,,05/03/2012,$70K - $90K,1,2,9554,714
,,,,,,05/03/2012 Total,,1,2,9554,714
,,,,,,17/03/2012,$30K - $50K,1,4,6087,874
,,,,,,17/03/2012 Total,,1,4,6087,874
,,,,,,18/03/2012,$30K - $50K,1,6,6792,901
,,,,,,18/03/2012 Total,,1,6,6792,901
,,,,,USA Total,,,4,15,24519,2591
,,,,OR Total,,,,4,15,24519,2591
,,,Salem Total,,,,,4,15,24519,2591
,,,San Andres,DF,Mexico,16/04/2013,$10K - $30K,1,5,4960,7513
,,,,,,16/04/2013 Total,,1,5,4960,7513
,,,,,,02/06/2013,$50K - $70K,1,4,8,8828
,,,,,,02/06/2013 Total,,1,4,8,8828
,,,,,,17/06/2013,$30K - $50K,1,6,2790,9222
,,,,,,17/06/2013 Total,,1,6,2790,9222
,,,,,,26/10/2013,$30K - $50K,1,5,3329,12784
,,,,,,26/10/2013 Total,,1,5,3329,12784
,,,,,Mexico Total,,,4,20,11087,38347
,,,,DF Total,,,,4,20,11087,38347
,,,San Andres Total,,,,,4,20,11087,38347
,,,San Diego,CA,USA,31/12/2011,$50K - $70K,1,6,7902,32
,,,,,,31/12/2011 Total,,1,6,7902,32
,,,,,,15/02/2012,$50K - $70K,1,4,1565,475
,,,,,,15/02/2012 Total,,1,4,1565,475
,,,,,,25/07/2012,$30K - $50K,1,5,741,2586
,,,,,,25/07/2012 Total,,1,5,741,2586
,,,,,,07/09/2012,$30K - $50K,1,4,7971,3119
,,,,,,07/09/2012 Total,,1,4,7971,3119
,,,,,,21/01/2013,$50K - $70K,1,5,7002,5238
,,,,,,21/01/2013 Total,,1,5,7002,5238
,,,,,,25/01/2013,$70K - $90K,1,2,747,5339
,,,,,,25/01/2013 Total,,1,2,747,5339
,,,,,,20/07/2013,$10K - $30K,1,5,7541,10168
,,,,,,20/07/2013 Total,,1,5,7541,10168
,,,,,,21/07/2013,$70K - $90K,1,4,7555,10186
,,,,,,21/07/2013 Total,,1,4,7555,10186
,,,,,,04/11/2013,$30K - $50K,1,3,6877,13044
,,,,,,04/11/2013 Total,,1,3,6877,13044
,,,,,USA Total,,,9,38,47901,50187
,,,,CA Total,,,,9,38,47901,50187
,,,San Diego Total,,,,,9,38,47901,50187
,,,Seattle,WA,USA,26/03/2012,$90K - $110K,1,4,1628,1011
,,,,,,26/03/2012 Total,,1,4,1628,1011
,,,,,,16/06/2012,$30K - $50K,1,4,5040,2115
,,,,,,16/06/2012 Total,,1,4,5040,2115
,,,,,,04/09/2012,$30K - $50K,1,5,8137,3078
,,,,,,04/09/2012 Total,,1,5,8137,3078
,,,,,,19/10/2012,$30K - $50K,1,4,3930,3629
,,,,,,19/10/2012 Total,,1,4,3930,3629
,,,,,,26/07/2013,$130K - $150K,1,4,7099,10308
,,,,,,26/07/2013 Total,,1,4,7099,10308
,,,,,,11/08/2013,$30K - $50K,1,4,5195,10736
,,,,,,11/08/2013 Total,,1,4,5195,10736
,,,,,,21/08/2013,$150K +,1,4,317,10991
,,,,,,21/08/2013 Total,,1,4,317,10991
,,,,,,29/11/2013,$10K - $30K,1,4,3966,13684
,,,,,,29/11/2013 Total,,1,4,3966,13684
,,,,,,30/11/2013,$30K - $50K,1,4,4856,13727
,,,,,,30/11/2013 Total,,1,4,4856,13727
,,,,,USA Total,,,9,37,40168,69279
,,,,WA Total,,,,9,37,40168,69279
,,,Seattle Total,,,,,9,37,40168,69279
,,,Spokane,WA,USA,17/08/2012,$30K - $50K,1,4,9631,2867
,,,,,,17/08/2012 Total,,1,4,9631,2867
,,,,,,22/11/2012,$50K - $70K,1,3,1567,4068
,,,,,,22/11/2012 Total,,1,3,1567,4068
,,,,,,03/01/2013,$50K - $70K,1,3,2553,4785
,,,,,,03/01/2013 Total,,1,3,2553,4785
,,,,,,21/10/2013,$30K - $50K,1,3,5174,12632
,,,,,,21/10/2013 Total,,1,3,5174,12632
,,,,,,06/11/2013,$50K - $70K,1,2,2553,13088
,,,,,,06/11/2013 Total,,1,2,2553,13088
,,,,,USA Total,,,5,15,21478,37440
,,,,WA Total,,,,5,15,21478,37440
,,,Spokane Total,,,,,5,15,21478,37440
,,,Tacoma,WA,USA,05/02/2012,$30K - $50K,1,6,2441,366
,,,,,,05/02/2012 Total,,1,6,2441,366
,,,,,,04/06/2012,$50K - $70K,1,6,8172,1975
,,,,,,04/06/2012 Total,,1,6,8172,1975
,,,,,,09/01/2013,$10K - $30K,1,4,9187,4940
,,,,,,09/01/2013 Total,,1,4,9187,4940
,,,,,,27/01/2013,$30K - $50K,1,2,8242,5386
,,,,,,27/01/2013 Total,,1,2,8242,5386
,,,,,,13/03/2013,$70K - $90K,1,4,614,6634
,,,,,,13/03/2013 Total,,1,4,614,6634
,,,,,,14/04/2013,$10K - $30K,1,4,8466,7479
,,,,,,14/04/2013 Total,,1,4,8466,7479
,,,,,,06/06/2013,$30K - $50K,1,5,8242,8939
,,,,,,06/06/2013 Total,,1,5,8242,8939
,,,,,,02/11/2013,$10K - $30K,1,6,1185,13003
,,,,,,02/11/2013 Total,,1,6,1185,13003
,,,,,,10/11/2013,$70K - $90K,1,4,2863,13216
,,,,,,10/11/2013 Total,,1,4,2863,13216
,,,,,,11/11/2013,$110K - $130K,1,4,5303,13243
,,,,,,11/11/2013 Total,,1,4,5303,13243
,,,,,USA Total,,,10,45,54715,75181
,,,,WA Total,,,,10,45,54715,75181
,,,Tacoma Total,,,,,10,45,54715,75181
,,,Vancouver,BC,Canada,29/04/2013,$30K - $50K,1,4,7039,7895
,,,,,,29/04/2013 Total,,1,4,7039,7895
,,,,,,22/06/2013,$10K - $30K,1,5,5938,9372
,,,,,,22/06/2013 Total,,1,5,5938,9372
,,,,,Canada Total,,,2,9,12977,17267
,,,,BC Total,,,,2,9,12977,17267
,,,Vancouver Total,,,,,2,9,12977,17267
,,,Victoria,BC,Canada,15/11/2013,$130K - $150K,1,3,2169,13353
,,,,,,15/11/2013 Total,,1,3,2169,13353
,,,,,Canada Total,,,1,3,2169,13353
,,,,BC Total,,,,1,3,2169,13353
,,,Victoria Total,,,,,1,3,2169,13353
,,,Yakima,WA,USA,07/05/2012,$30K - $50K,1,4,5568,1635
,,,,,,07/05/2012 Total,,1,4,5568,1635
,,,,,,04/05/2013,$30K - $50K,1,5,588,8026
,,,,,,04/05/2013 Total,,1,5,588,8026
,,,,,,08/08/2013,$30K - $50K,1,5,8463,10619
,,,,,,08/08/2013 Total,,1,5,8463,10619
,,,,,USA Total,,,3,14,14619,20280
,,,,WA Total,,,,3,14,14619,20280
,,,Yakima Total,,,,,3,14,14619,20280
,,M Total,,,,,,83,344,444155,595341
,,S,Acapulco,Guerrero,Mexico,31/03/2013,$150K +,1,3,1420,7107
,,,,,,31/03/2013 Total,,1,3,1420,7107
,,,,,Mexico Total,,,1,3,1420,7107
,,,,Guerrero Total,,,,1,3,1420,7107
,,,Acapulco Total,,,,,1,3,1420,7107
,,,Bellingham,WA,USA,08/04/2013,$30K - $50K,1,3,5720,7300
,,,,,,08/04/2013 Total,,1,3,5720,7300
,,,,,USA Total,,,1,3,5720,7300
,,,,WA Total,,,,1,3,5720,7300
,,,Bellingham Total,,,,,1,3,5720,7300
,,,Beverly Hills,CA,USA,02/06/2012,$30K - $50K,1,4,4061,1952
,,,,,,02/06/2012 Total,,1,4,4061,1952
,,,,,,16/09/2012,$30K - $50K,1,4,3279,3231
,,,,,,16/09/2012 Total,,1,4,3279,3231
,,,,,,10/10/2012,$30K - $50K,1,3,1391,3525
,,,,,,10/10/2012 Total,,1,3,1391,3525
,,,,,,04/12/2012,$110K - $130K,1,4,6916,4255
,,,,,,04/12/2012 Total,,1,4,6916,4255
,,,,,,25/02/2013,$70K - $90K,1,4,6670,6208
,,,,,,25/02/2013 Total,,1,4,6670,6208
,,,,,,25/03/2013,$30K - $50K,1,4,3285,6935
,,,,,,25/03/2013 Total,,1,4,3285,6935
,,,,,,07/04/2013,$30K - $50K,1,7,7851,7288
,,,,,,07/04/2013 Total,,1,7,7851,7288
,,,,,USA Total,,,7,30,33453,33394
,,,,CA Total,,,,7,30,33453,33394
,,,Beverly Hills Total,,,,,7,30,33453,33394
,,,Bremerton,WA,USA,18/04/2012,$10K - $30K,1,4,9851,1363
,,,,,,18/04/2012 Total,,1,4,9851,1363
,,,,,,19/12/2012,$10K - $30K,1,5,4096,4484
,,,,,,19/12/2012 Total,,1,5,4096,4484
,,,,,,03/11/2013,$30K - $50K,1,5,5944,13025
,,,,,,03/11/2013 Total,,1,5,5944,13025
,,,,,USA Total,,,3,14,19891,18872
,,,,WA Total,,,,3,14,19891,18872
,,,Bremerton Total,,,,,3,14,19891,18872
,,,Camacho,Zacatecas,Mexico,17/05/2013,$110K - $130K,1,3,8118,8383
,,,,,,17/05/2013 Total,,1,3,8118,8383
,,,,,,26/07/2013,$30K - $50K,1,3,7110,10307
,,,,,,26/07/2013 Total,,1,3,7110,10307
,,,,,,01/09/2013,$30K - $50K,1,3,6240,11281
,,,,,,01/09/2013 Total,,1,3,6240,11281
,,,,,Mexico Total,,,3,9,21468,29971
,,,,Zacatecas Total,,,,3,9,21468,29971
,,,Camacho Total,,,,,3,9,21468,29971
,,,Guadalajara,Jalisco,Mexico,08/01/2013,$70K - $90K,1,3,2227,4903
,,,,,,08/01/2013 Total,,1,3,2227,4903
,,,,,,27/01/2013,$30K - $50K,1,2,1904,5380
,,,,,,27/01/2013 Total,,1,2,1904,5380
,,,,,,18/08/2013,$50K - $70K,1,2,2022,10904
,,,,,,18/08/2013 Total,,1,2,2022,10904
,,,,,Mexico Total,,,3,7,6153,21187
,,,,Jalisco Total,,,,3,7,6153,21187
,,,Guadalajara Total,,,,,3,7,6153,21187
,,,Hidalgo,Zacatecas,Mexico,26/08/2013,$10K - $30K,1,4,2510,11124
,,,,,,26/08/2013 Total,,1,4,2510,11124
,,,,,Mexico Total,,,1,4,2510,11124
,,,,Zacatecas Total,,,,1,4,2510,11124
,,,Hidalgo Total,,,,,1,4,2510,11124
,,,Los Angeles,CA,USA,13/07/2012,$30K - $50K,1,6,4599,2434
,,,,,,13/07/2012 Total,,1,6,4599,2434
,,,,,,02/11/2012,$30K - $50K,1,4,4061,3795
,,,,,,02/11/2012 Total,,1,4,4061,3795
,,,,,,29/03/2013,$130K - $150K,1,3,4157,7033
,,,,,,29/03/2013 Total,,1,3,4157,7033
,,,,,,26/11/2013,$50K - $70K,1,5,2218,13635
,,,,,,26/11/2013 Total,,1,5,2218,13635
,,,,,USA Total,,,4,18,15035,26897
,,,,CA Total,,,,4,18,15035,26897
,,,Los Angeles Total,,,,,4,18,15035,26897
,,,Merida,Yucatan,Mexico,11/08/2013,$10K - $30K,1,3,6464,10716
,,,,,,11/08/2013 Total,,1,3,6464,10716
,,,,,,04/11/2013,$10K - $30K,1,3,6464,13040
,,,,,,04/11/2013 Total,,1,3,6464,13040
,,,,,Mexico Total,,,2,6,12928,23756
,,,,Yucatan Total,,,,2,6,12928,23756
,,,Merida Total,,,,,2,6,12928,23756
,,,Orizaba,Veracruz,Mexico,22/12/2012,$130K - $150K,1,3,7376,4548
,,,,,,22/12/2012 Total,,1,3,7376,4548
,,,,,,23/03/2013,$50K - $70K,1,5,7158,6885
,,,,,,23/03/2013 Total,,1,5,7158,6885
,,,,,,18/05/2013,$50K - $70K,1,6,3870,8407
,,,,,,18/05/2013 Total,,1,6,3870,8407
,,,,,Mexico Total,,,3,14,18404,19840
,,,,Veracruz Total,,,,3,14,18404,19840
,,,Orizaba Total,,,,,3,14,18404,19840
,,,Portland,OR,USA,28/02/2012,$70K - $90K,1,4,328,626
,,,,,,28/02/2012 Total,,1,4,328,626
,,,,,,07/05/2012,$10K - $30K,1,4,8158,1640
,,,,,,07/05/2012 Total,,1,4,8158,1640
,,,,,,24/06/2012,$10K - $30K,1,5,573,2212
,,,,,,24/06/2012 Total,,1,5,573,2212
,,,,,,14/07/2012,$30K - $50K,1,2,8849,2449
,,,,,,14/07/2012 Total,,1,2,8849,2449
,,,,,,23/07/2012,$10K - $30K,1,5,36,2564
,,,,,,23/07/2012 Total,,1,5,36,2564
,,,,,,20/04/2013,$90K - $110K,1,6,5681,7629
,,,,,,20/04/2013 Total,,1,6,5681,7629
,,,,,,08/06/2013,$50K - $70K,1,3,880,8985
,,,,,,08/06/2013 Total,,1,3,880,8985
,,,,,,27/08/2013,$30K - $50K,1,4,7594,11149
,,,,,,27/08/2013 Total,,1,4,7594,11149
,,,,,,07/10/2013,$10K - $30K,1,5,4514,12264
,,,,,,07/10/2013 Total,,1,5,4514,12264
,,,,,USA Total,,,9,38,36613,49518
,,,,OR Total,,,,9,38,36613,49518
,,,Portland Total,,,,,9,38,36613,49518
,,,Salem,OR,USA,10/02/2012,$130K - $150K,1,5,4779,415
,,,,,,10/02/2012 Total,,1,5,4779,415
,,,,,,09/03/2012,$70K - $90K,1,4,625,760
,,,,,,09/03/2012 Total,,1,4,625,760
,,,,,,14/04/2012,$90K - $110K,1,6,1271,1299
,,,,,,14/04/2012 Total,,1,6,1271,1299
,,,,,,20/08/2012,$50K - $70K,1,4,1173,2893
,,,,,,20/08/2012 Total,,1,4,1173,2893
,,,,,,01/01/2013,$130K - $150K,1,5,2246,4734
,,,,,,01/01/2013 Total,,1,5,2246,4734
,,,,,,13/02/2013,$30K - $50K,1,4,7534,5864
,,,,,,13/02/2013 Total,,1,4,7534,5864
,,,,,,24/02/2013,$110K - $130K,1,5,780,6193
,,,,,,24/02/2013 Total,,1,5,780,6193
,,,,,,28/06/2013,$70K - $90K,1,4,625,9527
,,,,,,28/06/2013 Total,,1,4,625,9527
,,,,,,28/08/2013,$70K - $90K,1,3,3706,11166
,,,,,,28/08/2013 Total,,1,3,3706,11166
,,,,,,10/09/2013,$30K - $50K,1,3,274,11514
,,,,,,10/09/2013 Total,,1,3,274,11514
,,,,,USA Total,,,10,43,23013,54365
,,,,OR Total,,,,10,43,23013,54365
,,,Salem Total,,,,,10,43,23013,54365
,,,San Andres,DF,Mexico,19/01/2013,$10K - $30K,1,5,5494,5170
,,,,,,19/01/2013 Total,,1,5,5494,5170
,,,,,,02/02/2013,$130K - $150K,1,7,5985,5557
,,,,,,02/02/2013 Total,,1,7,5985,5557
,,,,,,27/04/2013,$30K - $50K,1,4,875,7830
,,,,,,27/04/2013 Total,,1,4,875,7830
,,,,,,25/06/2013,$110K - $130K,1,3,9824,9457
,,,,,,25/06/2013 Total,,1,3,9824,9457
,,,,,,29/10/2013,$10K - $30K,1,5,8338,12875
,,,,,,29/10/2013 Total,,1,5,8338,12875
,,,,,Mexico Total,,,5,24,30516,40889
,,,,DF Total,,,,5,24,30516,40889
,,,San Andres Total,,,,,5,24,30516,40889
,,,San Diego,CA,USA,08/08/2012,$10K - $30K,1,4,2882,2749
,,,,,,08/08/2012 Total,,1,4,2882,2749
,,,,,,26/10/2012,$10K - $30K,1,3,3193,3709
,,,,,,26/10/2012 Total,,1,3,3193,3709
,,,,,,07/12/2012,$110K - $130K,1,5,4463,4295
,,,,,,07/12/2012 Total,,1,5,4463,4295
,,,,,,06/03/2013,$10K - $30K,1,6,6999,6448
,,,,,,06/03/2013 Total,,1,6,6999,6448
,,,,,,16/06/2013,$50K - $70K,1,2,1795,9188
,,,,,,16/06/2013 Total,,1,2,1795,9188
,,,,,,25/08/2013,$30K - $50K,1,2,4334,11100
,,,,,,25/08/2013 Total,,1,2,4334,11100
,,,,,USA Total,,,6,22,23666,37489
,,,,CA Total,,,,6,22,23666,37489
,,,San Diego Total,,,,,6,22,23666,37489
,,,San Francisco,CA,USA,21/03/2012,$30K - $50K,1,2,4241,950
,,,,,,21/03/2012 Total,,1,2,4241,950
,,,,,USA Total,,,1,2,4241,950
,,,,CA Total,,,,1,2,4241,950
,,,San Francisco Total,,,,,1,2,4241,950
,,,Seattle,WA,USA,16/10/2013,$30K - $50K,1,3,9247,12482
,,,,,,16/10/2013 Total,,1,3,9247,12482
,,,,,,16/11/2013,$70K - $90K,1,4,9687,13382
,,,,,,16/11/2013 Total,,1,4,9687,13382
,,,,,USA Total,,,2,7,18934,25864
,,,,WA Total,,,,2,7,18934,25864
,,,Seattle Total,,,,,2,7,18934,25864
,,,Spokane,WA,USA,10/04/2012,$10K - $30K,1,4,2769,1240
,,,,,,10/04/2012 Total,,1,4,2769,1240
,,,,,,14/11/2012,$30K - $50K,1,2,4397,3957
,,,,,,14/11/2012 Total,,1,2,4397,3957
,,,,,,16/12/2012,$30K - $50K,1,6,5295,4429
,,,,,,16/12/2012 Total,,1,6,5295,4429
,,,,,,08/01/2013,$30K - $50K,1,2,1297,4905
,,,,,,08/01/2013 Total,,1,2,1297,4905
,,,,,,11/03/2013,$90K - $110K,1,3,430,6598
,,,,,,11/03/2013 Total,,1,3,430,6598
,,,,,,12/06/2013,$30K - $50K,1,5,7702,9089
,,,,,,12/06/2013 Total,,1,5,7702,9089
,,,,,,22/10/2013,$70K - $90K,1,4,3692,12660
,,,,,,22/10/2013 Total,,1,4,3692,12660
,,,,,USA Total,,,7,26,25582,42878
,,,,WA Total,,,,7,26,25582,42878
,,,Spokane Total,,,,,7,26,25582,42878
,,,Tacoma,WA,USA,11/03/2012,$70K - $90K,1,3,6666,788
,,,,,,11/03/2012 Total,,1,3,6666,788
,,,,,,29/06/2012,$50K - $70K,1,4,4364,2276
,,,,,,29/06/2012 Total,,1,4,4364,2276
,,,,,,04/01/2013,$10K - $30K,1,3,6047,4811
,,,,,,04/01/2013 Total,,1,3,6047,4811
,,,,,,12/04/2013,$30K - $50K,1,6,9224,7431
,,,,,,12/04/2013 Total,,1,6,9224,7431
,,,,,,25/05/2013,$30K - $50K,1,5,4846,8611
,,,,,,25/05/2013 Total,,1,5,4846,8611
,,,,,,04/07/2013,$50K - $70K,1,6,3497,9682
,,,,,,04/07/2013 Total,,1,6,3497,9682
,,,,,,28/08/2013,$50K - $70K,1,6,1874,11165
,,,,,,28/08/2013 Total,,1,6,1874,11165
,,,,,,29/09/2013,$70K - $90K,1,6,6008,12061
,,,,,,29/09/2013 Total,,1,6,6008,12061
,,,,,USA Total,,,8,39,42526,56825
,,,,WA Total,,,,8,39,42526,56825
,,,Tacoma Total,,,,,8,39,42526,56825
,,,Vancouver,BC,Canada,10/02/2013,$10K - $30K,1,6,4888,5773
,,,,,,10/02/2013 Total,,1,6,4888,5773
,,,,,,15/02/2013,$50K - $70K,1,5,6251,5924
,,,,,,15/02/2013 Total,,1,5,6251,5924
,,,,,,21/02/2013,$50K - $70K,1,4,8421,6095
,,,,,,21/02/2013 Total,,1,4,8421,6095
,,,,,,03/03/2013,$10K - $30K,1,6,271,6368
,,,,,,03/03/2013 Total,,1,6,271,6368
,,,,,,09/05/2013,$50K - $70K,1,4,415,8185
,,,,,,09/05/2013 Total,,1,4,415,8185
,,,,,,01/08/2013,$50K - $70K,1,4,1362,10455
,,,,,,01/08/2013 Total,,1,4,1362,10455
,,,,,Canada Total,,,6,29,21608,42800
,,,,BC Total,,,,6,29,21608,42800
,,,Vancouver Total,,,,,6,29,21608,42800
,,,Victoria,BC,Canada,31/01/2013,$90K - $110K,1,4,972,5467
,,,,,,31/01/2013 Total,,1,4,972,5467
,,,,,,20/02/2013,$110K - $130K,1,6,9941,6046
,,,,,,20/02/2013 Total,,1,6,9941,6046
,,,,,,20/06/2013,$30K - $50K,1,5,2797,9323
,,,,,,20/06/2013 Total,,1,5,2797,9323
,,,,,,29/07/2013,$10K - $30K,1,6,948,10370
,,,,,,29/07/2013 Total,,1,6,948,10370
,,,,,,02/08/2013,$70K - $90K,1,5,2334,10480
,,,,,,02/08/2013 Total,,1,5,2334,10480
,,,,,Canada Total,,,5,26,16992,41686
,,,,BC Total,,,,5,26,16992,41686
,,,Victoria Total,,,,,5,26,16992,41686
,,,Walla Walla,WA,USA,30/09/2012,$90K - $110K,1,2,8141,3385
,,,,,,30/09/2012 Total,,1,2,8141,3385
,,,,,USA Total,,,1,2,8141,3385
,,,,WA Total,,,,1,2,8141,3385
,,,Walla Walla Total,,,,,1,2,8141,3385
,,,Yakima,WA,USA,04/05/2012,$70K - $90K,1,4,921,1587
,,,,,,04/05/2012 Total,,1,4,921,1587
,,,,,,17/09/2012,$10K - $30K,1,4,7696,3238
,,,,,,17/09/2012 Total,,1,4,7696,3238
,,,,,,29/04/2013,$30K - $50K,1,4,3422,7885
,,,,,,29/04/2013 Total,,1,4,3422,7885
,,,,,,01/12/2013,$30K - $50K,1,4,6105,13751
,,,,,,01/12/2013 Total,,1,4,6105,13751
,,,,,USA Total,,,4,16,18144,26461
,,,,WA Total,,,,4,16,18144,26461
,,,Yakima Total,,,,,4,16,18144,26461
,,S Total,,,,,,92,382,406958,622558
,M Total,,,,,,,175,726,851113,1217899
Paper Products Total,,,,,,,,345,1411,1680487,2530903
Pizza,F,M,Bellingham,WA,USA,11/07/2012,$30K - $50K,1,2,9078,2412
,,,,,,11/07/2012 Total,,1,2,9078,2412
,,,,,,30/10/2012,$110K - $130K,1,2,4570,3759
,,,,,,30/10/2012 Total,,1,2,4570,3759
,,,,,USA Total,,,2,4,13648,6171
,,,,WA Total,,,,2,4,13648,6171
,,,Bellingham Total,,,,,2,4,13648,6171
,,,Beverly Hills,CA,USA,12/06/2012,$50K - $70K,1,4,3282,2066
,,,,,,12/06/2012 Total,,1,4,3282,2066
,,,,,,01/12/2012,$50K - $70K,1,6,9386,4192
,,,,,,01/12/2012 Total,,1,6,9386,4192
,,,,,,08/12/2012,$50K - $70K,1,3,8224,4306
,,,,,,08/12/2012 Total,,1,3,8224,4306
,,,,,,03/03/2013,$50K - $70K,1,3,5231,6373
,,,,,,03/03/2013 Total,,1,3,5231,6373
,,,,,USA Total,,,4,16,26123,16937
,,,,CA Total,,,,4,16,26123,16937
,,,Beverly Hills Total,,,,,4,16,26123,16937
,,,Bremerton,WA,USA,17/08/2012,$50K - $70K,1,4,8731,2872
,,,,,,17/08/2012 Total,,1,4,8731,2872
,,,,,,17/11/2012,$30K - $50K,1,5,4606,3996
,,,,,,17/11/2012 Total,,1,5,4606,3996
,,,,,,16/06/2013,$50K - $70K,1,6,8374,9197
,,,,,,16/06/2013 Total,,1,6,8374,9197
,,,,,USA Total,,,3,15,21711,16065
,,,,WA Total,,,,3,15,21711,16065
,,,Bremerton Total,,,,,3,15,21711,16065
,,,Camacho,Zacatecas,Mexico,11/06/2013,$30K - $50K,1,4,2646,9071
,,,,,,11/06/2013 Total,,1,4,2646,9071
,,,,,,20/11/2013,$110K - $130K,1,5,2175,13490
,,,,,,20/11/2013 Total,,1,5,2175,13490
,,,,,Mexico Total,,,2,9,4821,22561
,,,,Zacatecas Total,,,,2,9,4821,22561
,,,Camacho Total,,,,,2,9,4821,22561
,,,Hidalgo,Zacatecas,Mexico,05/01/2013,$50K - $70K,1,4,4579,4838
,,,,,,05/01/2013 Total,,1,4,4579,4838
,,,,,,19/01/2013,$50K - $70K,1,4,6227,5162
,,,,,,19/01/2013 Total,,1,4,6227,5162
,,,,,,29/08/2013,$130K - $150K,1,3,7069,11186
,,,,,,29/08/2013 Total,,1,3,7069,11186
,,,,,,03/11/2013,$30K - $50K,1,5,2023,13027
,,,,,,03/11/2013 Total,,1,5,2023,13027
,,,,,Mexico Total,,,4,16,19898,34213
,,,,Zacatecas Total,,,,4,16,19898,34213
,,,Hidalgo Total,,,,,4,16,19898,34213
,,,Los Angeles,CA,USA,07/01/2013,$130K - $150K,1,5,2654,4891
,,,,,,07/01/2013 Total,,1,5,2654,4891
,,,,,,27/02/2013,$110K - $130K,1,4,5953,6255
,,,,,,27/02/2013 Total,,1,4,5953,6255
,,,,,,09/09/2013,$50K - $70K,1,5,364,11484
,,,,,,09/09/2013 Total,,1,5,364,11484
,,,,,USA Total,,,3,14,8971,22630
,,,,CA Total,,,,3,14,8971,22630
,,,Los Angeles Total,,,,,3,14,8971,22630
,,,Merida,Yucatan,Mexico,26/12/2012,$70K - $90K,1,5,5665,4618
,,,,,,26/12/2012 Total,,1,5,5665,4618
,,,,,Mexico Total,,,1,5,5665,4618
,,,,Yucatan Total,,,,1,5,5665,4618
,,,Merida Total,,,,,1,5,5665,4618
,,,Mexico City,DF,Mexico,10/04/2013,$30K - $50K,1,5,4071,7360
,,,,,,10/04/2013 Total,,1,5,4071,7360
,,,,,Mexico Total,,,1,5,4071,7360
,,,,DF Total,,,,1,5,4071,7360
,,,Mexico City Total,,,,,1,5,4071,7360
,,,Orizaba,Veracruz,Mexico,20/06/2013,$10K - $30K,1,4,1590,9317
,,,,,,20/06/2013 Total,,1,4,1590,9317
,,,,,Mexico Total,,,1,4,1590,9317
,,,,Veracruz Total,,,,1,4,1590,9317
,,,Orizaba Total,,,,,1,4,1590,9317
,,,Portland,OR,USA,05/05/2013,$110K - $130K,1,2,8370,8054
,,,,,,05/05/2013 Total,,1,2,8370,8054
,,,,,USA Total,,,1,2,8370,8054
,,,,OR Total,,,,1,2,8370,8054
,,,Portland Total,,,,,1,2,8370,8054
,,,Salem,OR,USA,18/01/2012,$10K - $30K,1,5,7359,148
,,,,,,18/01/2012 Total,,1,5,7359,148
,,,,,,03/07/2012,$90K - $110K,1,3,8439,2314
,,,,,,03/07/2012 Total,,1,3,8439,2314
,,,,,,03/12/2012,$10K - $30K,1,6,3681,4224
,,,,,,03/12/2012 Total,,1,6,3681,4224
,,,,,,22/09/2013,$10K - $30K,1,3,9871,11828
,,,,,,22/09/2013 Total,,1,3,9871,11828
,,,,,USA Total,,,4,17,29350,18514
,,,,OR Total,,,,4,17,29350,18514
,,,Salem Total,,,,,4,17,29350,18514
,,,San Diego,CA,USA,02/07/2012,$110K - $130K,1,4,6262,2304
,,,,,,02/07/2012 Total,,1,4,6262,2304
,,,,,,05/11/2013,$70K - $90K,1,6,1386,13065
,,,,,,05/11/2013 Total,,1,6,1386,13065
,,,,,USA Total,,,2,10,7648,15369
,,,,CA Total,,,,2,10,7648,15369
,,,San Diego Total,,,,,2,10,7648,15369
,,,San Francisco,CA,USA,29/10/2013,$130K - $150K,1,4,8803,12863
,,,,,,29/10/2013 Total,,1,4,8803,12863
,,,,,USA Total,,,1,4,8803,12863
,,,,CA Total,,,,1,4,8803,12863
,,,San Francisco Total,,,,,1,4,8803,12863
,,,Seattle,WA,USA,13/03/2012,$30K - $50K,1,3,7768,831
,,,,,,13/03/2012 Total,,1,3,7768,831
,,,,,,09/04/2012,$70K - $90K,1,6,10004,1224
,,,,,,09/04/2012 Total,,1,6,10004,1224
,,,,,,15/01/2013,$90K - $110K,1,3,160,5085
,,,,,,15/01/2013 Total,,1,3,160,5085
,,,,,,19/05/2013,$10K - $30K,1,4,818,8419
,,,,,,19/05/2013 Total,,1,4,818,8419
,,,,,,18/06/2013,$10K - $30K,1,4,3413,9266
,,,,,,18/06/2013 Total,,1,4,3413,9266
,,,,,USA Total,,,5,20,22163,24825
,,,,WA Total,,,,5,20,22163,24825
,,,Seattle Total,,,,,5,20,22163,24825
,,,Spokane,WA,USA,24/11/2013,$130K - $150K,1,5,4868,13584
,,,,,,24/11/2013 Total,,1,5,4868,13584
,,,,,USA Total,,,1,5,4868,13584
,,,,WA Total,,,,1,5,4868,13584
,,,Spokane Total,,,,,1,5,4868,13584
,,,Tacoma,WA,USA,17/12/2012,$10K - $30K,1,3,8617,4457
,,,,,,17/12/2012 Total,,1,3,8617,4457
,,,,,,22/04/2013,$30K - $50K,1,3,10262,7684
,,,,,,22/04/2013 Total,,1,3,10262,7684
,,,,,,30/08/2013,$30K - $50K,1,4,5398,11215
,,,,,,30/08/2013 Total,,1,4,5398,11215
,,,,,,26/09/2013,$70K - $90K,1,5,3334,11972
,,,,,,26/09/2013 Total,,1,5,3334,11972
,,,,,USA Total,,,4,15,27611,35328
,,,,WA Total,,,,4,15,27611,35328
,,,Tacoma Total,,,,,4,15,27611,35328
,,,Vancouver,BC,Canada,25/09/2013,$30K - $50K,1,2,1742,11925
,,,,,,25/09/2013 Total,,1,2,1742,11925
,,,,,,13/10/2013,$10K - $30K,1,2,8751,12431
,,,,,,13/10/2013 Total,,1,2,8751,12431
,,,,,Canada Total,,,2,4,10493,24356
,,,,BC Total,,,,2,4,10493,24356
,,,Vancouver Total,,,,,2,4,10493,24356
,,M Total,,,,,,41,165,225804,292765
,,S,Acapulco,Guerrero,Mexico,04/06/2013,$30K - $50K,1,3,4878,8870
,,,,,,04/06/2013 Total,,1,3,4878,8870
,,,,,Mexico Total,,,1,3,4878,8870
,,,,Guerrero Total,,,,1,3,4878,8870
,,,Acapulco Total,,,,,1,3,4878,8870
,,,Beverly Hills,CA,USA,03/02/2012,$30K - $50K,1,5,9855,339
,,,,,,03/02/2012 Total,,1,5,9855,339
,,,,,,21/12/2012,$110K - $130K,1,3,5839,4518
,,,,,,21/12/2012 Total,,1,3,5839,4518
,,,,,,25/06/2013,$130K - $150K,1,3,7195,9427
,,,,,,25/06/2013 Total,,1,3,7195,9427
,,,,,,09/11/2013,$10K - $30K,1,5,1599,13166
,,,,,,09/11/2013 Total,,1,5,1599,13166
,,,,,USA Total,,,4,16,24488,27450
,,,,CA Total,,,,4,16,24488,27450
,,,Beverly Hills Total,,,,,4,16,24488,27450
,,,Bremerton,WA,USA,28/07/2012,$30K - $50K,1,3,4257,2623
,,,,,,28/07/2012 Total,,1,3,4257,2623
,,,,,,04/01/2013,$30K - $50K,1,3,4165,4813
,,,,,,04/01/2013 Total,,1,3,4165,4813
,,,,,,30/03/2013,$70K - $90K,1,2,1785,7080
,,,,,,30/03/2013 Total,,1,2,1785,7080
,,,,,,10/06/2013,$30K - $50K,1,5,99,9037
,,,,,,10/06/2013 Total,,1,5,99,9037
,,,,,,13/10/2013,$10K - $30K,1,3,2507,12435
,,,,,,13/10/2013 Total,,1,3,2507,12435
,,,,,,26/11/2013,$50K - $70K,1,3,4234,13630
,,,,,,26/11/2013 Total,,1,3,4234,13630
,,,,,USA Total,,,6,19,17047,49618
,,,,WA Total,,,,6,19,17047,49618
,,,Bremerton Total,,,,,6,19,17047,49618
,,,Hidalgo,Zacatecas,Mexico,26/06/2013,$10K - $30K,1,4,4731,9459
,,,,,,26/06/2013 Total,,1,4,4731,9459
,,,,,,18/07/2013,$30K - $50K,1,5,272,10085
,,,,,,18/07/2013 Total,,1,5,272,10085
,,,,,,07/10/2013,$30K - $50K,1,6,7782,12258
,,,,,,07/10/2013 Total,,1,6,7782,12258
,,,,,Mexico Total,,,3,15,12785,31802
,,,,Zacatecas Total,,,,3,15,12785,31802
,,,Hidalgo Total,,,,,3,15,12785,31802
,,,Merida,Yucatan,Mexico,30/01/2013,$30K - $50K,1,4,8345,5439
,,,,,,30/01/2013 Total,,1,4,8345,5439
,,,,,,27/05/2013,$30K - $50K,1,3,4495,8661
,,,,,,27/05/2013 Total,,1,3,4495,8661
,,,,,,14/07/2013,$70K - $90K,1,4,5102,9983
,,,,,,14/07/2013 Total,,1,4,5102,9983
,,,,,,07/09/2013,$30K - $50K,1,4,7221,11425
,,,,,,07/09/2013 Total,,1,4,7221,11425
,,,,,,14/09/2013,$10K - $30K,1,4,2118,11618
,,,,,,14/09/2013 Total,,1,4,2118,11618
,,,,,Mexico Total,,,5,19,27281,47126
,,,,Yucatan Total,,,,5,19,27281,47126
,,,Merida Total,,,,,5,19,27281,47126
,,,Mexico City,DF,Mexico,16/11/2013,$30K - $50K,1,3,194,13398
,,,,,,16/11/2013 Total,,1,3,194,13398
,,,,,Mexico Total,,,1,3,194,13398
,,,,DF Total,,,,1,3,194,13398
,,,Mexico City Total,,,,,1,3,194,13398
,,,Orizaba,Veracruz,Mexico,27/04/2013,$50K - $70K,1,4,8228,7813
,,,,,,27/04/2013 Total,,1,4,8228,7813
,,,,,,23/06/2013,$30K - $50K,1,6,670,9395
,,,,,,23/06/2013 Total,,1,6,670,9395
,,,,,,06/07/2013,$10K - $30K,1,5,2439,9733
,,,,,,06/07/2013 Total,,1,5,2439,9733
,,,,,,03/08/2013,$50K - $70K,1,4,1614,10504
,,,,,,03/08/2013 Total,,1,4,1614,10504
,,,,,Mexico Total,,,4,19,12951,37445
,,,,Veracruz Total,,,,4,19,12951,37445
,,,Orizaba Total,,,,,4,19,12951,37445
,,,Portland,OR,USA,17/09/2012,$30K - $50K,1,5,4032,3240
,,,,,,17/09/2012 Total,,1,5,4032,3240
,,,,,,29/11/2013,$30K - $50K,1,6,4032,13714
,,,,,,29/11/2013 Total,,1,6,4032,13714
,,,,,USA Total,,,2,11,8064,16954
,,,,OR Total,,,,2,11,8064,16954
,,,Portland Total,,,,,2,11,8064,16954
,,,Salem,OR,USA,20/01/2012,$90K - $110K,1,6,1193,173
,,,,,,20/01/2012 Total,,1,6,1193,173
,,,,,,27/03/2012,$30K - $50K,1,4,2422,1024
,,,,,,27/03/2012 Total,,1,4,2422,1024
,,,,,,16/04/2012,$30K - $50K,1,4,4938,1328
,,,,,,16/04/2012 Total,,1,4,4938,1328
,,,,,,15/07/2012,$30K - $50K,1,4,7416,2461
,,,,,,15/07/2012 Total,,1,4,7416,2461
,,,,,,21/05/2013,$90K - $110K,1,4,1366,8475
,,,,,,21/05/2013 Total,,1,4,1366,8475
,,,,,,08/10/2013,$10K - $30K,1,3,7149,12293
,,,,,,08/10/2013 Total,,1,3,7149,12293
,,,,,,09/11/2013,$50K - $70K,1,4,2677,13170
,,,,,,09/11/2013 Total,,1,4,2677,13170
,,,,,USA Total,,,7,29,27161,38924
,,,,OR Total,,,,7,29,27161,38924
,,,Salem Total,,,,,7,29,27161,38924
,,,San Andres,DF,Mexico,15/02/2013,$10K - $30K,1,4,4408,5910
,,,,,,15/02/2013 Total,,1,4,4408,5910
,,,,,,05/08/2013,$30K - $50K,1,3,4455,10564
,,,,,,05/08/2013 Total,,1,3,4455,10564
,,,,,,07/09/2013,$50K - $70K,1,3,6962,11412
,,,,,,07/09/2013 Total,,1,3,6962,11412
,,,,,,21/10/2013,$10K - $30K,1,6,4408,12640
,,,,,,21/10/2013 Total,,1,6,4408,12640
,,,,,Mexico Total,,,4,16,20233,40526
,,,,DF Total,,,,4,16,20233,40526
,,,San Andres Total,,,,,4,16,20233,40526
,,,San Diego,CA,USA,27/01/2012,$90K - $110K,1,4,9175,236
,,,,,,27/01/2012 Total,,1,4,9175,236
,,,,,,29/02/2012,$10K - $30K,1,3,10079,635
,,,,,,29/02/2012 Total,,1,3,10079,635
,,,,,,28/05/2013,$90K - $110K,1,5,9370,8703
,,,,,,28/05/2013 Total,,1,5,9370,8703
,,,,,,20/07/2013,$50K - $70K,1,5,5126,10167
,,,,,,20/07/2013 Total,,1,5,5126,10167
,,,,,USA Total,,,4,17,33750,19741
,,,,CA Total,,,,4,17,33750,19741
,,,San Diego Total,,,,,4,17,33750,19741
,,,Seattle,WA,USA,14/02/2013,$10K - $30K,1,4,6433,5879
,,,,,,14/02/2013 Total,,1,4,6433,5879
,,,,,,20/02/2013,$50K - $70K,1,5,2279,6068
,,,,,,20/02/2013 Total,,1,5,2279,6068
,,,,,,09/07/2013,$30K - $50K,1,5,9611,9819
,,,,,,09/07/2013 Total,,1,5,9611,9819
,,,,,,05/12/2013,$50K - $70K,1,3,4891,13829
,,,,,,05/12/2013 Total,,1,3,4891,13829
,,,,,USA Total,,,4,17,23214,35595
,,,,WA Total,,,,4,17,23214,35595
,,,Seattle Total,,,,,4,17,23214,35595
,,,Spokane,WA,USA,09/01/2012,$50K - $70K,1,6,4925,77
,,,,,,09/01/2012 Total,,1,6,4925,77
,,,,,,01/07/2012,$10K - $30K,1,4,2448,2292
,,,,,,01/07/2012 Total,,1,4,2448,2292
,,,,,,10/07/2012,$50K - $70K,1,4,4925,2385
,,,,,,10/07/2012 Total,,1,4,4925,2385
,,,,,,05/12/2012,$130K - $150K,1,5,6113,4265
,,,,,,05/12/2012 Total,,1,5,6113,4265
,,,,,,29/11/2013,$10K - $30K,1,6,9928,13716
,,,,,,29/11/2013 Total,,1,6,9928,13716
,,,,,,13/12/2013,$30K - $50K,1,4,6957,13940
,,,,,,13/12/2013 Total,,1,4,6957,13940
,,,,,USA Total,,,6,29,35296,36675
,,,,WA Total,,,,6,29,35296,36675
,,,Spokane Total,,,,,6,29,35296,36675
,,,Tacoma,WA,USA,17/03/2012,$50K - $70K,1,3,5379,872
,,,,,,17/03/2012 Total,,1,3,5379,872
,,,,,,16/11/2012,$110K - $130K,1,4,2493,3977
,,,,,,16/11/2012 Total,,1,4,2493,3977
,,,,,,12/08/2013,$10K - $30K,1,3,2636,10757
,,,,,,12/08/2013 Total,,1,3,2636,10757
,,,,,,16/11/2013,$70K - $90K,1,4,9715,13386
,,,,,,16/11/2013 Total,,1,4,9715,13386
,,,,,USA Total,,,4,14,20223,28992
,,,,WA Total,,,,4,14,20223,28992
,,,Tacoma Total,,,,,4,14,20223,28992
,,,Vancouver,BC,Canada,08/08/2013,$50K - $70K,1,4,4785,10630
,,,,,,08/08/2013 Total,,1,4,4785,10630
,,,,,Canada Total,,,1,4,4785,10630
,,,,BC Total,,,,1,4,4785,10630
,,,Vancouver Total,,,,,1,4,4785,10630
,,,Victoria,BC,Canada,13/10/2013,$50K - $70K,1,4,7169,12434
,,,,,,13/10/2013 Total,,1,4,7169,12434
,,,,,Canada Total,,,1,4,7169,12434
,,,,BC Total,,,,1,4,7169,12434
,,,Victoria Total,,,,,1,4,7169,12434
,,,Yakima,WA,USA,02/11/2012,$30K - $50K,1,4,3921,3801
,,,,,,02/11/2012 Total,,1,4,3921,3801
,,,,,,01/02/2013,$10K - $30K,1,7,10226,5503
,,,,,,01/02/2013 Total,,1,7,10226,5503
,,,,,USA Total,,,2,11,14147,9304
,,,,WA Total,,,,2,11,14147,9304
,,,Yakima Total,,,,,2,11,14147,9304
,,S Total,,,,,,59,246,293666,465484
,F Total,,,,,,,100,411,519470,758249
,M,M,Acapulco,Guerrero,Mexico,06/04/2013,$70K - $90K,1,3,8039,7259
,,,,,,06/04/2013 Total,,1,3,8039,7259
,,,,,Mexico Total,,,1,3,8039,7259
,,,,Guerrero Total,,,,1,3,8039,7259
,,,Acapulco Total,,,,,1,3,8039,7259
,,,Beverly Hills,CA,USA,11/02/2013,$110K - $130K,1,5,7626,5803
,,,,,,11/02/2013 Total,,1,5,7626,5803
,,,,,USA Total,,,1,5,7626,5803
,,,,CA Total,,,,1,5,7626,5803
,,,Beverly Hills Total,,,,,1,5,7626,5803
,,,Bremerton,WA,USA,30/08/2013,$70K - $90K,1,3,4075,11205
,,,,,,30/08/2013 Total,,1,3,4075,11205
,,,,,USA Total,,,1,3,4075,11205
,,,,WA Total,,,,1,3,4075,11205
,,,Bremerton Total,,,,,1,3,4075,11205
,,,Los Angeles,CA,USA,16/08/2012,$130K - $150K,1,5,2915,2852
,,,,,,16/08/2012 Total,,1,5,2915,2852
,,,,,,18/04/2013,$10K - $30K,1,4,1237,7572
,,,,,,18/04/2013 Total,,1,4,1237,7572
,,,,,USA Total,,,2,9,4152,10424
,,,,CA Total,,,,2,9,4152,10424
,,,Los Angeles Total,,,,,2,9,4152,10424
,,,Merida,Yucatan,Mexico,18/12/2012,$110K - $130K,1,4,4592,4476
,,,,,,18/12/2012 Total,,1,4,4592,4476
,,,,,,23/04/2013,$70K - $90K,1,6,7711,7724
,,,,,,23/04/2013 Total,,1,6,7711,7724
,,,,,,08/07/2013,$130K - $150K,1,6,2998,9805
,,,,,,08/07/2013 Total,,1,6,2998,9805
,,,,,Mexico Total,,,3,16,15301,22005
,,,,Yucatan Total,,,,3,16,15301,22005
,,,Merida Total,,,,,3,16,15301,22005
,,,Mexico City,DF,Mexico,23/05/2013,$30K - $50K,1,4,9595,8537
,,,,,,23/05/2013 Total,,1,4,9595,8537
,,,,,,12/06/2013,$130K - $150K,1,6,8191,9081
,,,,,,12/06/2013 Total,,1,6,8191,9081
,,,,,Mexico Total,,,2,10,17786,17618
,,,,DF Total,,,,2,10,17786,17618
,,,Mexico City Total,,,,,2,10,17786,17618
,,,Orizaba,Veracruz,Mexico,03/05/2013,$110K - $130K,1,6,7321,7999
,,,,,,03/05/2013 Total,,1,6,7321,7999
,,,,,,04/09/2013,$110K - $130K,1,6,9634,11339
,,,,,,04/09/2013 Total,,1,6,9634,11339
,,,,,Mexico Total,,,2,12,16955,19338
,,,,Veracruz Total,,,,2,12,16955,19338
,,,Orizaba Total,,,,,2,12,16955,19338
,,,San Andres,DF,Mexico,14/02/2013,$10K - $30K,1,4,2589,5873
,,,,,,14/02/2013 Total,,1,4,2589,5873
,,,,,Mexico Total,,,1,4,2589,5873
,,,,DF Total,,,,1,4,2589,5873
,,,San Andres Total,,,,,1,4,2589,5873
,,,San Diego,CA,USA,10/04/2012,$30K - $50K,1,2,1783,1237
,,,,,,10/04/2012 Total,,1,2,1783,1237
,,,,,,14/08/2012,$10K - $30K,1,5,4240,2833
,,,,,,14/08/2012 Total,,1,5,4240,2833
,,,,,,19/08/2012,$90K - $110K,1,5,7449,2888
,,,,,,19/08/2012 Total,,1,5,7449,2888
,,,,,,02/09/2012,$10K - $30K,1,3,6966,3052
,,,,,,02/09/2012 Total,,1,3,6966,3052
,,,,,,08/03/2013,$30K - $50K,1,2,1783,6496
,,,,,,08/03/2013 Total,,1,2,1783,6496
,,,,,,16/05/2013,$50K - $70K,1,5,10233,8336
,,,,,,16/05/2013 Total,,1,5,10233,8336
,,,,,USA Total,,,6,22,32454,24842
,,,,CA Total,,,,6,22,32454,24842
,,,San Diego Total,,,,,6,22,32454,24842
,,,Seattle,WA,USA,11/07/2013,$30K - $50K,1,3,766,9889
,,,,,,11/07/2013 Total,,1,3,766,9889
,,,,,,06/09/2013,$30K - $50K,1,2,5040,11397
,,,,,,06/09/2013 Total,,1,2,5040,11397
,,,,,,01/10/2013,$30K - $50K,1,3,10059,12114
,,,,,,01/10/2013 Total,,1,3,10059,12114
,,,,,USA Total,,,3,8,15865,33400
,,,,WA Total,,,,3,8,15865,33400
,,,Seattle Total,,,,,3,8,15865,33400
,,,Spokane,WA,USA,13/01/2012,$10K - $30K,1,6,6348,99
,,,,,,13/01/2012 Total,,1,6,6348,99
,,,,,,13/04/2012,$10K - $30K,1,4,6348,1286
,,,,,,13/04/2012 Total,,1,4,6348,1286
,,,,,,17/01/2013,$10K - $30K,1,4,9728,5118
,,,,,,17/01/2013 Total,,1,4,9728,5118
,,,,,USA Total,,,3,14,22424,6503
,,,,WA Total,,,,3,14,22424,6503
,,,Spokane Total,,,,,3,14,22424,6503
,,,Tacoma,WA,USA,19/01/2012,$10K - $30K,1,4,4552,160
,,,,,,19/01/2012 Total,,1,4,4552,160
,,,,,,19/04/2012,$50K - $70K,1,4,8172,1376
,,,,,,19/04/2012 Total,,1,4,8172,1376
,,,,,,11/07/2012,$70K - $90K,1,5,8777,2396
,,,,,,11/07/2012 Total,,1,5,8777,2396
,,,,,,14/12/2012,$30K - $50K,1,4,4204,4404
,,,,,,14/12/2012 Total,,1,4,4204,4404
,,,,,,06/01/2013,$30K - $50K,1,4,8199,4853
,,,,,,06/01/2013 Total,,1,4,8199,4853
,,,,,,08/08/2013,$130K - $150K,1,6,3691,10648
,,,,,,08/08/2013 Total,,1,6,3691,10648
,,,,,,20/09/2013,$10K - $30K,1,6,1185,11763
,,,,,,20/09/2013 Total,,1,6,1185,11763
,,,,,USA Total,,,7,33,38780,35600
,,,,WA Total,,,,7,33,38780,35600
,,,Tacoma Total,,,,,7,33,38780,35600
,,,Vancouver,BC,Canada,12/01/2013,$30K - $50K,1,5,2222,5003
,,,,,,12/01/2013 Total,,1,5,2222,5003
,,,,,,20/04/2013,$150K +,1,3,9492,7635
,,,,,,20/04/2013 Total,,1,3,9492,7635
,,,,,,26/10/2013,$30K - $50K,1,3,1814,12786
,,,,,,26/10/2013 Total,,1,3,1814,12786
,,,,,,14/11/2013,$30K - $50K,1,5,8723,13347
,,,,,,14/11/2013 Total,,1,5,8723,13347
,,,,,,20/12/2013,$30K - $50K,1,5,5951,13996
,,,,,,20/12/2013 Total,,1,5,5951,13996
,,,,,Canada Total,,,5,21,28202,52767
,,,,BC Total,,,,5,21,28202,52767
,,,Vancouver Total,,,,,5,21,28202,52767
,,M Total,,,,,,37,160,214248,252637
,,S,Acapulco,Guerrero,Mexico,29/08/2013,$10K - $30K,1,6,843,11196
,,,,,,29/08/2013 Total,,1,6,843,11196
,,,,,Mexico Total,,,1,6,843,11196
,,,,Guerrero Total,,,,1,6,843,11196
,,,Acapulco Total,,,,,1,6,843,11196
,,,Bellingham,WA,USA,27/01/2013,$50K - $70K,1,3,5115,5370
,,,,,,27/01/2013 Total,,1,3,5115,5370
,,,,,USA Total,,,1,3,5115,5370
,,,,WA Total,,,,1,3,5115,5370
,,,Bellingham Total,,,,,1,3,5115,5370
,,,Beverly Hills,CA,USA,08/06/2012,$90K - $110K,1,2,2523,2033
,,,,,,08/06/2012 Total,,1,2,2523,2033
,,,,,,04/01/2013,$30K - $50K,1,3,9540,4816
,,,,,,04/01/2013 Total,,1,3,9540,4816
,,,,,,13/08/2013,$10K - $30K,1,5,8248,10771
,,,,,,13/08/2013 Total,,1,5,8248,10771
,,,,,USA Total,,,3,10,20311,17620
,,,,CA Total,,,,3,10,20311,17620
,,,Beverly Hills Total,,,,,3,10,20311,17620
,,,Bremerton,WA,USA,28/01/2013,$50K - $70K,1,3,4998,5407
,,,,,,28/01/2013 Total,,1,3,4998,5407
,,,,,,27/10/2013,$30K - $50K,1,6,4824,12826
,,,,,,27/10/2013 Total,,1,6,4824,12826
,,,,,USA Total,,,2,9,9822,18233
,,,,WA Total,,,,2,9,9822,18233
,,,Bremerton Total,,,,,2,9,9822,18233
,,,Camacho,Zacatecas,Mexico,15/02/2013,$30K - $50K,1,3,3025,5909
,,,,,,15/02/2013 Total,,1,3,3025,5909
,,,,,,12/03/2013,$10K - $30K,1,5,9238,6623
,,,,,,12/03/2013 Total,,1,5,9238,6623
,,,,,,21/08/2013,$30K - $50K,1,2,7110,10987
,,,,,,21/08/2013 Total,,1,2,7110,10987
,,,,,,01/10/2013,$10K - $30K,1,5,9238,12101
,,,,,,01/10/2013 Total,,1,5,9238,12101
,,,,,Mexico Total,,,4,15,28611,35620
,,,,Zacatecas Total,,,,4,15,28611,35620
,,,Camacho Total,,,,,4,15,28611,35620
,,,Guadalajara,Jalisco,Mexico,25/09/2013,$10K - $30K,1,3,5669,11945
,,,,,,25/09/2013 Total,,1,3,5669,11945
,,,,,Mexico Total,,,1,3,5669,11945
,,,,Jalisco Total,,,,1,3,5669,11945
,,,Guadalajara Total,,,,,1,3,5669,11945
,,,Hidalgo,Zacatecas,Mexico,27/05/2013,$10K - $30K,1,5,8915,8672
,,,,,,27/05/2013 Total,,1,5,8915,8672
,,,,,,02/08/2013,$30K - $50K,1,3,7261,10486
,,,,,,02/08/2013 Total,,1,3,7261,10486
,,,,,,28/08/2013,$10K - $30K,1,6,4386,11170
,,,,,,28/08/2013 Total,,1,6,4386,11170
,,,,,,30/08/2013,$110K - $130K,1,4,4225,11204
,,,,,,30/08/2013 Total,,1,4,4225,11204
,,,,,Mexico Total,,,4,18,24787,41532
,,,,Zacatecas Total,,,,4,18,24787,41532
,,,Hidalgo Total,,,,,4,18,24787,41532
,,,Los Angeles,CA,USA,26/12/2012,$10K - $30K,1,5,9710,4610
,,,,,,26/12/2012 Total,,1,5,9710,4610
,,,,,,30/12/2012,$130K - $150K,1,2,916,4685
,,,,,,30/12/2012 Total,,1,2,916,4685
,,,,,,21/01/2013,$90K - $110K,1,2,4344,5242
,,,,,,21/01/2013 Total,,1,2,4344,5242
,,,,,,15/03/2013,$90K - $110K,1,4,3010,6685
,,,,,,15/03/2013 Total,,1,4,3010,6685
,,,,,,08/06/2013,$90K - $110K,1,3,2447,9001
,,,,,,08/06/2013 Total,,1,3,2447,9001
,,,,,USA Total,,,5,16,20427,30223
,,,,CA Total,,,,5,16,20427,30223
,,,Los Angeles Total,,,,,5,16,20427,30223
,,,Merida,Yucatan,Mexico,31/05/2013,$10K - $30K,1,4,8204,8784
,,,,,,31/05/2013 Total,,1,4,8204,8784
,,,,,Mexico Total,,,1,4,8204,8784
,,,,Yucatan Total,,,,1,4,8204,8784
,,,Merida Total,,,,,1,4,8204,8784
,,,Mexico City,DF,Mexico,26/06/2013,$70K - $90K,1,5,8825,9467
,,,,,,26/06/2013 Total,,1,5,8825,9467
,,,,,Mexico Total,,,1,5,8825,9467
,,,,DF Total,,,,1,5,8825,9467
,,,Mexico City Total,,,,,1,5,8825,9467
,,,Portland,OR,USA,05/10/2012,$10K - $30K,1,4,8550,3466
,,,,,,05/10/2012 Total,,1,4,8550,3466
,,,,,,03/02/2013,$10K - $30K,1,6,10260,5580
,,,,,,03/02/2013 Total,,1,6,10260,5580
,,,,,,01/08/2013,$30K - $50K,1,3,7963,10461
,,,,,,01/08/2013 Total,,1,3,7963,10461
,,,,,USA Total,,,3,13,26773,19507
,,,,OR Total,,,,3,13,26773,19507
,,,Portland Total,,,,,3,13,26773,19507
,,,Salem,OR,USA,16/01/2012,$110K - $130K,1,3,780,125
,,,,,,16/01/2012 Total,,1,3,780,125
,,,,,,22/02/2012,$30K - $50K,1,2,9673,556
,,,,,,22/02/2012 Total,,1,2,9673,556
,,,,,,01/08/2012,$10K - $30K,1,3,1916,2669
,,,,,,01/08/2012 Total,,1,3,1916,2669
,,,,,,30/10/2012,$10K - $30K,1,5,7457,3768
,,,,,,30/10/2012 Total,,1,5,7457,3768
,,,,,USA Total,,,4,13,19826,7118
,,,,OR Total,,,,4,13,19826,7118
,,,Salem Total,,,,,4,13,19826,7118
,,,San Andres,DF,Mexico,12/02/2013,$10K - $30K,1,3,9241,5826
,,,,,,12/02/2013 Total,,1,3,9241,5826
,,,,,,26/04/2013,$30K - $50K,1,6,875,7792
,,,,,,26/04/2013 Total,,1,6,875,7792
,,,,,,30/04/2013,$90K - $110K,1,5,9930,7908
,,,,,,30/04/2013 Total,,1,5,9930,7908
,,,,,,13/08/2013,$130K - $150K,1,3,5627,10763
,,,,,,13/08/2013 Total,,1,3,5627,10763
,,,,,Mexico Total,,,4,17,25673,32289
,,,,DF Total,,,,4,17,25673,32289
,,,San Andres Total,,,,,4,17,25673,32289
,,,San Diego,CA,USA,07/05/2013,$90K - $110K,1,2,8034,8102
,,,,,,07/05/2013 Total,,1,2,8034,8102
,,,,,,01/11/2013,$70K - $90K,1,3,7484,12964
,,,,,,01/11/2013 Total,,1,3,7484,12964
,,,,,USA Total,,,2,5,15518,21066
,,,,CA Total,,,,2,5,15518,21066
,,,San Diego Total,,,,,2,5,15518,21066
,,,Seattle,WA,USA,10/02/2012,$70K - $90K,1,3,148,412
,,,,,,10/02/2012 Total,,1,3,148,412
,,,,,,22/09/2012,$10K - $30K,1,4,1089,3299
,,,,,,22/09/2012 Total,,1,4,1089,3299
,,,,,,27/04/2013,$50K - $70K,1,6,45,7840
,,,,,,27/04/2013 Total,,1,6,45,7840
,,,,,USA Total,,,3,13,1282,11551
,,,,WA Total,,,,3,13,1282,11551
,,,Seattle Total,,,,,3,13,1282,11551
,,,Spokane,WA,USA,15/05/2012,$10K - $30K,1,4,7502,1728
,,,,,,15/05/2012 Total,,1,4,7502,1728
,,,,,,05/09/2012,$50K - $70K,1,3,1415,3094
,,,,,,05/09/2012 Total,,1,3,1415,3094
,,,,,,17/11/2012,$30K - $50K,1,4,5542,4004
,,,,,,17/11/2012 Total,,1,4,5542,4004
,,,,,,11/09/2013,$30K - $50K,1,4,4397,11527
,,,,,,11/09/2013 Total,,1,4,4397,11527
,,,,,USA Total,,,4,15,18856,20353
,,,,WA Total,,,,4,15,18856,20353
,,,Spokane Total,,,,,4,15,18856,20353
,,,Tacoma,WA,USA,16/03/2012,$50K - $70K,1,4,9745,861
,,,,,,16/03/2012 Total,,1,4,9745,861
,,,,,,16/07/2012,$30K - $50K,1,6,4892,2467
,,,,,,16/07/2012 Total,,1,6,4892,2467
,,,,,,11/08/2012,$10K - $30K,1,4,2143,2795
,,,,,,11/08/2012 Total,,1,4,2143,2795
,,,,,,18/01/2013,$10K - $30K,1,5,8289,5135
,,,,,,18/01/2013 Total,,1,5,8289,5135
,,,,,,31/03/2013,$30K - $50K,1,4,4892,7095
,,,,,,31/03/2013 Total,,1,4,4892,7095
,,,,,,19/05/2013,$50K - $70K,1,4,2272,8422
,,,,,,19/05/2013 Total,,1,4,2272,8422
,,,,,,10/06/2013,$30K - $50K,1,3,5844,9046
,,,,,,10/06/2013 Total,,1,3,5844,9046
,,,,,USA Total,,,7,30,38077,35821
,,,,WA Total,,,,7,30,38077,35821
,,,Tacoma Total,,,,,7,30,38077,35821
,,,Vancouver,BC,Canada,08/01/2013,$70K - $90K,1,6,1067,4907
,,,,,,08/01/2013 Total,,1,6,1067,4907
,,,,,,08/05/2013,$50K - $70K,1,4,8875,8148
,,,,,,08/05/2013 Total,,1,4,8875,8148
,,,,,,13/07/2013,$30K - $50K,1,5,3841,9957
,,,,,,13/07/2013 Total,,1,5,3841,9957
,,,,,Canada Total,,,3,15,13783,23012
,,,,BC Total,,,,3,15,13783,23012
,,,Vancouver Total,,,,,3,15,13783,23012
,,,Victoria,BC,Canada,03/09/2013,$10K - $30K,1,4,5666,11326
,,,,,,03/09/2013 Total,,1,4,5666,11326
,,,,,Canada Total,,,1,4,5666,11326
,,,,BC Total,,,,1,4,5666,11326
,,,Victoria Total,,,,,1,4,5666,11326
,,,Yakima,WA,USA,13/12/2012,$30K - $50K,1,4,3928,4390
,,,,,,13/12/2012 Total,,1,4,3928,4390
,,,,,,15/12/2012,$30K - $50K,1,5,3422,4409
,,,,,,15/12/2012 Total,,1,5,3422,4409
,,,,,,30/06/2013,$30K - $50K,1,4,6105,9563
,,,,,,30/06/2013 Total,,1,4,6105,9563
,,,,,USA Total,,,3,13,13455,18362
,,,,WA Total,,,,3,13,13455,18362
,,,Yakima Total,,,,,3,13,13455,18362
,,S Total,,,,,,57,227,311523,390395
,M Total,,,,,,,94,387,525771,643032
Pizza Total,,,,,,,,194,798,1045241,1401281
Plastic Products,F,M,Acapulco,Guerrero,Mexico,01/04/2013,$10K - $30K,1,5,5418,7136
,,,,,,01/04/2013 Total,,1,5,5418,7136
,,,,,Mexico Total,,,1,5,5418,7136
,,,,Guerrero Total,,,,1,5,5418,7136
,,,Acapulco Total,,,,,1,5,5418,7136
,,,Beverly Hills,CA,USA,02/10/2013,$30K - $50K,1,3,6893,12126
,,,,,,02/10/2013 Total,,1,3,6893,12126
,,,,,USA Total,,,1,3,6893,12126
,,,,CA Total,,,,1,3,6893,12126
,,,Beverly Hills Total,,,,,1,3,6893,12126
,,,Bremerton,WA,USA,05/01/2012,$30K - $50K,1,4,3533,57
,,,,,,05/01/2012 Total,,1,4,3533,57
,,,,,USA Total,,,1,4,3533,57
,,,,WA Total,,,,1,4,3533,57
,,,Bremerton Total,,,,,1,4,3533,57
,,,Hidalgo,Zacatecas,Mexico,28/06/2013,$110K - $130K,1,5,7063,9514
,,,,,,28/06/2013 Total,,1,5,7063,9514
,,,,,Mexico Total,,,1,5,7063,9514
,,,,Zacatecas Total,,,,1,5,7063,9514
,,,Hidalgo Total,,,,,1,5,7063,9514
,,,Los Angeles,CA,USA,14/03/2013,$10K - $30K,1,4,8815,6663
,,,,,,14/03/2013 Total,,1,4,8815,6663
,,,,,USA Total,,,1,4,8815,6663
,,,,CA Total,,,,1,4,8815,6663
,,,Los Angeles Total,,,,,1,4,8815,6663
,,,Merida,Yucatan,Mexico,16/02/2013,$70K - $90K,1,2,6075,5936
,,,,,,16/02/2013 Total,,1,2,6075,5936
,,,,,,10/03/2013,$10K - $30K,1,3,7356,6570
,,,,,,10/03/2013 Total,,1,3,7356,6570
,,,,,,08/04/2013,$10K - $30K,1,3,7356,7324
,,,,,,08/04/2013 Total,,1,3,7356,7324
,,,,,,29/09/2013,$30K - $50K,1,3,2500,12064
,,,,,,29/09/2013 Total,,1,3,2500,12064
,,,,,,01/11/2013,$10K - $30K,1,5,728,12942
,,,,,,01/11/2013 Total,,1,5,728,12942
,,,,,Mexico Total,,,5,16,24015,44836
,,,,Yucatan Total,,,,5,16,24015,44836
,,,Merida Total,,,,,5,16,24015,44836
,,,Mexico City,DF,Mexico,09/04/2013,$10K - $30K,1,3,2649,7337
,,,,,,09/04/2013 Total,,1,3,2649,7337
,,,,,Mexico Total,,,1,3,2649,7337
,,,,DF Total,,,,1,3,2649,7337
,,,Mexico City Total,,,,,1,3,2649,7337
,,,Orizaba,Veracruz,Mexico,21/07/2013,$50K - $70K,1,3,2862,10189
,,,,,,21/07/2013 Total,,1,3,2862,10189
,,,,,,05/10/2013,$10K - $30K,1,4,8388,12191
,,,,,,05/10/2013 Total,,1,4,8388,12191
,,,,,Mexico Total,,,2,7,11250,22380
,,,,Veracruz Total,,,,2,7,11250,22380
,,,Orizaba Total,,,,,2,7,11250,22380
,,,Portland,OR,USA,27/07/2012,$10K - $30K,1,3,10142,2610
,,,,,,27/07/2012 Total,,1,3,10142,2610
,,,,,USA Total,,,1,3,10142,2610
,,,,OR Total,,,,1,3,10142,2610
,,,Portland Total,,,,,1,3,10142,2610
,,,Salem,OR,USA,27/02/2013,$10K - $30K,1,4,8976,6277
,,,,,,27/02/2013 Total,,1,4,8976,6277
,,,,,,04/12/2013,$50K - $70K,1,4,7641,13807
,,,,,,04/12/2013 Total,,1,4,7641,13807
,,,,,USA Total,,,2,8,16617,20084
,,,,OR Total,,,,2,8,16617,20084
,,,Salem Total,,,,,2,8,16617,20084
,,,San Andres,DF,Mexico,11/01/2013,$50K - $70K,1,4,6461,4992
,,,,,,11/01/2013 Total,,1,4,6461,4992
,,,,,,01/06/2013,$10K - $30K,1,4,2176,8799
,,,,,,01/06/2013 Total,,1,4,2176,8799
,,,,,Mexico Total,,,2,8,8637,13791
,,,,DF Total,,,,2,8,8637,13791
,,,San Andres Total,,,,,2,8,8637,13791
,,,San Diego,CA,USA,13/07/2013,$10K - $30K,1,5,2384,9928
,,,,,,13/07/2013 Total,,1,5,2384,9928
,,,,,USA Total,,,1,5,2384,9928
,,,,CA Total,,,,1,5,2384,9928
,,,San Diego Total,,,,,1,5,2384,9928
,,,Seattle,WA,USA,12/10/2013,$30K - $50K,1,4,4459,12398
,,,,,,12/10/2013 Total,,1,4,4459,12398
,,,,,USA Total,,,1,4,4459,12398
,,,,WA Total,,,,1,4,4459,12398
,,,Seattle Total,,,,,1,4,4459,12398
,,,Spokane,WA,USA,24/06/2012,$30K - $50K,1,6,7051,2210
,,,,,,24/06/2012 Total,,1,6,7051,2210
,,,,,,23/11/2012,$90K - $110K,1,3,2224,4085
,,,,,,23/11/2012 Total,,1,3,2224,4085
,,,,,,21/05/2013,$10K - $30K,1,6,6912,8491
,,,,,,21/05/2013 Total,,1,6,6912,8491
,,,,,,02/07/2013,$10K - $30K,1,4,511,9625
,,,,,,02/07/2013 Total,,1,4,511,9625
,,,,,USA Total,,,4,19,16698,24411
,,,,WA Total,,,,4,19,16698,24411
,,,Spokane Total,,,,,4,19,16698,24411
,,,Tacoma,WA,USA,14/04/2012,$30K - $50K,1,4,2787,1289
,,,,,,14/04/2012 Total,,1,4,2787,1289
,,,,,USA Total,,,1,4,2787,1289
,,,,WA Total,,,,1,4,2787,1289
,,,Tacoma Total,,,,,1,4,2787,1289
,,,Vancouver,BC,Canada,10/11/2013,$70K - $90K,1,3,2858,13197
,,,,,,10/11/2013 Total,,1,3,2858,13197
,,,,,,03/12/2013,$30K - $50K,1,3,633,13795
,,,,,,03/12/2013 Total,,1,3,633,13795
,,,,,Canada Total,,,2,6,3491,26992
,,,,BC Total,,,,2,6,3491,26992
,,,Vancouver Total,,,,,2,6,3491,26992
,,,Walla Walla,WA,USA,16/03/2013,$10K - $30K,1,2,3664,6712
,,,,,,16/03/2013 Total,,1,2,3664,6712
,,,,,,25/09/2013,$30K - $50K,1,2,8417,11944
,,,,,,25/09/2013 Total,,1,2,8417,11944
,,,,,USA Total,,,2,4,12081,18656
,,,,WA Total,,,,2,4,12081,18656
,,,Walla Walla Total,,,,,2,4,12081,18656
,,,Yakima,WA,USA,26/12/2011,$10K - $30K,1,4,2032,14
,,,,,,26/12/2011 Total,,1,4,2032,14
,,,,,USA Total,,,1,4,2032,14
,,,,WA Total,,,,1,4,2032,14
,,,Yakima Total,,,,,1,4,2032,14
,,M Total,,,,,,30,112,148964,240222
,,S,Acapulco,Guerrero,Mexico,27/12/2012,$50K - $70K,1,3,9685,4639
,,,,,,27/12/2012 Total,,1,3,9685,4639
,,,,,,02/02/2013,$50K - $70K,1,4,6563,5556
,,,,,,02/02/2013 Total,,1,4,6563,5556
,,,,,,16/11/2013,$30K - $50K,1,4,5406,13391
,,,,,,16/11/2013 Total,,1,4,5406,13391
,,,,,Mexico Total,,,3,11,21654,23586
,,,,Guerrero Total,,,,3,11,21654,23586
,,,Acapulco Total,,,,,3,11,21654,23586
,,,Beverly Hills,CA,USA,17/11/2013,$90K - $110K,1,4,1935,13409
,,,,,,17/11/2013 Total,,1,4,1935,13409
,,,,,USA Total,,,1,4,1935,13409
,,,,CA Total,,,,1,4,1935,13409
,,,Beverly Hills Total,,,,,1,4,1935,13409
,,,Bremerton,WA,USA,23/01/2012,$10K - $30K,1,4,878,196
,,,,,,23/01/2012 Total,,1,4,878,196
,,,,,,20/05/2012,$30K - $50K,1,4,10033,1787
,,,,,,20/05/2012 Total,,1,4,10033,1787
,,,,,,28/11/2012,$30K - $50K,1,4,1070,4152
,,,,,,28/11/2012 Total,,1,4,1070,4152
,,,,,USA Total,,,3,12,11981,6135
,,,,WA Total,,,,3,12,11981,6135
,,,Bremerton Total,,,,,3,12,11981,6135
,,,Hidalgo,Zacatecas,Mexico,19/03/2013,$50K - $70K,1,4,7633,6798
,,,,,,19/03/2013 Total,,1,4,7633,6798
,,,,,,01/04/2013,$30K - $50K,1,5,7782,7132
,,,,,,01/04/2013 Total,,1,5,7782,7132
,,,,,,04/05/2013,$70K - $90K,1,4,8279,8015
,,,,,,04/05/2013 Total,,1,4,8279,8015
,,,,,,19/07/2013,$70K - $90K,1,4,4325,10121
,,,,,,19/07/2013 Total,,1,4,4325,10121
,,,,,Mexico Total,,,4,17,28019,32066
,,,,Zacatecas Total,,,,4,17,28019,32066
,,,Hidalgo Total,,,,,4,17,28019,32066
,,,Los Angeles,CA,USA,07/03/2012,$30K - $50K,1,2,5553,731
,,,,,,07/03/2012 Total,,1,2,5553,731
,,,,,,28/07/2012,$130K - $150K,1,3,9276,2618
,,,,,,28/07/2012 Total,,1,3,9276,2618
,,,,,,10/07/2013,$10K - $30K,1,2,8270,9863
,,,,,,10/07/2013 Total,,1,2,8270,9863
,,,,,,18/10/2013,$30K - $50K,1,4,755,12535
,,,,,,18/10/2013 Total,,1,4,755,12535
,,,,,,05/11/2013,$50K - $70K,1,3,8969,13077
,,,,,,05/11/2013 Total,,1,3,8969,13077
,,,,,USA Total,,,5,14,32823,38824
,,,,CA Total,,,,5,14,32823,38824
,,,Los Angeles Total,,,,,5,14,32823,38824
,,,Merida,Yucatan,Mexico,29/05/2013,$90K - $110K,1,5,1050,8710
,,,,,,29/05/2013 Total,,1,5,1050,8710
,,,,,Mexico Total,,,1,5,1050,8710
,,,,Yucatan Total,,,,1,5,1050,8710
,,,Merida Total,,,,,1,5,1050,8710
,,,Mexico City,DF,Mexico,09/08/2013,$110K - $130K,1,5,8596,10668
,,,,,,09/08/2013 Total,,1,5,8596,10668
,,,,,Mexico Total,,,1,5,8596,10668
,,,,DF Total,,,,1,5,8596,10668
,,,Mexico City Total,,,,,1,5,8596,10668
,,,Orizaba,Veracruz,Mexico,12/02/2013,$30K - $50K,1,4,1550,5838
,,,,,,12/02/2013 Total,,1,4,1550,5838
,,,,,Mexico Total,,,1,4,1550,5838
,,,,Veracruz Total,,,,1,4,1550,5838
,,,Orizaba Total,,,,,1,4,1550,5838
,,,Portland,OR,USA,26/11/2012,$50K - $70K,1,4,7215,4130
,,,,,,26/11/2012 Total,,1,4,7215,4130
,,,,,,20/05/2013,$110K - $130K,1,5,9383,8449
,,,,,,20/05/2013 Total,,1,5,9383,8449
,,,,,,22/10/2013,$50K - $70K,1,4,3626,12682
,,,,,,22/10/2013 Total,,1,4,3626,12682
,,,,,USA Total,,,3,13,20224,25261
,,,,OR Total,,,,3,13,20224,25261
,,,Portland Total,,,,,3,13,20224,25261
,,,Salem,OR,USA,21/04/2012,$130K - $150K,1,5,2468,1399
,,,,,,21/04/2012 Total,,1,5,2468,1399
,,,,,,20/08/2013,$50K - $70K,1,3,154,10964
,,,,,,20/08/2013 Total,,1,3,154,10964
,,,,,,13/09/2013,$70K - $90K,1,4,2444,11582
,,,,,,13/09/2013 Total,,1,4,2444,11582
,,,,,,15/10/2013,$70K - $90K,1,3,2444,12468
,,,,,,15/10/2013 Total,,1,3,2444,12468
,,,,,,24/11/2013,$30K - $50K,1,5,6733,13591
,,,,,,24/11/2013 Total,,1,5,6733,13591
,,,,,USA Total,,,5,20,14243,50004
,,,,OR Total,,,,5,20,14243,50004
,,,Salem Total,,,,,5,20,14243,50004
,,,San Andres,DF,Mexico,14/09/2013,$50K - $70K,1,4,310,11601
,,,,,,14/09/2013 Total,,1,4,310,11601
,,,,,Mexico Total,,,1,4,310,11601
,,,,DF Total,,,,1,4,310,11601
,,,San Andres Total,,,,,1,4,310,11601
,,,San Diego,CA,USA,30/03/2012,$70K - $90K,1,4,7855,1084
,,,,,,30/03/2012 Total,,1,4,7855,1084
,,,,,,08/05/2013,$70K - $90K,1,4,630,8149
,,,,,,08/05/2013 Total,,1,4,630,8149
,,,,,,09/12/2013,$50K - $70K,1,3,6924,13881
,,,,,,09/12/2013 Total,,1,3,6924,13881
,,,,,USA Total,,,3,11,15409,23114
,,,,CA Total,,,,3,11,15409,23114
,,,San Diego Total,,,,,3,11,15409,23114
,,,San Francisco,CA,USA,11/10/2012,$110K - $130K,1,1,1417,3536
,,,,,,11/10/2012 Total,,1,1,1417,3536
,,,,,USA Total,,,1,1,1417,3536
,,,,CA Total,,,,1,1,1417,3536
,,,San Francisco Total,,,,,1,1,1417,3536
,,,Seattle,WA,USA,05/05/2013,$10K - $30K,1,3,624,8048
,,,,,,05/05/2013 Total,,1,3,624,8048
,,,,,,02/07/2013,$110K - $130K,1,5,9623,9631
,,,,,,02/07/2013 Total,,1,5,9623,9631
,,,,,USA Total,,,2,8,10247,17679
,,,,WA Total,,,,2,8,10247,17679
,,,Seattle Total,,,,,2,8,10247,17679
,,,Spokane,WA,USA,22/07/2012,$10K - $30K,1,4,4094,2544
,,,,,,22/07/2012 Total,,1,4,4094,2544
,,,,,USA Total,,,1,4,4094,2544
,,,,WA Total,,,,1,4,4094,2544
,,,Spokane Total,,,,,1,4,4094,2544
,,,Tacoma,WA,USA,27/03/2012,$30K - $50K,1,3,3397,1040
,,,,,,27/03/2012 Total,,1,3,3397,1040
,,,,,,15/04/2012,$50K - $70K,1,5,4597,1314
,,,,,,15/04/2012 Total,,1,5,4597,1314
,,,,,,20/01/2013,$70K - $90K,1,4,10273,5186
,,,,,,20/01/2013 Total,,1,4,10273,5186
,,,,,,31/07/2013,$10K - $30K,1,5,6161,10431
,,,,,,31/07/2013 Total,,1,5,6161,10431
,,,,,,24/09/2013,$10K - $30K,1,5,2636,11905
,,,,,,24/09/2013 Total,,1,5,2636,11905
,,,,,,13/11/2013,$30K - $50K,1,6,4231,13298
,,,,,,13/11/2013 Total,,1,6,4231,13298
,,,,,USA Total,,,6,28,31295,43174
,,,,WA Total,,,,6,28,31295,43174
,,,Tacoma Total,,,,,6,28,31295,43174
,,,Vancouver,BC,Canada,17/03/2013,$10K - $30K,1,4,7726,6744
,,,,,,17/03/2013 Total,,1,4,7726,6744
,,,,,,17/11/2013,$70K - $90K,1,7,606,13414
,,,,,,17/11/2013 Total,,1,7,606,13414
,,,,,Canada Total,,,2,11,8332,20158
,,,,BC Total,,,,2,11,8332,20158
,,,Vancouver Total,,,,,2,11,8332,20158
,,S Total,,,,,,43,172,213179,336307
,F Total,,,,,,,73,284,362143,576529
,M,M,Acapulco,Guerrero,Mexico,05/06/2013,$10K - $30K,1,4,6968,8906
,,,,,,05/06/2013 Total,,1,4,6968,8906
,,,,,Mexico Total,,,1,4,6968,8906
,,,,Guerrero Total,,,,1,4,6968,8906
,,,Acapulco Total,,,,,1,4,6968,8906
,,,Beverly Hills,CA,USA,08/07/2012,$150K +,1,5,3349,2366
,,,,,,08/07/2012 Total,,1,5,3349,2366
,,,,,,28/03/2013,$130K - $150K,1,3,10080,7019
,,,,,,28/03/2013 Total,,1,3,10080,7019
,,,,,,01/10/2013,$70K - $90K,1,4,3683,12097
,,,,,,01/10/2013 Total,,1,4,3683,12097
,,,,,USA Total,,,3,12,17112,21482
,,,,CA Total,,,,3,12,17112,21482
,,,Beverly Hills Total,,,,,3,12,17112,21482
,,,Hidalgo,Zacatecas,Mexico,31/01/2013,$130K - $150K,1,2,7152,5490
,,,,,,31/01/2013 Total,,1,2,7152,5490
,,,,,,17/03/2013,$130K - $150K,1,2,7152,6741
,,,,,,17/03/2013 Total,,1,2,7152,6741
,,,,,,10/05/2013,$30K - $50K,1,3,7793,8203
,,,,,,10/05/2013 Total,,1,3,7793,8203
,,,,,Mexico Total,,,3,7,22097,20434
,,,,Zacatecas Total,,,,3,7,22097,20434
,,,Hidalgo Total,,,,,3,7,22097,20434
,,,Los Angeles,CA,USA,01/06/2012,$30K - $50K,1,5,3768,1945
,,,,,,01/06/2012 Total,,1,5,3768,1945
,,,,,,27/09/2013,$90K - $110K,1,4,5208,11976
,,,,,,27/09/2013 Total,,1,4,5208,11976
,,,,,USA Total,,,2,9,8976,13921
,,,,CA Total,,,,2,9,8976,13921
,,,Los Angeles Total,,,,,2,9,8976,13921
,,,Merida,Yucatan,Mexico,19/05/2013,$10K - $30K,1,2,8928,8437
,,,,,,19/05/2013 Total,,1,2,8928,8437
,,,,,,23/07/2013,$50K - $70K,1,5,9262,10225
,,,,,,23/07/2013 Total,,1,5,9262,10225
,,,,,Mexico Total,,,2,7,18190,18662
,,,,Yucatan Total,,,,2,7,18190,18662
,,,Merida Total,,,,,2,7,18190,18662
,,,Orizaba,Veracruz,Mexico,02/02/2013,$30K - $50K,1,4,8287,5558
,,,,,,02/02/2013 Total,,1,4,8287,5558
,,,,,,04/10/2013,$50K - $70K,1,4,5053,12169
,,,,,,04/10/2013 Total,,1,4,5053,12169
,,,,,Mexico Total,,,2,8,13340,17727
,,,,Veracruz Total,,,,2,8,13340,17727
,,,Orizaba Total,,,,,2,8,13340,17727
,,,Portland,OR,USA,25/12/2012,$50K - $70K,1,4,3401,4591
,,,,,,25/12/2012 Total,,1,4,3401,4591
,,,,,,22/05/2013,$50K - $70K,1,4,2568,8505
,,,,,,22/05/2013 Total,,1,4,2568,8505
,,,,,,23/11/2013,$130K - $150K,1,4,8528,13553
,,,,,,23/11/2013 Total,,1,4,8528,13553
,,,,,USA Total,,,3,12,14497,26649
,,,,OR Total,,,,3,12,14497,26649
,,,Portland Total,,,,,3,12,14497,26649
,,,Salem,OR,USA,30/03/2012,$50K - $70K,1,4,1490,1091
,,,,,,30/03/2012 Total,,1,4,1490,1091
,,,,,,09/04/2012,$10K - $30K,1,2,5060,1222
,,,,,,09/04/2012 Total,,1,2,5060,1222
,,,,,,19/04/2012,$30K - $50K,1,3,6713,1368
,,,,,,19/04/2012 Total,,1,3,6713,1368
,,,,,,06/08/2012,$10K - $30K,1,6,4413,2734
,,,,,,06/08/2012 Total,,1,6,4413,2734
,,,,,,31/12/2012,$10K - $30K,1,3,2086,4717
,,,,,,31/12/2012 Total,,1,3,2086,4717
,,,,,,04/07/2013,$30K - $50K,1,4,6713,9693
,,,,,,04/07/2013 Total,,1,4,6713,9693
,,,,,,06/07/2013,$10K - $30K,1,4,3897,9744
,,,,,,06/07/2013 Total,,1,4,3897,9744
,,,,,,14/07/2013,$50K - $70K,1,5,9787,9969
,,,,,,14/07/2013 Total,,1,5,9787,9969
,,,,,,27/07/2013,$10K - $30K,1,6,5786,10322
,,,,,,27/07/2013 Total,,1,6,5786,10322
,,,,,USA Total,,,9,37,45945,50860
,,,,OR Total,,,,9,37,45945,50860
,,,Salem Total,,,,,9,37,45945,50860
,,,San Andres,DF,Mexico,13/09/2013,$50K - $70K,1,5,6847,11597
,,,,,,13/09/2013 Total,,1,5,6847,11597
,,,,,,06/10/2013,$50K - $70K,1,3,7409,12222
,,,,,,06/10/2013 Total,,1,3,7409,12222
,,,,,Mexico Total,,,2,8,14256,23819
,,,,DF Total,,,,2,8,14256,23819
,,,San Andres Total,,,,,2,8,14256,23819
,,,Spokane,WA,USA,12/03/2012,$30K - $50K,1,5,5174,807
,,,,,,12/03/2012 Total,,1,5,5174,807
,,,,,,30/11/2012,$30K - $50K,1,5,7862,4180
,,,,,,30/11/2012 Total,,1,5,7862,4180
,,,,,,16/01/2013,$10K - $30K,1,4,9897,5097
,,,,,,16/01/2013 Total,,1,4,9897,5097
,,,,,,01/03/2013,$50K - $70K,1,2,1567,6336
,,,,,,01/03/2013 Total,,1,2,1567,6336
,,,,,,28/10/2013,$70K - $90K,1,3,2570,12829
,,,,,,28/10/2013 Total,,1,3,2570,12829
,,,,,USA Total,,,5,19,27070,29249
,,,,WA Total,,,,5,19,27070,29249
,,,Spokane Total,,,,,5,19,27070,29249
,,,Tacoma,WA,USA,27/09/2012,$10K - $30K,1,6,4029,3345
,,,,,,27/09/2012 Total,,1,6,4029,3345
,,,,,,23/11/2012,$10K - $30K,1,4,8466,4079
,,,,,,23/11/2012 Total,,1,4,8466,4079
,,,,,,11/12/2012,$70K - $90K,1,4,5790,4358
,,,,,,11/12/2012 Total,,1,4,5790,4358
,,,,,,18/07/2013,$130K - $150K,1,5,2065,10090
,,,,,,18/07/2013 Total,,1,5,2065,10090
,,,,,USA Total,,,4,19,20350,21872
,,,,WA Total,,,,4,19,20350,21872
,,,Tacoma Total,,,,,4,19,20350,21872
,,,Yakima,WA,USA,03/11/2013,$50K - $70K,1,3,9016,13017
,,,,,,03/11/2013 Total,,1,3,9016,13017
,,,,,USA Total,,,1,3,9016,13017
,,,,WA Total,,,,1,3,9016,13017
,,,Yakima Total,,,,,1,3,9016,13017
,,M Total,,,,,,37,145,217817,266598
,,S,Acapulco,Guerrero,Mexico,14/02/2013,$10K - $30K,1,4,5430,5874
,,,,,,14/02/2013 Total,,1,4,5430,5874
,,,,,Mexico Total,,,1,4,5430,5874
,,,,Guerrero Total,,,,1,4,5430,5874
,,,Acapulco Total,,,,,1,4,5430,5874
,,,Beverly Hills,CA,USA,24/06/2013,$110K - $130K,1,3,2675,9414
,,,,,,24/06/2013 Total,,1,3,2675,9414
,,,,,,21/09/2013,$30K - $50K,1,7,1127,11808
,,,,,,21/09/2013 Total,,1,7,1127,11808
,,,,,USA Total,,,2,10,3802,21222
,,,,CA Total,,,,2,10,3802,21222
,,,Beverly Hills Total,,,,,2,10,3802,21222
,,,Bremerton,WA,USA,17/10/2012,$70K - $90K,1,4,6559,3615
,,,,,,17/10/2012 Total,,1,4,6559,3615
,,,,,USA Total,,,1,4,6559,3615
,,,,WA Total,,,,1,4,6559,3615
,,,Bremerton Total,,,,,1,4,6559,3615
,,,Camacho,Zacatecas,Mexico,07/02/2013,$70K - $90K,1,5,9149,5690
,,,,,,07/02/2013 Total,,1,5,9149,5690
,,,,,Mexico Total,,,1,5,9149,5690
,,,,Zacatecas Total,,,,1,5,9149,5690
,,,Camacho Total,,,,,1,5,9149,5690
,,,Hidalgo,Zacatecas,Mexico,13/06/2013,$30K - $50K,1,3,3210,9107
,,,,,,13/06/2013 Total,,1,3,3210,9107
,,,,,,11/07/2013,$10K - $30K,1,2,322,9873
,,,,,,11/07/2013 Total,,1,2,322,9873
,,,,,,19/08/2013,$30K - $50K,1,5,4771,10920
,,,,,,19/08/2013 Total,,1,5,4771,10920
,,,,,Mexico Total,,,3,10,8303,29900
,,,,Zacatecas Total,,,,3,10,8303,29900
,,,Hidalgo Total,,,,,3,10,8303,29900
,,,Los Angeles,CA,USA,12/08/2012,$10K - $30K,1,2,5009,2808
,,,,,,12/08/2012 Total,,1,2,5009,2808
,,,,,,17/02/2013,$50K - $70K,1,7,7018,5963
,,,,,,17/02/2013 Total,,1,7,7018,5963
,,,,,,19/06/2013,$150K +,1,3,3169,9283
,,,,,,19/06/2013 Total,,1,3,3169,9283
,,,,,,02/07/2013,$50K - $70K,1,4,8070,9618
,,,,,,02/07/2013 Total,,1,4,8070,9618
,,,,,USA Total,,,4,16,23266,27672
,,,,CA Total,,,,4,16,23266,27672
,,,Los Angeles Total,,,,,4,16,23266,27672
,,,Merida,Yucatan,Mexico,30/03/2013,$10K - $30K,1,2,3411,7065
,,,,,,30/03/2013 Total,,1,2,3411,7065
,,,,,,21/07/2013,$50K - $70K,1,4,8239,10177
,,,,,,21/07/2013 Total,,1,4,8239,10177
,,,,,Mexico Total,,,2,6,11650,17242
,,,,Yucatan Total,,,,2,6,11650,17242
,,,Merida Total,,,,,2,6,11650,17242
,,,Orizaba,Veracruz,Mexico,07/11/2013,$50K - $70K,1,6,5318,13130
,,,,,,07/11/2013 Total,,1,6,5318,13130
,,,,,Mexico Total,,,1,6,5318,13130
,,,,Veracruz Total,,,,1,6,5318,13130
,,,Orizaba Total,,,,,1,6,5318,13130
,,,Portland,OR,USA,17/11/2013,$10K - $30K,1,4,573,13417
,,,,,,17/11/2013 Total,,1,4,573,13417
,,,,,USA Total,,,1,4,573,13417
,,,,OR Total,,,,1,4,573,13417
,,,Portland Total,,,,,1,4,573,13417
,,,Salem,OR,USA,04/04/2012,$50K - $70K,1,2,1071,1157
,,,,,,04/04/2012 Total,,1,2,1071,1157
,,,,,,20/05/2012,$70K - $90K,1,5,7558,1789
,,,,,,20/05/2012 Total,,1,5,7558,1789
,,,,,,07/12/2012,$50K - $70K,1,4,5782,4296
,,,,,,07/12/2012 Total,,1,4,5782,4296
,,,,,,20/01/2013,$10K - $30K,1,4,2832,5209
,,,,,,20/01/2013 Total,,1,4,2832,5209
,,,,,USA Total,,,4,15,17243,12451
,,,,OR Total,,,,4,15,17243,12451
,,,Salem Total,,,,,4,15,17243,12451
,,,San Andres,DF,Mexico,19/02/2013,$30K - $50K,1,3,2449,6026
,,,,,,19/02/2013 Total,,1,3,2449,6026
,,,,,Mexico Total,,,1,3,2449,6026
,,,,DF Total,,,,1,3,2449,6026
,,,San Andres Total,,,,,1,3,2449,6026
,,,Seattle,WA,USA,07/06/2013,$50K - $70K,1,3,8407,8953
,,,,,,07/06/2013 Total,,1,3,8407,8953
,,,,,,09/08/2013,$30K - $50K,1,2,5317,10681
,,,,,,09/08/2013 Total,,1,2,5317,10681
,,,,,USA Total,,,2,5,13724,19634
,,,,WA Total,,,,2,5,13724,19634
,,,Seattle Total,,,,,2,5,13724,19634
,,,Spokane,WA,USA,09/10/2013,$10K - $30K,1,4,2019,12312
,,,,,,09/10/2013 Total,,1,4,2019,12312
,,,,,USA Total,,,1,4,2019,12312
,,,,WA Total,,,,1,4,2019,12312
,,,Spokane Total,,,,,1,4,2019,12312
,,,Tacoma,WA,USA,07/01/2013,$30K - $50K,1,4,4497,4884
,,,,,,07/01/2013 Total,,1,4,4497,4884
,,,,,USA Total,,,1,4,4497,4884
,,,,WA Total,,,,1,4,4497,4884
,,,Tacoma Total,,,,,1,4,4497,4884
,,,Vancouver,BC,Canada,04/08/2013,$70K - $90K,1,4,5806,10528
,,,,,,04/08/2013 Total,,1,4,5806,10528
,,,,,,03/12/2013,$50K - $70K,1,5,5965,13793
,,,,,,03/12/2013 Total,,1,5,5965,13793
,,,,,Canada Total,,,2,9,11771,24321
,,,,BC Total,,,,2,9,11771,24321
,,,Vancouver Total,,,,,2,9,11771,24321
,,,Victoria,BC,Canada,20/11/2013,$10K - $30K,1,3,546,13478
,,,,,,20/11/2013 Total,,1,3,546,13478
,,,,,Canada Total,,,1,3,546,13478
,,,,BC Total,,,,1,3,546,13478
,,,Victoria Total,,,,,1,3,546,13478
,,,Yakima,WA,USA,11/02/2012,$30K - $50K,1,4,7171,429
,,,,,,11/02/2012 Total,,1,4,7171,429
,,,,,,19/03/2012,$10K - $30K,1,5,7696,916
,,,,,,19/03/2012 Total,,1,5,7696,916
,,,,,,16/06/2012,$30K - $50K,1,3,9176,2110
,,,,,,16/06/2012 Total,,1,3,9176,2110
,,,,,USA Total,,,3,12,24043,3455
,,,,WA Total,,,,3,12,24043,3455
,,,Yakima Total,,,,,3,12,24043,3455
,,S Total,,,,,,31,120,150342,234323
,M Total,,,,,,,68,265,368159,500921
Plastic Products Total,,,,,,,,141,549,730302,1077450
Pure Juice Beverages,F,M,Beverly Hills,CA,USA,24/04/2013,$110K - $130K,1,4,4300,7749
,,,,,,24/04/2013 Total,,1,4,4300,7749
,,,,,,27/04/2013,$10K - $30K,1,3,4385,7820
,,,,,,27/04/2013 Total,,1,3,4385,7820
,,,,,,08/09/2013,$30K - $50K,1,4,8652,11438
,,,,,,08/09/2013 Total,,1,4,8652,11438
,,,,,USA Total,,,3,11,17337,27007
,,,,CA Total,,,,3,11,17337,27007
,,,Beverly Hills Total,,,,,3,11,17337,27007
,,,Bremerton,WA,USA,01/10/2012,$10K - $30K,1,4,7354,3395
,,,,,,01/10/2012 Total,,1,4,7354,3395
,,,,,,08/12/2012,$150K +,1,4,5358,4302
,,,,,,08/12/2012 Total,,1,4,5358,4302
,,,,,,20/05/2013,$30K - $50K,1,4,5216,8455
,,,,,,20/05/2013 Total,,1,4,5216,8455
,,,,,USA Total,,,3,12,17928,16152
,,,,WA Total,,,,3,12,17928,16152
,,,Bremerton Total,,,,,3,12,17928,16152
,,,Camacho,Zacatecas,Mexico,27/02/2013,$50K - $70K,1,4,5099,6282
,,,,,,27/02/2013 Total,,1,4,5099,6282
,,,,,,21/03/2013,$70K - $90K,1,5,4807,6826
,,,,,,21/03/2013 Total,,1,5,4807,6826
,,,,,Mexico Total,,,2,9,9906,13108
,,,,Zacatecas Total,,,,2,9,9906,13108
,,,Camacho Total,,,,,2,9,9906,13108
,,,Hidalgo,Zacatecas,Mexico,18/01/2013,$10K - $30K,1,6,1444,5150
,,,,,,18/01/2013 Total,,1,6,1444,5150
,,,,,,16/03/2013,$50K - $70K,1,4,2692,6722
,,,,,,16/03/2013 Total,,1,4,2692,6722
,,,,,,09/11/2013,$10K - $30K,1,4,1259,13189
,,,,,,09/11/2013 Total,,1,4,1259,13189
,,,,,Mexico Total,,,3,14,5395,25061
,,,,Zacatecas Total,,,,3,14,5395,25061
,,,Hidalgo Total,,,,,3,14,5395,25061
,,,Los Angeles,CA,USA,25/06/2012,$50K - $70K,1,5,5731,2231
,,,,,,25/06/2012 Total,,1,5,5731,2231
,,,,,,21/07/2012,$50K - $70K,1,4,6129,2538
,,,,,,21/07/2012 Total,,1,4,6129,2538
,,,,,,22/05/2013,$110K - $130K,1,2,3946,8514
,,,,,,22/05/2013 Total,,1,2,3946,8514
,,,,,,09/12/2013,$30K - $50K,1,6,5250,13885
,,,,,,09/12/2013 Total,,1,6,5250,13885
,,,,,,11/12/2013,$110K - $130K,1,5,3513,13906
,,,,,,11/12/2013 Total,,1,5,3513,13906
,,,,,USA Total,,,5,22,24569,41074
,,,,CA Total,,,,5,22,24569,41074
,,,Los Angeles Total,,,,,5,22,24569,41074
,,,Merida,Yucatan,Mexico,31/05/2013,$10K - $30K,1,5,7356,8777
,,,,,,31/05/2013 Total,,1,5,7356,8777
,,,,,,14/06/2013,$30K - $50K,1,4,5851,9150
,,,,,,14/06/2013 Total,,1,4,5851,9150
,,,,,,15/07/2013,$50K - $70K,1,3,4655,10016
,,,,,,15/07/2013 Total,,1,3,4655,10016
,,,,,Mexico Total,,,3,12,17862,27943
,,,,Yucatan Total,,,,3,12,17862,27943
,,,Merida Total,,,,,3,12,17862,27943
,,,Mexico City,DF,Mexico,30/03/2013,$90K - $110K,1,4,2462,7072
,,,,,,30/03/2013 Total,,1,4,2462,7072
,,,,,Mexico Total,,,1,4,2462,7072
,,,,DF Total,,,,1,4,2462,7072
,,,Mexico City Total,,,,,1,4,2462,7072
,,,Orizaba,Veracruz,Mexico,16/02/2013,$70K - $90K,1,3,4198,5951
,,,,,,16/02/2013 Total,,1,3,4198,5951
,,,,,,10/06/2013,$50K - $70K,1,5,1265,9049
,,,,,,10/06/2013 Total,,1,5,1265,9049
,,,,,,02/08/2013,$110K - $130K,1,5,3608,10482
,,,,,,02/08/2013 Total,,1,5,3608,10482
,,,,,,12/09/2013,$130K - $150K,1,4,4250,11557
,,,,,,12/09/2013 Total,,1,4,4250,11557
,,,,,Mexico Total,,,4,17,13321,37039
,,,,Veracruz Total,,,,4,17,13321,37039
,,,Orizaba Total,,,,,4,17,13321,37039
,,,Portland,OR,USA,03/10/2012,$30K - $50K,1,4,7818,3429
,,,,,,03/10/2012 Total,,1,4,7818,3429
,,,,,USA Total,,,1,4,7818,3429
,,,,OR Total,,,,1,4,7818,3429
,,,Portland Total,,,,,1,4,7818,3429
,,,Salem,OR,USA,13/03/2012,$30K - $50K,1,3,7569,835
,,,,,,13/03/2012 Total,,1,3,7569,835
,,,,,,04/07/2012,$50K - $70K,1,5,6710,2331
,,,,,,04/07/2012 Total,,1,5,6710,2331
,,,,,,28/07/2012,$30K - $50K,1,3,10145,2620
,,,,,,28/07/2012 Total,,1,3,10145,2620
,,,,,,12/09/2012,$70K - $90K,1,3,3153,3180
,,,,,,12/09/2012 Total,,1,3,3153,3180
,,,,,,13/07/2013,$10K - $30K,1,5,3271,9939
,,,,,,13/07/2013 Total,,1,5,3271,9939
,,,,,USA Total,,,5,19,30848,18905
,,,,OR Total,,,,5,19,30848,18905
,,,Salem Total,,,,,5,19,30848,18905
,,,San Andres,DF,Mexico,10/07/2013,$70K - $90K,1,5,438,9870
,,,,,,10/07/2013 Total,,1,5,438,9870
,,,,,,28/11/2013,$30K - $50K,1,3,4377,13667
,,,,,,28/11/2013 Total,,1,3,4377,13667
,,,,,Mexico Total,,,2,8,4815,23537
,,,,DF Total,,,,2,8,4815,23537
,,,San Andres Total,,,,,2,8,4815,23537
,,,San Diego,CA,USA,01/02/2012,$50K - $70K,1,4,4763,301
,,,,,,01/02/2012 Total,,1,4,4763,301
,,,,,,06/03/2012,$70K - $90K,1,4,6708,728
,,,,,,06/03/2012 Total,,1,4,6708,728
,,,,,USA Total,,,2,8,11471,1029
,,,,CA Total,,,,2,8,11471,1029
,,,San Diego Total,,,,,2,8,11471,1029
,,,Seattle,WA,USA,24/07/2012,$130K - $150K,1,4,3840,2575
,,,,,,24/07/2012 Total,,1,4,3840,2575
,,,,,,13/10/2012,$50K - $70K,1,4,847,3563
,,,,,,13/10/2012 Total,,1,4,847,3563
,,,,,USA Total,,,2,8,4687,6138
,,,,WA Total,,,,2,8,4687,6138
,,,Seattle Total,,,,,2,8,4687,6138
,,,Spokane,WA,USA,18/02/2012,$70K - $90K,1,4,976,506
,,,,,,18/02/2012 Total,,1,4,976,506
,,,,,,21/03/2012,$70K - $90K,1,2,976,943
,,,,,,21/03/2012 Total,,1,2,976,943
,,,,,,23/11/2012,$30K - $50K,1,5,7051,4078
,,,,,,23/11/2012 Total,,1,5,7051,4078
,,,,,,20/02/2013,$30K - $50K,1,6,4676,6077
,,,,,,20/02/2013 Total,,1,6,4676,6077
,,,,,USA Total,,,4,17,13679,11604
,,,,WA Total,,,,4,17,13679,11604
,,,Spokane Total,,,,,4,17,13679,11604
,,,Tacoma,WA,USA,29/04/2012,$90K - $110K,1,5,6001,1512
,,,,,,29/04/2012 Total,,1,5,6001,1512
,,,,,,01/06/2012,$50K - $70K,1,4,8181,1938
,,,,,,01/06/2012 Total,,1,4,8181,1938
,,,,,,01/08/2012,$30K - $50K,1,4,6347,2663
,,,,,,01/08/2012 Total,,1,4,6347,2663
,,,,,,07/02/2013,$30K - $50K,1,4,5410,5679
,,,,,,07/02/2013 Total,,1,4,5410,5679
,,,,,,30/07/2013,$90K - $110K,1,3,6001,10398
,,,,,,30/07/2013 Total,,1,3,6001,10398
,,,,,,15/08/2013,$30K - $50K,1,5,6690,10827
,,,,,,15/08/2013 Total,,1,5,6690,10827
,,,,,USA Total,,,6,25,38630,33017
,,,,WA Total,,,,6,25,38630,33017
,,,Tacoma Total,,,,,6,25,38630,33017
,,,Vancouver,BC,Canada,22/03/2013,$10K - $30K,1,3,10154,6852
,,,,,,22/03/2013 Total,,1,3,10154,6852
,,,,,Canada Total,,,1,3,10154,6852
,,,,BC Total,,,,1,3,10154,6852
,,,Vancouver Total,,,,,1,3,10154,6852
,,,Walla Walla,WA,USA,26/07/2012,$110K - $130K,1,1,2815,2592
,,,,,,26/07/2012 Total,,1,1,2815,2592
,,,,,USA Total,,,1,1,2815,2592
,,,,WA Total,,,,1,1,2815,2592
,,,Walla Walla Total,,,,,1,1,2815,2592
,,M Total,,,,,,48,194,233697,301559
,,S,Beverly Hills,CA,USA,29/03/2012,$70K - $90K,1,5,6424,1065
,,,,,,29/03/2012 Total,,1,5,6424,1065
,,,,,,22/10/2013,$150K +,1,3,6849,12676
,,,,,,22/10/2013 Total,,1,3,6849,12676
,,,,,USA Total,,,2,8,13273,13741
,,,,CA Total,,,,2,8,13273,13741
,,,Beverly Hills Total,,,,,2,8,13273,13741
,,,Bremerton,WA,USA,09/06/2012,$10K - $30K,1,3,2431,2040
,,,,,,09/06/2012 Total,,1,3,2431,2040
,,,,,,30/06/2012,$30K - $50K,1,6,99,2284
,,,,,,30/06/2012 Total,,1,6,99,2284
,,,,,,10/03/2013,$10K - $30K,1,2,3242,6559
,,,,,,10/03/2013 Total,,1,2,3242,6559
,,,,,USA Total,,,3,11,5772,10883
,,,,WA Total,,,,3,11,5772,10883
,,,Bremerton Total,,,,,3,11,5772,10883
,,,Camacho,Zacatecas,Mexico,16/01/2013,$10K - $30K,1,5,767,5108
,,,,,,16/01/2013 Total,,1,5,767,5108
,,,,,,15/07/2013,$10K - $30K,1,6,767,10018
,,,,,,15/07/2013 Total,,1,6,767,10018
,,,,,,23/07/2013,$50K - $70K,1,5,4174,10226
,,,,,,23/07/2013 Total,,1,5,4174,10226
,,,,,Mexico Total,,,3,16,5708,25352
,,,,Zacatecas Total,,,,3,16,5708,25352
,,,Camacho Total,,,,,3,16,5708,25352
,,,Hidalgo,Zacatecas,Mexico,05/01/2013,$30K - $50K,1,6,272,4837
,,,,,,05/01/2013 Total,,1,6,272,4837
,,,,,,06/04/2013,$30K - $50K,1,4,5148,7262
,,,,,,06/04/2013 Total,,1,4,5148,7262
,,,,,Mexico Total,,,2,10,5420,12099
,,,,Zacatecas Total,,,,2,10,5420,12099
,,,Hidalgo Total,,,,,2,10,5420,12099
,,,Los Angeles,CA,USA,11/02/2012,$70K - $90K,1,3,7324,420
,,,,,,11/02/2012 Total,,1,3,7324,420
,,,,,,11/07/2012,$30K - $50K,1,5,49,2406
,,,,,,11/07/2012 Total,,1,5,49,2406
,,,,,,29/10/2012,$150K +,1,3,7124,3747
,,,,,,29/10/2012 Total,,1,3,7124,3747
,,,,,USA Total,,,3,11,14497,6573
,,,,CA Total,,,,3,11,14497,6573
,,,Los Angeles Total,,,,,3,11,14497,6573
,,,Merida,Yucatan,Mexico,03/02/2013,$30K - $50K,1,3,3982,5581
,,,,,,03/02/2013 Total,,1,3,3982,5581
,,,,,,27/06/2013,$90K - $110K,1,5,1050,9487
,,,,,,27/06/2013 Total,,1,5,1050,9487
,,,,,,09/07/2013,$50K - $70K,1,5,6387,9824
,,,,,,09/07/2013 Total,,1,5,6387,9824
,,,,,Mexico Total,,,3,13,11419,24892
,,,,Yucatan Total,,,,3,13,11419,24892
,,,Merida Total,,,,,3,13,11419,24892
,,,Mexico City,DF,Mexico,10/07/2013,$10K - $30K,1,4,10000,9848
,,,,,,10/07/2013 Total,,1,4,10000,9848
,,,,,Mexico Total,,,1,4,10000,9848
,,,,DF Total,,,,1,4,10000,9848
,,,Mexico City Total,,,,,1,4,10000,9848
,,,Orizaba,Veracruz,Mexico,17/08/2013,$30K - $50K,1,4,5008,10900
,,,,,,17/08/2013 Total,,1,4,5008,10900
,,,,,Mexico Total,,,1,4,5008,10900
,,,,Veracruz Total,,,,1,4,5008,10900
,,,Orizaba Total,,,,,1,4,5008,10900
,,,Portland,OR,USA,08/08/2013,$10K - $30K,1,2,5957,10640
,,,,,,08/08/2013 Total,,1,2,5957,10640
,,,,,,26/10/2013,$70K - $90K,1,3,1754,12797
,,,,,,26/10/2013 Total,,1,3,1754,12797
,,,,,USA Total,,,2,5,7711,23437
,,,,OR Total,,,,2,5,7711,23437
,,,Portland Total,,,,,2,5,7711,23437
,,,Salem,OR,USA,27/01/2012,$10K - $30K,1,4,10026,241
,,,,,,27/01/2012 Total,,1,4,10026,241
,,,,,,17/04/2012,$10K - $30K,1,3,3243,1347
,,,,,,17/04/2012 Total,,1,3,3243,1347
,,,,,,25/04/2012,$50K - $70K,1,5,6021,1458
,,,,,,25/04/2012 Total,,1,5,6021,1458
,,,,,,27/05/2012,$30K - $50K,1,2,8269,1882
,,,,,,27/05/2012 Total,,1,2,8269,1882
,,,,,,14/11/2012,$90K - $110K,1,3,1193,3948
,,,,,,14/11/2012 Total,,1,3,1193,3948
,,,,,,23/11/2013,$70K - $90K,1,2,7243,13569
,,,,,,23/11/2013 Total,,1,2,7243,13569
,,,,,USA Total,,,6,19,35995,22445
,,,,OR Total,,,,6,19,35995,22445
,,,Salem Total,,,,,6,19,35995,22445
,,,San Andres,DF,Mexico,02/02/2013,$30K - $50K,1,6,8713,5559
,,,,,,02/02/2013 Total,,1,6,8713,5559
,,,,,,07/05/2013,$30K - $50K,1,4,6837,8121
,,,,,,07/05/2013 Total,,1,4,6837,8121
,,,,,Mexico Total,,,2,10,15550,13680
,,,,DF Total,,,,2,10,15550,13680
,,,San Andres Total,,,,,2,10,15550,13680
,,,San Diego,CA,USA,06/06/2012,$90K - $110K,1,2,3081,2005
,,,,,,06/06/2012 Total,,1,2,3081,2005
,,,,,,27/07/2013,$50K - $70K,1,6,2687,10326
,,,,,,27/07/2013 Total,,1,6,2687,10326
,,,,,USA Total,,,2,8,5768,12331
,,,,CA Total,,,,2,8,5768,12331
,,,San Diego Total,,,,,2,8,5768,12331
,,,Spokane,WA,USA,04/02/2013,$10K - $30K,1,3,2448,5592
,,,,,,04/02/2013 Total,,1,3,2448,5592
,,,,,,15/02/2013,$10K - $30K,1,4,4094,5915
,,,,,,15/02/2013 Total,,1,4,4094,5915
,,,,,USA Total,,,2,7,6542,11507
,,,,WA Total,,,,2,7,6542,11507
,,,Spokane Total,,,,,2,7,6542,11507
,,,Tacoma,WA,USA,13/09/2012,$10K - $30K,1,4,9469,3191
,,,,,,13/09/2012 Total,,1,4,9469,3191
,,,,,,18/09/2012,$30K - $50K,1,3,2942,3259
,,,,,,18/09/2012 Total,,1,3,2942,3259
,,,,,,15/12/2012,$70K - $90K,1,3,6560,4426
,,,,,,15/12/2012 Total,,1,3,6560,4426
,,,,,,13/01/2013,$50K - $70K,1,4,3239,5023
,,,,,,13/01/2013 Total,,1,4,3239,5023
,,,,,USA Total,,,4,14,22210,15899
,,,,WA Total,,,,4,14,22210,15899
,,,Tacoma Total,,,,,4,14,22210,15899
,,,Vancouver,BC,Canada,22/06/2013,$150K +,1,4,9464,9371
,,,,,,22/06/2013 Total,,1,4,9464,9371
,,,,,Canada Total,,,1,4,9464,9371
,,,,BC Total,,,,1,4,9464,9371
,,,Vancouver Total,,,,,1,4,9464,9371
,,,Victoria,BC,Canada,24/06/2013,$150K +,1,2,114,9411
,,,,,,24/06/2013 Total,,1,2,114,9411
,,,,,Canada Total,,,1,2,114,9411
,,,,BC Total,,,,1,2,114,9411
,,,Victoria Total,,,,,1,2,114,9411
,,S Total,,,,,,38,146,174451,232369
,F Total,,,,,,,86,340,408148,533928
,M,M,Acapulco,Guerrero,Mexico,21/01/2013,$30K - $50K,1,3,9887,5230
,,,,,,21/01/2013 Total,,1,3,9887,5230
,,,,,,23/03/2013,$50K - $70K,1,5,9942,6892
,,,,,,23/03/2013 Total,,1,5,9942,6892
,,,,,Mexico Total,,,2,8,19829,12122
,,,,Guerrero Total,,,,2,8,19829,12122
,,,Acapulco Total,,,,,2,8,19829,12122
,,,Bremerton,WA,USA,03/04/2012,$50K - $70K,1,6,4618,1144
,,,,,,03/04/2012 Total,,1,6,4618,1144
,,,,,,02/10/2012,$30K - $50K,1,4,7573,3398
,,,,,,02/10/2012 Total,,1,4,7573,3398
,,,,,USA Total,,,2,10,12191,4542
,,,,WA Total,,,,2,10,12191,4542
,,,Bremerton Total,,,,,2,10,12191,4542
,,,Camacho,Zacatecas,Mexico,16/07/2013,$110K - $130K,1,3,5672,10044
,,,,,,16/07/2013 Total,,1,3,5672,10044
,,,,,,10/08/2013,$50K - $70K,1,5,1295,10691
,,,,,,10/08/2013 Total,,1,5,1295,10691
,,,,,Mexico Total,,,2,8,6967,20735
,,,,Zacatecas Total,,,,2,8,6967,20735
,,,Camacho Total,,,,,2,8,6967,20735
,,,Guadalajara,Jalisco,Mexico,12/01/2013,$30K - $50K,1,4,1212,5012
,,,,,,12/01/2013 Total,,1,4,1212,5012
,,,,,Mexico Total,,,1,4,1212,5012
,,,,Jalisco Total,,,,1,4,1212,5012
,,,Guadalajara Total,,,,,1,4,1212,5012
,,,Hidalgo,Zacatecas,Mexico,16/01/2013,$90K - $110K,1,3,850,5098
,,,,,,16/01/2013 Total,,1,3,850,5098
,,,,,Mexico Total,,,1,3,850,5098
,,,,Zacatecas Total,,,,1,3,850,5098
,,,Hidalgo Total,,,,,1,3,850,5098
,,,Los Angeles,CA,USA,28/01/2012,$70K - $90K,1,6,8758,258
,,,,,,28/01/2012 Total,,1,6,8758,258
,,,,,,29/03/2012,$30K - $50K,1,4,3070,1069
,,,,,,29/03/2012 Total,,1,4,3070,1069
,,,,,,30/12/2012,$30K - $50K,1,6,2927,4689
,,,,,,30/12/2012 Total,,1,6,2927,4689
,,,,,USA Total,,,3,16,14755,6016
,,,,CA Total,,,,3,16,14755,6016
,,,Los Angeles Total,,,,,3,16,14755,6016
,,,Mexico City,DF,Mexico,07/05/2013,$10K - $30K,1,5,6080,8094
,,,,,,07/05/2013 Total,,1,5,6080,8094
,,,,,,27/06/2013,$70K - $90K,1,4,3396,9479
,,,,,,27/06/2013 Total,,1,4,3396,9479
,,,,,Mexico Total,,,2,9,9476,17573
,,,,DF Total,,,,2,9,9476,17573
,,,Mexico City Total,,,,,2,9,9476,17573
,,,Orizaba,Veracruz,Mexico,23/04/2013,$10K - $30K,1,3,2063,7732
,,,,,,23/04/2013 Total,,1,3,2063,7732
,,,,,,20/09/2013,$30K - $50K,1,3,5223,11770
,,,,,,20/09/2013 Total,,1,3,5223,11770
,,,,,Mexico Total,,,2,6,7286,19502
,,,,Veracruz Total,,,,2,6,7286,19502
,,,Orizaba Total,,,,,2,6,7286,19502
,,,Portland,OR,USA,31/05/2012,$70K - $90K,1,6,3101,1925
,,,,,,31/05/2012 Total,,1,6,3101,1925
,,,,,,31/05/2013,$30K - $50K,1,2,521,8766
,,,,,,31/05/2013 Total,,1,2,521,8766
,,,,,USA Total,,,2,8,3622,10691
,,,,OR Total,,,,2,8,3622,10691
,,,Portland Total,,,,,2,8,3622,10691
,,,Salem,OR,USA,07/07/2013,$10K - $30K,1,3,5809,9767
,,,,,,07/07/2013 Total,,1,3,5809,9767
,,,,,,24/09/2013,$10K - $30K,1,4,8015,11891
,,,,,,24/09/2013 Total,,1,4,8015,11891
,,,,,,30/11/2013,$10K - $30K,1,2,9491,13722
,,,,,,30/11/2013 Total,,1,2,9491,13722
,,,,,USA Total,,,3,9,23315,35380
,,,,OR Total,,,,3,9,23315,35380
,,,Salem Total,,,,,3,9,23315,35380
,,,San Diego,CA,USA,03/09/2012,$70K - $90K,1,5,7453,3067
,,,,,,03/09/2012 Total,,1,5,7453,3067
,,,,,,13/10/2012,$50K - $70K,1,5,7980,3561
,,,,,,13/10/2012 Total,,1,5,7980,3561
,,,,,,20/10/2012,$30K - $50K,1,5,3512,3634
,,,,,,20/10/2012 Total,,1,5,3512,3634
,,,,,USA Total,,,3,15,18945,10262
,,,,CA Total,,,,3,15,18945,10262
,,,San Diego Total,,,,,3,15,18945,10262
,,,San Francisco,CA,USA,22/05/2013,$70K - $90K,1,3,2408,8501
,,,,,,22/05/2013 Total,,1,3,2408,8501
,,,,,USA Total,,,1,3,2408,8501
,,,,CA Total,,,,1,3,2408,8501
,,,San Francisco Total,,,,,1,3,2408,8501
,,,Seattle,WA,USA,31/12/2012,$10K - $30K,1,4,7129,4727
,,,,,,31/12/2012 Total,,1,4,7129,4727
,,,,,,20/07/2013,$70K - $90K,1,4,5645,10158
,,,,,,20/07/2013 Total,,1,4,5645,10158
,,,,,USA Total,,,2,8,12774,14885
,,,,WA Total,,,,2,8,12774,14885
,,,Seattle Total,,,,,2,8,12774,14885
,,,Spokane,WA,USA,27/02/2012,$10K - $30K,1,3,9897,609
,,,,,,27/02/2012 Total,,1,3,9897,609
,,,,,,04/01/2013,$70K - $90K,1,6,3567,4805
,,,,,,04/01/2013 Total,,1,6,3567,4805
,,,,,USA Total,,,2,9,13464,5414
,,,,WA Total,,,,2,9,13464,5414
,,,Spokane Total,,,,,2,9,13464,5414
,,,Tacoma,WA,USA,24/10/2012,$70K - $90K,1,4,8254,3676
,,,,,,24/10/2012 Total,,1,4,8254,3676
,,,,,,23/11/2012,$30K - $50K,1,4,8199,4086
,,,,,,23/11/2012 Total,,1,4,8199,4086
,,,,,,06/06/2013,$110K - $130K,1,4,9366,8937
,,,,,,06/06/2013 Total,,1,4,9366,8937
,,,,,,07/07/2013,$70K - $90K,1,4,8777,9755
,,,,,,07/07/2013 Total,,1,4,8777,9755
,,,,,,25/08/2013,$10K - $30K,1,6,9309,11093
,,,,,,25/08/2013 Total,,1,6,9309,11093
,,,,,,23/09/2013,$30K - $50K,1,4,2511,11874
,,,,,,23/09/2013 Total,,1,4,2511,11874
,,,,,,09/10/2013,$90K - $110K,1,5,6372,12307
,,,,,,09/10/2013 Total,,1,5,6372,12307
,,,,,USA Total,,,7,31,52788,61728
,,,,WA Total,,,,7,31,52788,61728
,,,Tacoma Total,,,,,7,31,52788,61728
,,,Victoria,BC,Canada,31/05/2013,$50K - $70K,1,5,1843,8786
,,,,,,31/05/2013 Total,,1,5,1843,8786
,,,,,Canada Total,,,1,5,1843,8786
,,,,BC Total,,,,1,5,1843,8786
,,,Victoria Total,,,,,1,5,1843,8786
,,,Walla Walla,WA,USA,27/09/2013,$10K - $30K,1,2,9321,11991
,,,,,,27/09/2013 Total,,1,2,9321,11991
,,,,,USA Total,,,1,2,9321,11991
,,,,WA Total,,,,1,2,9321,11991
,,,Walla Walla Total,,,,,1,2,9321,11991
,,,Yakima,WA,USA,25/02/2012,$30K - $50K,1,3,5568,591
,,,,,,25/02/2012 Total,,1,3,5568,591
,,,,,USA Total,,,1,3,5568,591
,,,,WA Total,,,,1,3,5568,591
,,,Yakima Total,,,,,1,3,5568,591
,,M Total,,,,,,38,157,216614,258829
,,S,Acapulco,Guerrero,Mexico,05/06/2013,$110K - $130K,1,3,1174,8899
,,,,,,05/06/2013 Total,,1,3,1174,8899
,,,,,Mexico Total,,,1,3,1174,8899
,,,,Guerrero Total,,,,1,3,1174,8899
,,,Acapulco Total,,,,,1,3,1174,8899
,,,Bellingham,WA,USA,05/01/2013,$50K - $70K,1,3,2518,4833
,,,,,,05/01/2013 Total,,1,3,2518,4833
,,,,,USA Total,,,1,3,2518,4833
,,,,WA Total,,,,1,3,2518,4833
,,,Bellingham Total,,,,,1,3,2518,4833
,,,Beverly Hills,CA,USA,22/06/2012,$30K - $50K,1,4,6429,2182
,,,,,,22/06/2012 Total,,1,4,6429,2182
,,,,,USA Total,,,1,4,6429,2182
,,,,CA Total,,,,1,4,6429,2182
,,,Beverly Hills Total,,,,,1,4,6429,2182
,,,Bremerton,WA,USA,29/08/2012,$30K - $50K,1,3,9184,3008
,,,,,,29/08/2012 Total,,1,3,9184,3008
,,,,,,16/04/2013,$30K - $50K,1,3,4693,7528
,,,,,,16/04/2013 Total,,1,3,4693,7528
,,,,,USA Total,,,2,6,13877,10536
,,,,WA Total,,,,2,6,13877,10536
,,,Bremerton Total,,,,,2,6,13877,10536
,,,Camacho,Zacatecas,Mexico,12/02/2013,$30K - $50K,1,3,1812,5834
,,,,,,12/02/2013 Total,,1,3,1812,5834
,,,,,Mexico Total,,,1,3,1812,5834
,,,,Zacatecas Total,,,,1,3,1812,5834
,,,Camacho Total,,,,,1,3,1812,5834
,,,Hidalgo,Zacatecas,Mexico,08/06/2013,$30K - $50K,1,4,5478,8997
,,,,,,08/06/2013 Total,,1,4,5478,8997
,,,,,,14/09/2013,$70K - $90K,1,4,6311,11619
,,,,,,14/09/2013 Total,,1,4,6311,11619
,,,,,,26/10/2013,$10K - $30K,1,5,8915,12793
,,,,,,26/10/2013 Total,,1,5,8915,12793
,,,,,Mexico Total,,,3,13,20704,33409
,,,,Zacatecas Total,,,,3,13,20704,33409
,,,Hidalgo Total,,,,,3,13,20704,33409
,,,Los Angeles,CA,USA,22/04/2012,$30K - $50K,1,4,1549,1426
,,,,,,22/04/2012 Total,,1,4,1549,1426
,,,,,,30/10/2012,$90K - $110K,1,4,8159,3764
,,,,,,30/10/2012 Total,,1,4,8159,3764
,,,,,,22/07/2013,$110K - $130K,1,6,2254,10201
,,,,,,22/07/2013 Total,,1,6,2254,10201
,,,,,USA Total,,,3,14,11962,15391
,,,,CA Total,,,,3,14,11962,15391
,,,Los Angeles Total,,,,,3,14,11962,15391
,,,Mexico City,DF,Mexico,13/06/2013,$10K - $30K,1,3,4101,9116
,,,,,,13/06/2013 Total,,1,3,4101,9116
,,,,,Mexico Total,,,1,3,4101,9116
,,,,DF Total,,,,1,3,4101,9116
,,,Mexico City Total,,,,,1,3,4101,9116
,,,Orizaba,Veracruz,Mexico,07/09/2013,$50K - $70K,1,5,1183,11404
,,,,,,07/09/2013 Total,,1,5,1183,11404
,,,,,Mexico Total,,,1,5,1183,11404
,,,,Veracruz Total,,,,1,5,1183,11404
,,,Orizaba Total,,,,,1,5,1183,11404
,,,Portland,OR,USA,08/06/2012,$10K - $30K,1,4,7362,2023
,,,,,,08/06/2012 Total,,1,4,7362,2023
,,,,,,22/05/2013,$50K - $70K,1,3,2496,8504
,,,,,,22/05/2013 Total,,1,3,2496,8504
,,,,,,31/12/2013,$30K - $50K,1,4,250,14057
,,,,,,31/12/2013 Total,,1,4,250,14057
,,,,,USA Total,,,3,11,10108,24584
,,,,OR Total,,,,3,11,10108,24584
,,,Portland Total,,,,,3,11,10108,24584
,,,Salem,OR,USA,06/04/2012,$30K - $50K,1,4,8843,1184
,,,,,,06/04/2012 Total,,1,4,8843,1184
,,,,,,16/05/2012,$10K - $30K,1,4,901,1735
,,,,,,16/05/2012 Total,,1,4,901,1735
,,,,,,29/08/2012,$70K - $90K,1,3,1611,3013
,,,,,,29/08/2012 Total,,1,3,1611,3013
,,,,,,01/10/2012,$10K - $30K,1,5,9144,3394
,,,,,,01/10/2012 Total,,1,5,9144,3394
,,,,,,10/01/2013,$30K - $50K,1,3,750,4950
,,,,,,10/01/2013 Total,,1,3,750,4950
,,,,,,13/02/2013,$30K - $50K,1,3,6607,5858
,,,,,,13/02/2013 Total,,1,3,6607,5858
,,,,,,12/05/2013,$30K - $50K,1,5,5982,8243
,,,,,,12/05/2013 Total,,1,5,5982,8243
,,,,,,18/07/2013,$70K - $90K,1,4,8298,10088
,,,,,,18/07/2013 Total,,1,4,8298,10088
,,,,,,23/07/2013,$30K - $50K,1,4,994,10227
,,,,,,23/07/2013 Total,,1,4,994,10227
,,,,,USA Total,,,9,35,43130,48692
,,,,OR Total,,,,9,35,43130,48692
,,,Salem Total,,,,,9,35,43130,48692
,,,San Diego,CA,USA,26/04/2012,$10K - $30K,1,5,9281,1479
,,,,,,26/04/2012 Total,,1,5,9281,1479
,,,,,USA Total,,,1,5,9281,1479
,,,,CA Total,,,,1,5,9281,1479
,,,San Diego Total,,,,,1,5,9281,1479
,,,San Francisco,CA,USA,12/02/2013,$30K - $50K,1,1,394,5841
,,,,,,12/02/2013 Total,,1,1,394,5841
,,,,,USA Total,,,1,1,394,5841
,,,,CA Total,,,,1,1,394,5841
,,,San Francisco Total,,,,,1,1,394,5841
,,,Seattle,WA,USA,20/06/2012,$130K - $150K,1,4,1675,2147
,,,,,,20/06/2012 Total,,1,4,1675,2147
,,,,,,04/06/2013,$50K - $70K,1,2,5271,8863
,,,,,,04/06/2013 Total,,1,2,5271,8863
,,,,,,20/11/2013,$70K - $90K,1,6,7505,13489
,,,,,,20/11/2013 Total,,1,6,7505,13489
,,,,,USA Total,,,3,12,14451,24499
,,,,WA Total,,,,3,12,14451,24499
,,,Seattle Total,,,,,3,12,14451,24499
,,,Spokane,WA,USA,15/06/2012,$130K - $150K,1,5,4767,2088
,,,,,,15/06/2012 Total,,1,5,4767,2088
,,,,,,03/01/2013,$30K - $50K,1,3,4397,4777
,,,,,,03/01/2013 Total,,1,3,4397,4777
,,,,,,05/10/2013,$10K - $30K,1,3,7502,12202
,,,,,,05/10/2013 Total,,1,3,7502,12202
,,,,,USA Total,,,3,11,16666,19067
,,,,WA Total,,,,3,11,16666,19067
,,,Spokane Total,,,,,3,11,16666,19067
,,,Tacoma,WA,USA,05/04/2012,$70K - $90K,1,4,7526,1175
,,,,,,05/04/2012 Total,,1,4,7526,1175
,,,,,,30/07/2012,$30K - $50K,1,4,4315,2637
,,,,,,30/07/2012 Total,,1,4,4315,2637
,,,,,,13/09/2012,$30K - $50K,1,3,5895,3198
,,,,,,13/09/2012 Total,,1,3,5895,3198
,,,,,USA Total,,,3,11,17736,7010
,,,,WA Total,,,,3,11,17736,7010
,,,Tacoma Total,,,,,3,11,17736,7010
,,,Vancouver,BC,Canada,19/08/2013,$130K - $150K,1,5,10071,10926
,,,,,,19/08/2013 Total,,1,5,10071,10926
,,,,,,17/10/2013,$30K - $50K,1,4,10047,12531
,,,,,,17/10/2013 Total,,1,4,10047,12531
,,,,,Canada Total,,,2,9,20118,23457
,,,,BC Total,,,,2,9,20118,23457
,,,Vancouver Total,,,,,2,9,20118,23457
,,,Yakima,WA,USA,13/06/2012,$50K - $70K,1,4,7190,2075
,,,,,,13/06/2012 Total,,1,4,7190,2075
,,,,,,01/11/2013,$30K - $50K,1,5,9176,12933
,,,,,,01/11/2013 Total,,1,5,9176,12933
,,,,,USA Total,,,2,9,16366,15008
,,,,WA Total,,,,2,9,16366,15008
,,,Yakima Total,,,,,2,9,16366,15008
,,S Total,,,,,,41,158,212010,271241
,M Total,,,,,,,79,315,428624,530070
Pure Juice Beverages Total,,,,,,,,165,655,836772,1063998
Seafood,F,M,Acapulco,Guerrero,Mexico,12/01/2013,$30K - $50K,1,5,2634,5011
,,,,,,12/01/2013 Total,,1,5,2634,5011
,,,,,,19/08/2013,$150K +,1,5,4040,10929
,,,,,,19/08/2013 Total,,1,5,4040,10929
,,,,,,22/09/2013,$30K - $50K,1,2,1788,11847
,,,,,,22/09/2013 Total,,1,2,1788,11847
,,,,,,06/12/2013,$50K - $70K,1,5,5284,13838
,,,,,,06/12/2013 Total,,1,5,5284,13838
,,,,,Mexico Total,,,4,17,13746,41625
,,,,Guerrero Total,,,,4,17,13746,41625
,,,Acapulco Total,,,,,4,17,13746,41625
,,,Camacho,Zacatecas,Mexico,22/03/2013,$30K - $50K,1,4,1038,6863
,,,,,,22/03/2013 Total,,1,4,1038,6863
,,,,,,07/05/2013,$130K - $150K,1,4,3174,8093
,,,,,,07/05/2013 Total,,1,4,3174,8093
,,,,,Mexico Total,,,2,8,4212,14956
,,,,Zacatecas Total,,,,2,8,4212,14956
,,,Camacho Total,,,,,2,8,4212,14956
,,,Hidalgo,Zacatecas,Mexico,22/08/2013,$10K - $30K,1,3,4256,11001
,,,,,,22/08/2013 Total,,1,3,4256,11001
,,,,,,24/09/2013,$110K - $130K,1,5,3808,11896
,,,,,,24/09/2013 Total,,1,5,3808,11896
,,,,,,22/11/2013,$130K - $150K,1,4,8522,13528
,,,,,,22/11/2013 Total,,1,4,8522,13528
,,,,,Mexico Total,,,3,12,16586,36425
,,,,Zacatecas Total,,,,3,12,16586,36425
,,,Hidalgo Total,,,,,3,12,16586,36425
,,,Los Angeles,CA,USA,20/12/2012,$10K - $30K,1,5,7672,4497
,,,,,,20/12/2012 Total,,1,5,7672,4497
,,,,,USA Total,,,1,5,7672,4497
,,,,CA Total,,,,1,5,7672,4497
,,,Los Angeles Total,,,,,1,5,7672,4497
,,,Merida,Yucatan,Mexico,24/10/2013,$70K - $90K,1,4,5665,12716
,,,,,,24/10/2013 Total,,1,4,5665,12716
,,,,,Mexico Total,,,1,4,5665,12716
,,,,Yucatan Total,,,,1,4,5665,12716
,,,Merida Total,,,,,1,4,5665,12716
,,,Orizaba,Veracruz,Mexico,16/05/2013,$30K - $50K,1,4,5071,8351
,,,,,,16/05/2013 Total,,1,4,5071,8351
,,,,,,21/09/2013,$10K - $30K,1,6,1013,11807
,,,,,,21/09/2013 Total,,1,6,1013,11807
,,,,,Mexico Total,,,2,10,6084,20158
,,,,Veracruz Total,,,,2,10,6084,20158
,,,Orizaba Total,,,,,2,10,6084,20158
,,,Portland,OR,USA,12/05/2012,$30K - $50K,1,5,9225,1688
,,,,,,12/05/2012 Total,,1,5,9225,1688
,,,,,,08/07/2012,$30K - $50K,1,6,9535,2365
,,,,,,08/07/2012 Total,,1,6,9535,2365
,,,,,USA Total,,,2,11,18760,4053
,,,,OR Total,,,,2,11,18760,4053
,,,Portland Total,,,,,2,11,18760,4053
,,,Salem,OR,USA,10/11/2012,$50K - $70K,1,5,9812,3901
,,,,,,10/11/2012 Total,,1,5,9812,3901
,,,,,,23/03/2013,$130K - $150K,1,2,6997,6872
,,,,,,23/03/2013 Total,,1,2,6997,6872
,,,,,,08/07/2013,$10K - $30K,1,3,1524,9806
,,,,,,08/07/2013 Total,,1,3,1524,9806
,,,,,USA Total,,,3,10,18333,20579
,,,,OR Total,,,,3,10,18333,20579
,,,Salem Total,,,,,3,10,18333,20579
,,,San Andres,DF,Mexico,25/10/2013,$70K - $90K,1,2,3406,12766
,,,,,,25/10/2013 Total,,1,2,3406,12766
,,,,,Mexico Total,,,1,2,3406,12766
,,,,DF Total,,,,1,2,3406,12766
,,,San Andres Total,,,,,1,2,3406,12766
,,,Spokane,WA,USA,01/12/2012,$70K - $90K,1,5,8511,4190
,,,,,,01/12/2012 Total,,1,5,8511,4190
,,,,,USA Total,,,1,5,8511,4190
,,,,WA Total,,,,1,5,8511,4190
,,,Spokane Total,,,,,1,5,8511,4190
,,,Tacoma,WA,USA,25/02/2012,$50K - $70K,1,5,9064,587
,,,,,,25/02/2012 Total,,1,5,9064,587
,,,,,USA Total,,,1,5,9064,587
,,,,WA Total,,,,1,5,9064,587
,,,Tacoma Total,,,,,1,5,9064,587
,,,Vancouver,BC,Canada,03/02/2013,$70K - $90K,1,4,7245,5568
,,,,,,03/02/2013 Total,,1,4,7245,5568
,,,,,,23/02/2013,$130K - $150K,1,3,5577,6150
,,,,,,23/02/2013 Total,,1,3,5577,6150
,,,,,Canada Total,,,2,7,12822,11718
,,,,BC Total,,,,2,7,12822,11718
,,,Vancouver Total,,,,,2,7,12822,11718
,,,Walla Walla,WA,USA,25/05/2012,$30K - $50K,1,2,7133,1848
,,,,,,25/05/2012 Total,,1,2,7133,1848
,,,,,USA Total,,,1,2,7133,1848
,,,,WA Total,,,,1,2,7133,1848
,,,Walla Walla Total,,,,,1,2,7133,1848
,,,Yakima,WA,USA,22/02/2012,$70K - $90K,1,2,2547,554
,,,,,,22/02/2012 Total,,1,2,2547,554
,,,,,,22/05/2012,$90K - $110K,1,3,7052,1823
,,,,,,22/05/2012 Total,,1,3,7052,1823
,,,,,USA Total,,,2,5,9599,2377
,,,,WA Total,,,,2,5,9599,2377
,,,Yakima Total,,,,,2,5,9599,2377
,,M Total,,,,,,26,103,141593,188495
,,S,Acapulco,Guerrero,Mexico,25/03/2013,$30K - $50K,1,4,8294,6929
,,,,,,25/03/2013 Total,,1,4,8294,6929
,,,,,Mexico Total,,,1,4,8294,6929
,,,,Guerrero Total,,,,1,4,8294,6929
,,,Acapulco Total,,,,,1,4,8294,6929
,,,Beverly Hills,CA,USA,16/05/2012,$50K - $70K,1,4,4188,1737
,,,,,,16/05/2012 Total,,1,4,4188,1737
,,,,,,10/11/2013,$30K - $50K,1,4,1966,13202
,,,,,,10/11/2013 Total,,1,4,1966,13202
,,,,,USA Total,,,2,8,6154,14939
,,,,CA Total,,,,2,8,6154,14939
,,,Beverly Hills Total,,,,,2,8,6154,14939
,,,Bremerton,WA,USA,12/04/2012,$30K - $50K,1,5,3476,1258
,,,,,,12/04/2012 Total,,1,5,3476,1258
,,,,,,30/05/2013,$10K - $30K,1,4,2507,8748
,,,,,,30/05/2013 Total,,1,4,2507,8748
,,,,,USA Total,,,2,9,5983,10006
,,,,WA Total,,,,2,9,5983,10006
,,,Bremerton Total,,,,,2,9,5983,10006
,,,Camacho,Zacatecas,Mexico,26/03/2013,$70K - $90K,1,4,7121,6963
,,,,,,26/03/2013 Total,,1,4,7121,6963
,,,,,Mexico Total,,,1,4,7121,6963
,,,,Zacatecas Total,,,,1,4,7121,6963
,,,Camacho Total,,,,,1,4,7121,6963
,,,Hidalgo,Zacatecas,Mexico,19/05/2013,$30K - $50K,1,4,7016,8426
,,,,,,19/05/2013 Total,,1,4,7016,8426
,,,,,Mexico Total,,,1,4,7016,8426
,,,,Zacatecas Total,,,,1,4,7016,8426
,,,Hidalgo Total,,,,,1,4,7016,8426
,,,Los Angeles,CA,USA,27/03/2012,$70K - $90K,1,4,1750,1021
,,,,,,27/03/2012 Total,,1,4,1750,1021
,,,,,,12/04/2012,$10K - $30K,1,4,1128,1266
,,,,,,12/04/2012 Total,,1,4,1128,1266
,,,,,,10/11/2012,$30K - $50K,1,4,2524,3902
,,,,,,10/11/2012 Total,,1,4,2524,3902
,,,,,,28/09/2013,$50K - $70K,1,4,3003,12012
,,,,,,28/09/2013 Total,,1,4,3003,12012
,,,,,USA Total,,,4,16,8405,18201
,,,,CA Total,,,,4,16,8405,18201
,,,Los Angeles Total,,,,,4,16,8405,18201
,,,Merida,Yucatan,Mexico,05/01/2013,$30K - $50K,1,3,1593,4834
,,,,,,05/01/2013 Total,,1,3,1593,4834
,,,,,,26/01/2013,$90K - $110K,1,3,9450,5364
,,,,,,26/01/2013 Total,,1,3,9450,5364
,,,,,,13/02/2013,$50K - $70K,1,4,5129,5851
,,,,,,13/02/2013 Total,,1,4,5129,5851
,,,,,,27/02/2013,$30K - $50K,1,5,4068,6257
,,,,,,27/02/2013 Total,,1,5,4068,6257
,,,,,Mexico Total,,,4,15,20240,22306
,,,,Yucatan Total,,,,4,15,20240,22306
,,,Merida Total,,,,,4,15,20240,22306
,,,Mexico City,DF,Mexico,08/08/2013,$10K - $30K,1,3,5727,10647
,,,,,,08/08/2013 Total,,1,3,5727,10647
,,,,,,16/11/2013,$30K - $50K,1,2,6837,13374
,,,,,,16/11/2013 Total,,1,2,6837,13374
,,,,,Mexico Total,,,2,5,12564,24021
,,,,DF Total,,,,2,5,12564,24021
,,,Mexico City Total,,,,,2,5,12564,24021
,,,Orizaba,Veracruz,Mexico,08/08/2013,$30K - $50K,1,4,670,10620
,,,,,,08/08/2013 Total,,1,4,670,10620
,,,,,,16/10/2013,$30K - $50K,1,3,1550,12504
,,,,,,16/10/2013 Total,,1,3,1550,12504
,,,,,,26/11/2013,$30K - $50K,1,5,5008,13619
,,,,,,26/11/2013 Total,,1,5,5008,13619
,,,,,Mexico Total,,,3,12,7228,36743
,,,,Veracruz Total,,,,3,12,7228,36743
,,,Orizaba Total,,,,,3,12,7228,36743
,,,Portland,OR,USA,18/03/2012,$30K - $50K,1,5,9860,905
,,,,,,18/03/2012 Total,,1,5,9860,905
,,,,,,30/09/2012,$30K - $50K,1,4,3178,3381
,,,,,,30/09/2012 Total,,1,4,3178,3381
,,,,,USA Total,,,2,9,13038,4286
,,,,OR Total,,,,2,9,13038,4286
,,,Portland Total,,,,,2,9,13038,4286
,,,Salem,OR,USA,21/06/2012,$130K - $150K,1,3,1897,2173
,,,,,,21/06/2012 Total,,1,3,1897,2173
,,,,,,05/07/2012,$50K - $70K,1,2,7262,2341
,,,,,,05/07/2012 Total,,1,2,7262,2341
,,,,,USA Total,,,2,5,9159,4514
,,,,OR Total,,,,2,5,9159,4514
,,,Salem Total,,,,,2,5,9159,4514
,,,San Diego,CA,USA,01/10/2012,$70K - $90K,1,4,3139,3389
,,,,,,01/10/2012 Total,,1,4,3139,3389
,,,,,,31/07/2013,$10K - $30K,1,5,1357,10429
,,,,,,31/07/2013 Total,,1,5,1357,10429
,,,,,USA Total,,,2,9,4496,13818
,,,,CA Total,,,,2,9,4496,13818
,,,San Diego Total,,,,,2,9,4496,13818
,,,San Francisco,CA,USA,12/04/2012,$30K - $50K,1,3,7956,1270
,,,,,,12/04/2012 Total,,1,3,7956,1270
,,,,,USA Total,,,1,3,7956,1270
,,,,CA Total,,,,1,3,7956,1270
,,,San Francisco Total,,,,,1,3,7956,1270
,,,Seattle,WA,USA,24/02/2012,$110K - $130K,1,3,9129,572
,,,,,,24/02/2012 Total,,1,3,9129,572
,,,,,,14/08/2012,$30K - $50K,1,3,2907,2830
,,,,,,14/08/2012 Total,,1,3,2907,2830
,,,,,,28/11/2012,$110K - $130K,1,4,7842,4155
,,,,,,28/11/2012 Total,,1,4,7842,4155
,,,,,,03/01/2013,$30K - $50K,1,6,8173,4783
,,,,,,03/01/2013 Total,,1,6,8173,4783
,,,,,USA Total,,,4,16,28051,12340
,,,,WA Total,,,,4,16,28051,12340
,,,Seattle Total,,,,,4,16,28051,12340
,,,Spokane,WA,USA,28/02/2013,$30K - $50K,1,4,1720,6292
,,,,,,28/02/2013 Total,,1,4,1720,6292
,,,,,USA Total,,,1,4,1720,6292
,,,,WA Total,,,,1,4,1720,6292
,,,Spokane Total,,,,,1,4,1720,6292
,,,Vancouver,BC,Canada,15/04/2013,$10K - $30K,1,5,3904,7485
,,,,,,15/04/2013 Total,,1,5,3904,7485
,,,,,,05/05/2013,$30K - $50K,1,4,6533,8045
,,,,,,05/05/2013 Total,,1,4,6533,8045
,,,,,Canada Total,,,2,9,10437,15530
,,,,BC Total,,,,2,9,10437,15530
,,,Vancouver Total,,,,,2,9,10437,15530
,,S Total,,,,,,34,132,157862,206584
,F Total,,,,,,,60,235,299455,395079
,M,M,Beverly Hills,CA,USA,15/12/2012,$30K - $50K,1,3,8930,4421
,,,,,,15/12/2012 Total,,1,3,8930,4421
,,,,,USA Total,,,1,3,8930,4421
,,,,CA Total,,,,1,3,8930,4421
,,,Beverly Hills Total,,,,,1,3,8930,4421
,,,Bremerton,WA,USA,29/07/2013,$150K +,1,4,7220,10365
,,,,,,29/07/2013 Total,,1,4,7220,10365
,,,,,USA Total,,,1,4,7220,10365
,,,,WA Total,,,,1,4,7220,10365
,,,Bremerton Total,,,,,1,4,7220,10365
,,,Guadalajara,Jalisco,Mexico,27/09/2013,$30K - $50K,1,3,8183,11985
,,,,,,27/09/2013 Total,,1,3,8183,11985
,,,,,Mexico Total,,,1,3,8183,11985
,,,,Jalisco Total,,,,1,3,8183,11985
,,,Guadalajara Total,,,,,1,3,8183,11985
,,,Hidalgo,Zacatecas,Mexico,06/09/2013,$130K - $150K,1,5,1612,11391
,,,,,,06/09/2013 Total,,1,5,1612,11391
,,,,,Mexico Total,,,1,5,1612,11391
,,,,Zacatecas Total,,,,1,5,1612,11391
,,,Hidalgo Total,,,,,1,5,1612,11391
,,,Los Angeles,CA,USA,28/08/2013,$30K - $50K,1,3,9403,11160
,,,,,,28/08/2013 Total,,1,3,9403,11160
,,,,,USA Total,,,1,3,9403,11160
,,,,CA Total,,,,1,3,9403,11160
,,,Los Angeles Total,,,,,1,3,9403,11160
,,,Portland,OR,USA,17/10/2012,$10K - $30K,1,5,3873,3612
,,,,,,17/10/2012 Total,,1,5,3873,3612
,,,,,USA Total,,,1,5,3873,3612
,,,,OR Total,,,,1,5,3873,3612
,,,Portland Total,,,,,1,5,3873,3612
,,,Salem,OR,USA,07/08/2012,$30K - $50K,1,4,6904,2744
,,,,,,07/08/2012 Total,,1,4,6904,2744
,,,,,USA Total,,,1,4,6904,2744
,,,,OR Total,,,,1,4,6904,2744
,,,Salem Total,,,,,1,4,6904,2744
,,,San Andres,DF,Mexico,04/10/2013,$70K - $90K,1,6,5029,12168
,,,,,,04/10/2013 Total,,1,6,5029,12168
,,,,,Mexico Total,,,1,6,5029,12168
,,,,DF Total,,,,1,6,5029,12168
,,,San Andres Total,,,,,1,6,5029,12168
,,,San Francisco,CA,USA,13/07/2013,$30K - $50K,1,2,7613,9941
,,,,,,13/07/2013 Total,,1,2,7613,9941
,,,,,USA Total,,,1,2,7613,9941
,,,,CA Total,,,,1,2,7613,9941
,,,San Francisco Total,,,,,1,2,7613,9941
,,,Seattle,WA,USA,04/05/2012,$10K - $30K,1,5,1110,1575
,,,,,,04/05/2012 Total,,1,5,1110,1575
,,,,,,18/06/2012,$130K - $150K,1,3,7099,2128
,,,,,,18/06/2012 Total,,1,3,7099,2128
,,,,,,27/11/2013,$30K - $50K,1,4,6729,13659
,,,,,,27/11/2013 Total,,1,4,6729,13659
,,,,,USA Total,,,3,12,14938,17362
,,,,WA Total,,,,3,12,14938,17362
,,,Seattle Total,,,,,3,12,14938,17362
,,,Spokane,WA,USA,05/02/2012,$70K - $90K,1,3,3567,360
,,,,,,05/02/2012 Total,,1,3,3567,360
,,,,,,22/03/2013,$10K - $30K,1,5,9728,6864
,,,,,,22/03/2013 Total,,1,5,9728,6864
,,,,,,14/09/2013,$30K - $50K,1,6,2663,11611
,,,,,,14/09/2013 Total,,1,6,2663,11611
,,,,,USA Total,,,3,14,15958,18835
,,,,WA Total,,,,3,14,15958,18835
,,,Spokane Total,,,,,3,14,15958,18835
,,,Tacoma,WA,USA,31/12/2011,$10K - $30K,1,4,8466,33
,,,,,,31/12/2011 Total,,1,4,8466,33
,,,,,,04/04/2013,$30K - $50K,1,4,6061,7216
,,,,,,04/04/2013 Total,,1,4,6061,7216
,,,,,,26/07/2013,$30K - $50K,1,5,587,10300
,,,,,,26/07/2013 Total,,1,5,587,10300
,,,,,,13/08/2013,$70K - $90K,1,4,2295,10789
,,,,,,13/08/2013 Total,,1,4,2295,10789
,,,,,USA Total,,,4,17,17409,28338
,,,,WA Total,,,,4,17,17409,28338
,,,Tacoma Total,,,,,4,17,17409,28338
,,M Total,,,,,,19,78,107072,142322
,,S,Beverly Hills,CA,USA,08/08/2013,$50K - $70K,1,6,7560,10641
,,,,,,08/08/2013 Total,,1,6,7560,10641
,,,,,USA Total,,,1,6,7560,10641
,,,,CA Total,,,,1,6,7560,10641
,,,Beverly Hills Total,,,,,1,6,7560,10641
,,,Camacho,Zacatecas,Mexico,21/01/2013,$50K - $70K,1,5,5124,5221
,,,,,,21/01/2013 Total,,1,5,5124,5221
,,,,,,20/05/2013,$30K - $50K,1,4,1812,8456
,,,,,,20/05/2013 Total,,1,4,1812,8456
,,,,,Mexico Total,,,2,9,6936,13677
,,,,Zacatecas Total,,,,2,9,6936,13677
,,,Camacho Total,,,,,2,9,6936,13677
,,,Hidalgo,Zacatecas,Mexico,11/05/2013,$10K - $30K,1,6,4386,8229
,,,,,,11/05/2013 Total,,1,6,4386,8229
,,,,,Mexico Total,,,1,6,4386,8229
,,,,Zacatecas Total,,,,1,6,4386,8229
,,,Hidalgo Total,,,,,1,6,4386,8229
,,,Merida,Yucatan,Mexico,12/10/2013,$150K +,1,5,6679,12389
,,,,,,12/10/2013 Total,,1,5,6679,12389
,,,,,Mexico Total,,,1,5,6679,12389
,,,,Yucatan Total,,,,1,5,6679,12389
,,,Merida Total,,,,,1,5,6679,12389
,,,Mexico City,DF,Mexico,03/08/2013,$30K - $50K,1,3,7934,10512
,,,,,,03/08/2013 Total,,1,3,7934,10512
,,,,,Mexico Total,,,1,3,7934,10512
,,,,DF Total,,,,1,3,7934,10512
,,,Mexico City Total,,,,,1,3,7934,10512
,,,Orizaba,Veracruz,Mexico,26/07/2013,$30K - $50K,1,7,2229,10314
,,,,,,26/07/2013 Total,,1,7,2229,10314
,,,,,Mexico Total,,,1,7,2229,10314
,,,,Veracruz Total,,,,1,7,2229,10314
,,,Orizaba Total,,,,,1,7,2229,10314
,,,San Andres,DF,Mexico,11/03/2013,$50K - $70K,1,4,5069,6596
,,,,,,11/03/2013 Total,,1,4,5069,6596
,,,,,Mexico Total,,,1,4,5069,6596
,,,,DF Total,,,,1,4,5069,6596
,,,San Andres Total,,,,,1,4,5069,6596
,,,San Diego,CA,USA,05/04/2013,$30K - $50K,1,4,9909,7231
,,,,,,05/04/2013 Total,,1,4,9909,7231
,,,,,,19/05/2013,$30K - $50K,1,6,796,8425
,,,,,,19/05/2013 Total,,1,6,796,8425
,,,,,USA Total,,,2,10,10705,15656
,,,,CA Total,,,,2,10,10705,15656
,,,San Diego Total,,,,,2,10,10705,15656
,,,Seattle,WA,USA,22/10/2012,$30K - $50K,1,3,9417,3655
,,,,,,22/10/2012 Total,,1,3,9417,3655
,,,,,,31/10/2012,$10K - $30K,1,7,1089,3775
,,,,,,31/10/2012 Total,,1,7,1089,3775
,,,,,,05/01/2013,$150K +,1,4,9999,4820
,,,,,,05/01/2013 Total,,1,4,9999,4820
,,,,,,08/05/2013,$50K - $70K,1,6,45,8151
,,,,,,08/05/2013 Total,,1,6,45,8151
,,,,,,24/05/2013,$150K +,1,4,9999,8569
,,,,,,24/05/2013 Total,,1,4,9999,8569
,,,,,USA Total,,,5,24,30549,28970
,,,,WA Total,,,,5,24,30549,28970
,,,Seattle Total,,,,,5,24,30549,28970
,,,Spokane,WA,USA,22/07/2012,$70K - $90K,1,4,3692,2547
,,,,,,22/07/2012 Total,,1,4,3692,2547
,,,,,,01/03/2013,$30K - $50K,1,2,1297,6335
,,,,,,01/03/2013 Total,,1,2,1297,6335
,,,,,USA Total,,,2,6,4989,8882
,,,,WA Total,,,,2,6,4989,8882
,,,Spokane Total,,,,,2,6,4989,8882
,,,Tacoma,WA,USA,28/04/2012,$10K - $30K,1,4,5038,1498
,,,,,,28/04/2012 Total,,1,4,5038,1498
,,,,,,09/12/2013,$30K - $50K,1,4,8059,13877
,,,,,,09/12/2013 Total,,1,4,8059,13877
,,,,,USA Total,,,2,8,13097,15375
,,,,WA Total,,,,2,8,13097,15375
,,,Tacoma Total,,,,,2,8,13097,15375
,,,Victoria,BC,Canada,07/05/2013,$10K - $30K,1,3,7238,8095
,,,,,,07/05/2013 Total,,1,3,7238,8095
,,,,,,22/09/2013,$30K - $50K,1,5,9004,11849
,,,,,,22/09/2013 Total,,1,5,9004,11849
,,,,,Canada Total,,,2,8,16242,19944
,,,,BC Total,,,,2,8,16242,19944
,,,Victoria Total,,,,,2,8,16242,19944
,,,Walla Walla,WA,USA,04/04/2012,$130K - $150K,1,2,1696,1152
,,,,,,04/04/2012 Total,,1,2,1696,1152
,,,,,,10/09/2013,$30K - $50K,1,4,5956,11522
,,,,,,10/09/2013 Total,,1,4,5956,11522
,,,,,USA Total,,,2,6,7652,12674
,,,,WA Total,,,,2,6,7652,12674
,,,Walla Walla Total,,,,,2,6,7652,12674
,,S Total,,,,,,23,102,124027,173859
,M Total,,,,,,,42,180,231099,316181
Seafood Total,,,,,,,,102,415,530554,711260
Side Dishes,F,M,Acapulco,Guerrero,Mexico,12/02/2013,$30K - $50K,1,5,1553,5813
,,,,,,12/02/2013 Total,,1,5,1553,5813
,,,,,,28/06/2013,$10K - $30K,1,3,1014,9531
,,,,,,28/06/2013 Total,,1,3,1014,9531
,,,,,,16/10/2013,$50K - $70K,1,5,5284,12501
,,,,,,16/10/2013 Total,,1,5,5284,12501
,,,,,Mexico Total,,,3,13,7851,27845
,,,,Guerrero Total,,,,3,13,7851,27845
,,,Acapulco Total,,,,,3,13,7851,27845
,,,Beverly Hills,CA,USA,22/12/2011,$10K - $30K,1,3,6696,6
,,,,,,22/12/2011 Total,,1,3,6696,6
,,,,,,18/04/2012,$50K - $70K,1,5,9931,1359
,,,,,,18/04/2012 Total,,1,5,9931,1359
,,,,,,04/05/2012,$90K - $110K,1,5,907,1586
,,,,,,04/05/2012 Total,,1,5,907,1586
,,,,,,21/11/2013,$50K - $70K,1,4,3516,13502
,,,,,,21/11/2013 Total,,1,4,3516,13502
,,,,,USA Total,,,4,17,21050,16453
,,,,CA Total,,,,4,17,21050,16453
,,,Beverly Hills Total,,,,,4,17,21050,16453
,,,Camacho,Zacatecas,Mexico,16/06/2013,$30K - $50K,1,6,4003,9191
,,,,,,16/06/2013 Total,,1,6,4003,9191
,,,,,Mexico Total,,,1,6,4003,9191
,,,,Zacatecas Total,,,,1,6,4003,9191
,,,Camacho Total,,,,,1,6,4003,9191
,,,Hidalgo,Zacatecas,Mexico,14/02/2013,$70K - $90K,1,6,8363,5872
,,,,,,14/02/2013 Total,,1,6,8363,5872
,,,,,,24/06/2013,$70K - $90K,1,6,8355,9407
,,,,,,24/06/2013 Total,,1,6,8355,9407
,,,,,,20/08/2013,$70K - $90K,1,3,8169,10968
,,,,,,20/08/2013 Total,,1,3,8169,10968
,,,,,Mexico Total,,,3,15,24887,26247
,,,,Zacatecas Total,,,,3,15,24887,26247
,,,Hidalgo Total,,,,,3,15,24887,26247
,,,Los Angeles,CA,USA,22/01/2012,$10K - $30K,1,6,7823,188
,,,,,,22/01/2012 Total,,1,6,7823,188
,,,,,,16/04/2013,$150K +,1,4,6304,7520
,,,,,,16/04/2013 Total,,1,4,6304,7520
,,,,,,28/06/2013,$130K - $150K,1,3,9640,9530
,,,,,,28/06/2013 Total,,1,3,9640,9530
,,,,,,10/12/2013,$50K - $70K,1,3,2667,13889
,,,,,,10/12/2013 Total,,1,3,2667,13889
,,,,,USA Total,,,4,16,26434,31127
,,,,CA Total,,,,4,16,26434,31127
,,,Los Angeles Total,,,,,4,16,26434,31127
,,,Merida,Yucatan,Mexico,28/02/2013,$70K - $90K,1,4,6075,6307
,,,,,,28/02/2013 Total,,1,4,6075,6307
,,,,,,30/04/2013,$10K - $30K,1,5,728,7926
,,,,,,30/04/2013 Total,,1,5,728,7926
,,,,,,26/06/2013,$70K - $90K,1,4,5665,9474
,,,,,,26/06/2013 Total,,1,4,5665,9474
,,,,,Mexico Total,,,3,13,12468,23707
,,,,Yucatan Total,,,,3,13,12468,23707
,,,Merida Total,,,,,3,13,12468,23707
,,,Orizaba,Veracruz,Mexico,09/02/2013,$10K - $30K,1,4,3234,5756
,,,,,,09/02/2013 Total,,1,4,3234,5756
,,,,,,06/04/2013,$130K - $150K,1,3,4250,7265
,,,,,,06/04/2013 Total,,1,3,4250,7265
,,,,,,25/08/2013,$70K - $90K,1,4,1402,11089
,,,,,,25/08/2013 Total,,1,4,1402,11089
,,,,,Mexico Total,,,3,11,8886,24110
,,,,Veracruz Total,,,,3,11,8886,24110
,,,Orizaba Total,,,,,3,11,8886,24110
,,,Salem,OR,USA,20/01/2012,$70K - $90K,1,2,7845,177
,,,,,,20/01/2012 Total,,1,2,7845,177
,,,,,,21/04/2013,$30K - $50K,1,7,3748,7655
,,,,,,21/04/2013 Total,,1,7,3748,7655
,,,,,,13/12/2013,$130K - $150K,1,2,208,13941
,,,,,,13/12/2013 Total,,1,2,208,13941
,,,,,USA Total,,,3,11,11801,21773
,,,,OR Total,,,,3,11,11801,21773
,,,Salem Total,,,,,3,11,11801,21773
,,,San Andres,DF,Mexico,26/02/2013,$110K - $130K,1,4,7155,6226
,,,,,,26/02/2013 Total,,1,4,7155,6226
,,,,,,21/05/2013,$30K - $50K,1,5,5221,8478
,,,,,,21/05/2013 Total,,1,5,5221,8478
,,,,,Mexico Total,,,2,9,12376,14704
,,,,DF Total,,,,2,9,12376,14704
,,,San Andres Total,,,,,2,9,12376,14704
,,,San Diego,CA,USA,30/01/2013,$30K - $50K,1,3,4946,5442
,,,,,,30/01/2013 Total,,1,3,4946,5442
,,,,,USA Total,,,1,3,4946,5442
,,,,CA Total,,,,1,3,4946,5442
,,,San Diego Total,,,,,1,3,4946,5442
,,,Seattle,WA,USA,12/01/2012,$10K - $30K,1,3,8054,95
,,,,,,12/01/2012 Total,,1,3,8054,95
,,,,,,28/09/2012,$10K - $30K,1,4,7591,3363
,,,,,,28/09/2012 Total,,1,4,7591,3363
,,,,,,13/07/2013,$90K - $110K,1,3,1094,9933
,,,,,,13/07/2013 Total,,1,3,1094,9933
,,,,,,13/11/2013,$10K - $30K,1,5,6864,13289
,,,,,,13/11/2013 Total,,1,5,6864,13289
,,,,,USA Total,,,4,15,23603,26680
,,,,WA Total,,,,4,15,23603,26680
,,,Seattle Total,,,,,4,15,23603,26680
,,,Spokane,WA,USA,13/05/2012,$10K - $30K,1,4,511,1712
,,,,,,13/05/2012 Total,,1,4,511,1712
,,,,,,23/05/2012,$30K - $50K,1,4,2201,1826
,,,,,,23/05/2012 Total,,1,4,2201,1826
,,,,,,16/03/2013,$30K - $50K,1,4,2201,6713
,,,,,,16/03/2013 Total,,1,4,2201,6713
,,,,,,29/03/2013,$30K - $50K,1,3,7051,7036
,,,,,,29/03/2013 Total,,1,3,7051,7036
,,,,,,28/12/2013,$30K - $50K,1,5,7234,14053
,,,,,,28/12/2013 Total,,1,5,7234,14053
,,,,,USA Total,,,5,20,19198,31340
,,,,WA Total,,,,5,20,19198,31340
,,,Spokane Total,,,,,5,20,19198,31340
,,,Tacoma,WA,USA,30/11/2012,$130K - $150K,1,5,158,4179
,,,,,,30/11/2012 Total,,1,5,158,4179
,,,,,,07/04/2013,$50K - $70K,1,5,6683,7285
,,,,,,07/04/2013 Total,,1,5,6683,7285
,,,,,USA Total,,,2,10,6841,11464
,,,,WA Total,,,,2,10,6841,11464
,,,Tacoma Total,,,,,2,10,6841,11464
,,,Victoria,BC,Canada,19/02/2013,$50K - $70K,1,5,9342,6034
,,,,,,19/02/2013 Total,,1,5,9342,6034
,,,,,Canada Total,,,1,5,9342,6034
,,,,BC Total,,,,1,5,9342,6034
,,,Victoria Total,,,,,1,5,9342,6034
,,,Yakima,WA,USA,11/03/2012,$10K - $30K,1,4,9697,798
,,,,,,11/03/2012 Total,,1,4,9697,798
,,,,,,27/07/2013,$130K - $150K,1,3,8578,10341
,,,,,,27/07/2013 Total,,1,3,8578,10341
,,,,,USA Total,,,2,7,18275,11139
,,,,WA Total,,,,2,7,18275,11139
,,,Yakima Total,,,,,2,7,18275,11139
,,M Total,,,,,,41,171,211961,287256
,,S,Acapulco,Guerrero,Mexico,06/05/2013,$10K - $30K,1,3,6358,8089
,,,,,,06/05/2013 Total,,1,3,6358,8089
,,,,,Mexico Total,,,1,3,6358,8089
,,,,Guerrero Total,,,,1,3,6358,8089
,,,Acapulco Total,,,,,1,3,6358,8089
,,,Beverly Hills,CA,USA,28/03/2012,$30K - $50K,1,6,4534,1049
,,,,,,28/03/2012 Total,,1,6,4534,1049
,,,,,,02/04/2012,$30K - $50K,1,4,7612,1123
,,,,,,02/04/2012 Total,,1,4,7612,1123
,,,,,,13/05/2012,$30K - $50K,1,2,1865,1699
,,,,,,13/05/2012 Total,,1,2,1865,1699
,,,,,,29/09/2012,$30K - $50K,1,5,3163,3367
,,,,,,29/09/2012 Total,,1,5,3163,3367
,,,,,,02/03/2013,$30K - $50K,1,5,121,6350
,,,,,,02/03/2013 Total,,1,5,121,6350
,,,,,USA Total,,,5,22,17295,13588
,,,,CA Total,,,,5,22,17295,13588
,,,Beverly Hills Total,,,,,5,22,17295,13588
,,,Bremerton,WA,USA,01/04/2013,$70K - $90K,1,6,8068,7126
,,,,,,01/04/2013 Total,,1,6,8068,7126
,,,,,,25/05/2013,$30K - $50K,1,4,5537,8593
,,,,,,25/05/2013 Total,,1,4,5537,8593
,,,,,USA Total,,,2,10,13605,15719
,,,,WA Total,,,,2,10,13605,15719
,,,Bremerton Total,,,,,2,10,13605,15719
,,,Guadalajara,Jalisco,Mexico,20/05/2013,$30K - $50K,1,2,2501,8452
,,,,,,20/05/2013 Total,,1,2,2501,8452
,,,,,Mexico Total,,,1,2,2501,8452
,,,,Jalisco Total,,,,1,2,2501,8452
,,,Guadalajara Total,,,,,1,2,2501,8452
,,,Hidalgo,Zacatecas,Mexico,14/02/2013,$30K - $50K,1,3,8697,5878
,,,,,,14/02/2013 Total,,1,3,8697,5878
,,,,,,05/07/2013,$70K - $90K,1,5,4325,9715
,,,,,,05/07/2013 Total,,1,5,4325,9715
,,,,,,22/09/2013,$30K - $50K,1,4,8697,11817
,,,,,,22/09/2013 Total,,1,4,8697,11817
,,,,,Mexico Total,,,3,12,21719,27410
,,,,Zacatecas Total,,,,3,12,21719,27410
,,,Hidalgo Total,,,,,3,12,21719,27410
,,,Los Angeles,CA,USA,10/08/2013,$30K - $50K,1,3,8658,10702
,,,,,,10/08/2013 Total,,1,3,8658,10702
,,,,,,29/11/2013,$30K - $50K,1,4,4510,13715
,,,,,,29/11/2013 Total,,1,4,4510,13715
,,,,,USA Total,,,2,7,13168,24417
,,,,CA Total,,,,2,7,13168,24417
,,,Los Angeles Total,,,,,2,7,13168,24417
,,,Orizaba,Veracruz,Mexico,26/02/2013,$90K - $110K,1,2,6812,6240
,,,,,,26/02/2013 Total,,1,2,6812,6240
,,,,,Mexico Total,,,1,2,6812,6240
,,,,Veracruz Total,,,,1,2,6812,6240
,,,Orizaba Total,,,,,1,2,6812,6240
,,,Portland,OR,USA,13/08/2012,$10K - $30K,1,2,837,2822
,,,,,,13/08/2012 Total,,1,2,837,2822
,,,,,USA Total,,,1,2,837,2822
,,,,OR Total,,,,1,2,837,2822
,,,Portland Total,,,,,1,2,837,2822
,,,Salem,OR,USA,07/02/2012,$10K - $30K,1,4,5533,386
,,,,,,07/02/2012 Total,,1,4,5533,386
,,,,,,15/08/2012,$50K - $70K,1,5,8504,2837
,,,,,,15/08/2012 Total,,1,5,8504,2837
,,,,,,19/09/2012,$50K - $70K,1,5,6021,3266
,,,,,,19/09/2012 Total,,1,5,6021,3266
,,,,,,24/03/2013,$30K - $50K,1,5,8164,6906
,,,,,,24/03/2013 Total,,1,5,8164,6906
,,,,,,14/11/2013,$90K - $110K,1,5,664,13349
,,,,,,14/11/2013 Total,,1,5,664,13349
,,,,,USA Total,,,5,24,28886,26744
,,,,OR Total,,,,5,24,28886,26744
,,,Salem Total,,,,,5,24,28886,26744
,,,San Andres,DF,Mexico,01/08/2013,$30K - $50K,1,6,4823,10443
,,,,,,01/08/2013 Total,,1,6,4823,10443
,,,,,,04/09/2013,$70K - $90K,1,3,3760,11344
,,,,,,04/09/2013 Total,,1,3,3760,11344
,,,,,Mexico Total,,,2,9,8583,21787
,,,,DF Total,,,,2,9,8583,21787
,,,San Andres Total,,,,,2,9,8583,21787
,,,San Diego,CA,USA,16/07/2013,$10K - $30K,1,3,6645,10047
,,,,,,16/07/2013 Total,,1,3,6645,10047
,,,,,USA Total,,,1,3,6645,10047
,,,,CA Total,,,,1,3,6645,10047
,,,San Diego Total,,,,,1,3,6645,10047
,,,Seattle,WA,USA,18/05/2012,$30K - $50K,1,3,7003,1762
,,,,,,18/05/2012 Total,,1,3,7003,1762
,,,,,,29/08/2012,$30K - $50K,1,4,5992,3018
,,,,,,29/08/2012 Total,,1,4,5992,3018
,,,,,,04/10/2012,$50K - $70K,1,4,8992,3442
,,,,,,04/10/2012 Total,,1,4,8992,3442
,,,,,,27/06/2013,$10K - $30K,1,4,9208,9488
,,,,,,27/06/2013 Total,,1,4,9208,9488
,,,,,USA Total,,,4,15,31195,17710
,,,,WA Total,,,,4,15,31195,17710
,,,Seattle Total,,,,,4,15,31195,17710
,,,Spokane,WA,USA,28/01/2012,$10K - $30K,1,3,2448,251
,,,,,,28/01/2012 Total,,1,3,2448,251
,,,,,,15/12/2012,$50K - $70K,1,6,6153,4410
,,,,,,15/12/2012 Total,,1,6,6153,4410
,,,,,USA Total,,,2,9,8601,4661
,,,,WA Total,,,,2,9,8601,4661
,,,Spokane Total,,,,,2,9,8601,4661
,,,Tacoma,WA,USA,03/04/2012,$10K - $30K,1,4,3552,1143
,,,,,,03/04/2012 Total,,1,4,3552,1143
,,,,,,11/05/2012,$50K - $70K,1,4,8359,1681
,,,,,,11/05/2012 Total,,1,4,8359,1681
,,,,,,22/11/2012,$10K - $30K,1,4,2918,4071
,,,,,,22/11/2012 Total,,1,4,2918,4071
,,,,,,31/12/2012,$50K - $70K,1,6,2664,4713
,,,,,,31/12/2012 Total,,1,6,2664,4713
,,,,,,20/10/2013,$10K - $30K,1,4,3552,12620
,,,,,,20/10/2013 Total,,1,4,3552,12620
,,,,,USA Total,,,5,22,21045,24228
,,,,WA Total,,,,5,22,21045,24228
,,,Tacoma Total,,,,,5,22,21045,24228
,,,Vancouver,BC,Canada,26/04/2013,$10K - $30K,1,3,32,7802
,,,,,,26/04/2013 Total,,1,3,32,7802
,,,,,,28/09/2013,$70K - $90K,1,3,9906,12009
,,,,,,28/09/2013 Total,,1,3,9906,12009
,,,,,Canada Total,,,2,6,9938,19811
,,,,BC Total,,,,2,6,9938,19811
,,,Vancouver Total,,,,,2,6,9938,19811
,,,Yakima,WA,USA,02/03/2012,$30K - $50K,1,4,6324,658
,,,,,,02/03/2012 Total,,1,4,6324,658
,,,,,,02/05/2013,$30K - $50K,1,4,10225,7970
,,,,,,02/05/2013 Total,,1,4,10225,7970
,,,,,,27/09/2013,$30K - $50K,1,5,6324,11994
,,,,,,27/09/2013 Total,,1,5,6324,11994
,,,,,USA Total,,,3,13,22873,20622
,,,,WA Total,,,,3,13,22873,20622
,,,Yakima Total,,,,,3,13,22873,20622
,,S Total,,,,,,40,161,220061,252347
,F Total,,,,,,,81,332,432022,539603
,M,M,Acapulco,Guerrero,Mexico,03/08/2013,$30K - $50K,1,6,7745,10515
,,,,,,03/08/2013 Total,,1,6,7745,10515
,,,,,Mexico Total,,,1,6,7745,10515
,,,,Guerrero Total,,,,1,6,7745,10515
,,,Acapulco Total,,,,,1,6,7745,10515
,,,Beverly Hills,CA,USA,31/07/2012,$10K - $30K,1,3,4006,2651
,,,,,,31/07/2012 Total,,1,3,4006,2651
,,,,,,30/09/2012,$30K - $50K,1,4,5394,3376
,,,,,,30/09/2012 Total,,1,4,5394,3376
,,,,,USA Total,,,2,7,9400,6027
,,,,CA Total,,,,2,7,9400,6027
,,,Beverly Hills Total,,,,,2,7,9400,6027
,,,Bremerton,WA,USA,18/02/2012,$70K - $90K,1,3,5686,508
,,,,,,18/02/2012 Total,,1,3,5686,508
,,,,,,10/02/2013,$150K +,1,4,7220,5758
,,,,,,10/02/2013 Total,,1,4,7220,5758
,,,,,,11/07/2013,$30K - $50K,1,4,6132,9891
,,,,,,11/07/2013 Total,,1,4,6132,9891
,,,,,USA Total,,,3,11,19038,16157
,,,,WA Total,,,,3,11,19038,16157
,,,Bremerton Total,,,,,3,11,19038,16157
,,,Hidalgo,Zacatecas,Mexico,09/03/2013,$30K - $50K,1,3,7793,6543
,,,,,,09/03/2013 Total,,1,3,7793,6543
,,,,,Mexico Total,,,1,3,7793,6543
,,,,Zacatecas Total,,,,1,3,7793,6543
,,,Hidalgo Total,,,,,1,3,7793,6543
,,,Los Angeles,CA,USA,03/05/2013,$10K - $30K,1,5,6757,7976
,,,,,,03/05/2013 Total,,1,5,6757,7976
,,,,,USA Total,,,1,5,6757,7976
,,,,CA Total,,,,1,5,6757,7976
,,,Los Angeles Total,,,,,1,5,6757,7976
,,,Merida,Yucatan,Mexico,07/05/2013,$130K - $150K,1,6,2998,8109
,,,,,,07/05/2013 Total,,1,6,2998,8109
,,,,,,21/09/2013,$30K - $50K,1,4,2852,11789
,,,,,,21/09/2013 Total,,1,4,2852,11789
,,,,,Mexico Total,,,2,10,5850,19898
,,,,Yucatan Total,,,,2,10,5850,19898
,,,Merida Total,,,,,2,10,5850,19898
,,,Orizaba,Veracruz,Mexico,19/02/2013,$150K +,1,3,1641,6025
,,,,,,19/02/2013 Total,,1,3,1641,6025
,,,,,Mexico Total,,,1,3,1641,6025
,,,,Veracruz Total,,,,1,3,1641,6025
,,,Orizaba Total,,,,,1,3,1641,6025
,,,Portland,OR,USA,22/11/2012,$30K - $50K,1,5,621,4069
,,,,,,22/11/2012 Total,,1,5,621,4069
,,,,,USA Total,,,1,5,621,4069
,,,,OR Total,,,,1,5,621,4069
,,,Portland Total,,,,,1,5,621,4069
,,,Salem,OR,USA,24/06/2012,$10K - $30K,1,3,5809,2203
,,,,,,24/06/2012 Total,,1,3,5809,2203
,,,,,,17/02/2013,$10K - $30K,1,4,4948,5986
,,,,,,17/02/2013 Total,,1,4,4948,5986
,,,,,,25/02/2013,$30K - $50K,1,3,2916,6207
,,,,,,25/02/2013 Total,,1,3,2916,6207
,,,,,,21/04/2013,$10K - $30K,1,3,4413,7650
,,,,,,21/04/2013 Total,,1,3,4413,7650
,,,,,,30/08/2013,$50K - $70K,1,6,5476,11224
,,,,,,30/08/2013 Total,,1,6,5476,11224
,,,,,USA Total,,,5,19,23562,33270
,,,,OR Total,,,,5,19,23562,33270
,,,Salem Total,,,,,5,19,23562,33270
,,,San Andres,DF,Mexico,20/02/2013,$130K - $150K,1,5,2868,6050
,,,,,,20/02/2013 Total,,1,5,2868,6050
,,,,,,29/08/2013,$30K - $50K,1,4,7107,11177
,,,,,,29/08/2013 Total,,1,4,7107,11177
,,,,,Mexico Total,,,2,9,9975,17227
,,,,DF Total,,,,2,9,9975,17227
,,,San Andres Total,,,,,2,9,9975,17227
,,,San Diego,CA,USA,01/06/2012,$50K - $70K,1,5,5407,1943
,,,,,,01/06/2012 Total,,1,5,5407,1943
,,,,,,12/12/2012,$30K - $50K,1,2,5574,4374
,,,,,,12/12/2012 Total,,1,2,5574,4374
,,,,,,30/12/2012,$50K - $70K,1,4,4179,4678
,,,,,,30/12/2012 Total,,1,4,4179,4678
,,,,,USA Total,,,3,11,15160,10995
,,,,CA Total,,,,3,11,15160,10995
,,,San Diego Total,,,,,3,11,15160,10995
,,,Seattle,WA,USA,07/08/2012,$50K - $70K,1,4,7724,2746
,,,,,,07/08/2012 Total,,1,4,7724,2746
,,,,,,17/04/2013,$10K - $30K,1,4,4545,7537
,,,,,,17/04/2013 Total,,1,4,4545,7537
,,,,,,22/11/2013,$130K - $150K,1,4,3205,13525
,,,,,,22/11/2013 Total,,1,4,3205,13525
,,,,,USA Total,,,3,12,15474,23808
,,,,WA Total,,,,3,12,15474,23808
,,,Seattle Total,,,,,3,12,15474,23808
,,,Spokane,WA,USA,05/05/2012,$70K - $90K,1,3,2570,1599
,,,,,,05/05/2012 Total,,1,3,2570,1599
,,,,,,28/06/2012,$30K - $50K,1,2,9815,2263
,,,,,,28/06/2012 Total,,1,2,9815,2263
,,,,,,24/11/2012,$10K - $30K,1,4,5432,4099
,,,,,,24/11/2012 Total,,1,4,5432,4099
,,,,,,13/08/2013,$30K - $50K,1,6,5174,10767
,,,,,,13/08/2013 Total,,1,6,5174,10767
,,,,,,01/09/2013,$10K - $30K,1,5,9897,11278
,,,,,,01/09/2013 Total,,1,5,9897,11278
,,,,,,01/10/2013,$70K - $90K,1,5,5766,12098
,,,,,,01/10/2013 Total,,1,5,5766,12098
,,,,,USA Total,,,6,25,38654,42104
,,,,WA Total,,,,6,25,38654,42104
,,,Spokane Total,,,,,6,25,38654,42104
,,,Tacoma,WA,USA,17/02/2012,$30K - $50K,1,4,3976,497
,,,,,,17/02/2012 Total,,1,4,3976,497
,,,,,,22/12/2012,$70K - $90K,1,2,4099,4549
,,,,,,22/12/2012 Total,,1,2,4099,4549
,,,,,,29/07/2013,$50K - $70K,1,4,8172,10376
,,,,,,29/07/2013 Total,,1,4,8172,10376
,,,,,USA Total,,,3,10,16247,15422
,,,,WA Total,,,,3,10,16247,15422
,,,Tacoma Total,,,,,3,10,16247,15422
,,,Vancouver,BC,Canada,19/08/2013,$30K - $50K,1,2,8857,10935
,,,,,,19/08/2013 Total,,1,2,8857,10935
,,,,,Canada Total,,,1,2,8857,10935
,,,,BC Total,,,,1,2,8857,10935
,,,Vancouver Total,,,,,1,2,8857,10935
,,,Yakima,WA,USA,23/01/2013,$70K - $90K,1,5,8769,5277
,,,,,,23/01/2013 Total,,1,5,8769,5277
,,,,,USA Total,,,1,5,8769,5277
,,,,WA Total,,,,1,5,8769,5277
,,,Yakima Total,,,,,1,5,8769,5277
,,M Total,,,,,,36,143,195543,236248
,,S,Acapulco,Guerrero,Mexico,10/11/2013,$50K - $70K,1,3,2082,13220
,,,,,,10/11/2013 Total,,1,3,2082,13220
,,,,,Mexico Total,,,1,3,2082,13220
,,,,Guerrero Total,,,,1,3,2082,13220
,,,Acapulco Total,,,,,1,3,2082,13220
,,,Bellingham,WA,USA,23/02/2013,$50K - $70K,1,5,3060,6167
,,,,,,23/02/2013 Total,,1,5,3060,6167
,,,,,USA Total,,,1,5,3060,6167
,,,,WA Total,,,,1,5,3060,6167
,,,Bellingham Total,,,,,1,5,3060,6167
,,,Beverly Hills,CA,USA,27/04/2012,$70K - $90K,1,3,4151,1488
,,,,,,27/04/2012 Total,,1,3,4151,1488
,,,,,,22/04/2013,$30K - $50K,1,5,6958,7697
,,,,,,22/04/2013 Total,,1,5,6958,7697
,,,,,,11/09/2013,$10K - $30K,1,4,9770,11535
,,,,,,11/09/2013 Total,,1,4,9770,11535
,,,,,,16/09/2013,$30K - $50K,1,2,1090,11663
,,,,,,16/09/2013 Total,,1,2,1090,11663
,,,,,,27/10/2013,$30K - $50K,1,5,3939,12814
,,,,,,27/10/2013 Total,,1,5,3939,12814
,,,,,USA Total,,,5,19,25908,45197
,,,,CA Total,,,,5,19,25908,45197
,,,Beverly Hills Total,,,,,5,19,25908,45197
,,,Bremerton,WA,USA,27/04/2012,$10K - $30K,1,5,1633,1487
,,,,,,27/04/2012 Total,,1,5,1633,1487
,,,,,,20/05/2012,$30K - $50K,1,4,1979,1793
,,,,,,20/05/2012 Total,,1,4,1979,1793
,,,,,,15/10/2013,$10K - $30K,1,6,8571,12474
,,,,,,15/10/2013 Total,,1,6,8571,12474
,,,,,USA Total,,,3,15,12183,15754
,,,,WA Total,,,,3,15,12183,15754
,,,Bremerton Total,,,,,3,15,12183,15754
,,,Camacho,Zacatecas,Mexico,05/09/2013,$70K - $90K,1,6,6863,11365
,,,,,,05/09/2013 Total,,1,6,6863,11365
,,,,,Mexico Total,,,1,6,6863,11365
,,,,Zacatecas Total,,,,1,6,6863,11365
,,,Camacho Total,,,,,1,6,6863,11365
,,,Hidalgo,Zacatecas,Mexico,27/04/2013,$30K - $50K,1,5,5478,7818
,,,,,,27/04/2013 Total,,1,5,5478,7818
,,,,,,07/05/2013,$10K - $30K,1,5,322,8122
,,,,,,07/05/2013 Total,,1,5,322,8122
,,,,,,13/10/2013,$30K - $50K,1,6,4853,12405
,,,,,,13/10/2013 Total,,1,6,4853,12405
,,,,,Mexico Total,,,3,16,10653,28345
,,,,Zacatecas Total,,,,3,16,10653,28345
,,,Hidalgo Total,,,,,3,16,10653,28345
,,,Los Angeles,CA,USA,02/02/2012,$10K - $30K,1,5,8557,326
,,,,,,02/02/2012 Total,,1,5,8557,326
,,,,,USA Total,,,1,5,8557,326
,,,,CA Total,,,,1,5,8557,326
,,,Los Angeles Total,,,,,1,5,8557,326
,,,Orizaba,Veracruz,Mexico,22/07/2013,$110K - $130K,1,3,8952,10209
,,,,,,22/07/2013 Total,,1,3,8952,10209
,,,,,,26/07/2013,$30K - $50K,1,6,2229,10315
,,,,,,26/07/2013 Total,,1,6,2229,10315
,,,,,Mexico Total,,,2,9,11181,20524
,,,,Veracruz Total,,,,2,9,11181,20524
,,,Orizaba Total,,,,,2,9,11181,20524
,,,Portland,OR,USA,27/03/2012,$50K - $70K,1,5,4373,1034
,,,,,,27/03/2012 Total,,1,5,4373,1034
,,,,,,24/08/2013,$70K - $90K,1,3,6009,11044
,,,,,,24/08/2013 Total,,1,3,6009,11044
,,,,,USA Total,,,2,8,10382,12078
,,,,OR Total,,,,2,8,10382,12078
,,,Portland Total,,,,,2,8,10382,12078
,,,Salem,OR,USA,26/04/2013,$10K - $30K,1,3,7355,7788
,,,,,,26/04/2013 Total,,1,3,7355,7788
,,,,,USA Total,,,1,3,7355,7788
,,,,OR Total,,,,1,3,7355,7788
,,,Salem Total,,,,,1,3,7355,7788
,,,San Andres,DF,Mexico,14/07/2013,$10K - $30K,1,6,4447,9965
,,,,,,14/07/2013 Total,,1,6,4447,9965
,,,,,,05/08/2013,$50K - $70K,1,3,1946,10559
,,,,,,05/08/2013 Total,,1,3,1946,10559
,,,,,Mexico Total,,,2,9,6393,20524
,,,,DF Total,,,,2,9,6393,20524
,,,San Andres Total,,,,,2,9,6393,20524
,,,San Diego,CA,USA,29/03/2012,$10K - $30K,1,5,9810,1063
,,,,,,29/03/2012 Total,,1,5,9810,1063
,,,,,,31/03/2012,$90K - $110K,1,4,7490,1098
,,,,,,31/03/2012 Total,,1,4,7490,1098
,,,,,,19/11/2012,$30K - $50K,1,2,4915,4023
,,,,,,19/11/2012 Total,,1,2,4915,4023
,,,,,USA Total,,,3,11,22215,6184
,,,,CA Total,,,,3,11,22215,6184
,,,San Diego Total,,,,,3,11,22215,6184
,,,Seattle,WA,USA,02/01/2012,$70K - $90K,1,5,9736,43
,,,,,,02/01/2012 Total,,1,5,9736,43
,,,,,,21/05/2013,$70K - $90K,1,5,8926,8483
,,,,,,21/05/2013 Total,,1,5,8926,8483
,,,,,,17/12/2013,$70K - $90K,1,4,9944,13968
,,,,,,17/12/2013 Total,,1,4,9944,13968
,,,,,USA Total,,,3,14,28606,22494
,,,,WA Total,,,,3,14,28606,22494
,,,Seattle Total,,,,,3,14,28606,22494
,,,Spokane,WA,USA,22/03/2012,$30K - $50K,1,4,4397,955
,,,,,,22/03/2012 Total,,1,4,4397,955
,,,,,,07/06/2012,$70K - $90K,1,5,8351,2020
,,,,,,07/06/2012 Total,,1,5,8351,2020
,,,,,,10/08/2012,$50K - $70K,1,5,1415,2788
,,,,,,10/08/2012 Total,,1,5,1415,2788
,,,,,,28/12/2012,$30K - $50K,1,3,5295,4650
,,,,,,28/12/2012 Total,,1,3,5295,4650
,,,,,USA Total,,,4,17,19458,10413
,,,,WA Total,,,,4,17,19458,10413
,,,Spokane Total,,,,,4,17,19458,10413
,,,Tacoma,WA,USA,09/11/2012,$30K - $50K,1,4,4497,3893
,,,,,,09/11/2012 Total,,1,4,4497,3893
,,,,,,18/12/2012,$50K - $70K,1,4,4973,4464
,,,,,,18/12/2012 Total,,1,4,4973,4464
,,,,,USA Total,,,2,8,9470,8357
,,,,WA Total,,,,2,8,9470,8357
,,,Tacoma Total,,,,,2,8,9470,8357
,,,Vancouver,BC,Canada,14/08/2013,$30K - $50K,1,5,1228,10797
,,,,,,14/08/2013 Total,,1,5,1228,10797
,,,,,Canada Total,,,1,5,1228,10797
,,,,BC Total,,,,1,5,1228,10797
,,,Vancouver Total,,,,,1,5,1228,10797
,,,Victoria,BC,Canada,01/05/2013,$30K - $50K,1,3,6415,7935
,,,,,,01/05/2013 Total,,1,3,6415,7935
,,,,,Canada Total,,,1,3,6415,7935
,,,,BC Total,,,,1,3,6415,7935
,,,Victoria Total,,,,,1,3,6415,7935
,,S Total,,,,,,36,156,192009,247468
,M Total,,,,,,,72,299,387552,483716
Side Dishes Total,,,,,,,,153,631,819574,1023319
Snack Foods,F,M,Acapulco,Guerrero,Mexico,10/02/2013,$50K - $70K,1,4,1277,5763
,,,,,,10/02/2013 Total,,1,4,1277,5763
,,,,,,05/03/2013,$50K - $70K,1,4,491,6426
,,,,,,05/03/2013 Total,,1,4,491,6426
,,,,,,10/03/2013,$10K - $30K,1,6,8231,6551
,,,,,,10/03/2013 Total,,1,6,8231,6551
,,,,,,11/03/2013,$90K - $110K,1,5,2094,6579
,,,,,,11/03/2013 Total,,1,5,2094,6579
,,,,,,19/04/2013,$10K - $30K,1,3,1014,7609
,,,,,,19/04/2013 Total,,1,3,1014,7609
,,,,,,05/05/2013,$30K - $50K,1,5,1788,8050
,,,,,,05/05/2013 Total,,1,5,1788,8050
,,,,,,16/05/2013,$10K - $30K,1,3,680,8356
,,,,,,16/05/2013 Total,,1,3,680,8356
,,,,,,21/06/2013,$50K - $70K,1,6,491,9340
,,,,,,21/06/2013 Total,,1,6,491,9340
,,,,,,01/07/2013,$50K - $70K,1,4,1032,9596
,,,,,,01/07/2013 Total,,1,4,1032,9596
,,,,,,16/08/2013,$30K - $50K,1,5,1788,10847
,,,,,,16/08/2013 Total,,1,5,1788,10847
,,,,,,13/09/2013,$50K - $70K,1,3,491,11586
,,,,,,13/09/2013 Total,,1,3,491,11586
,,,,,,29/11/2013,$10K - $30K,1,5,224,13711
,,,,,,29/11/2013 Total,,1,5,224,13711
,,,,,,19/12/2013,$90K - $110K,1,4,2094,13983
,,,,,,19/12/2013 Total,,1,4,2094,13983
,,,,,Mexico Total,,,13,57,21695,118397
,,,,Guerrero Total,,,,13,57,21695,118397
,,,Acapulco Total,,,,,13,57,21695,118397
,,,Bellingham,WA,USA,23/02/2012,$30K - $50K,1,3,6468,570
,,,,,,23/02/2012 Total,,1,3,6468,570
,,,,,,09/10/2012,$10K - $30K,1,1,4394,3517
,,,,,,09/10/2012 Total,,1,1,4394,3517
,,,,,,26/10/2012,$30K - $50K,1,1,4117,3710
,,,,,,26/10/2012 Total,,1,1,4117,3710
,,,,,,28/11/2012,$30K - $50K,1,3,6595,4153
,,,,,,28/11/2012 Total,,1,3,6595,4153
,,,,,,06/10/2013,$50K - $70K,1,5,1076,12230
,,,,,,06/10/2013 Total,,1,5,1076,12230
,,,,,,01/11/2013,$50K - $70K,1,2,1076,12940
,,,,,,01/11/2013 Total,,1,2,1076,12940
,,,,,USA Total,,,6,15,23726,37120
,,,,WA Total,,,,6,15,23726,37120
,,,Bellingham Total,,,,,6,15,23726,37120
,,,Beverly Hills,CA,USA,26/12/2011,$30K - $50K,1,3,9357,11
,,,,,,26/12/2011 Total,,1,3,9357,11
,,,,,,11/02/2012,$50K - $70K,1,4,287,430
,,,,,,11/02/2012 Total,,1,4,287,430
,,,,,,24/04/2012,$150K +,1,2,6304,1445
,,,,,,24/04/2012 Total,,1,2,6304,1445
,,,,,,25/08/2012,$110K - $130K,1,4,3513,2968
,,,,,,25/08/2012 Total,,1,4,3513,2968
,,,,,,18/12/2012,$10K - $30K,1,4,7823,4468
,,,,,,18/12/2012 Total,,1,4,7823,4468
,,,,,,23/01/2013,$10K - $30K,1,5,8430,5285
,,,,,,23/01/2013 Total,,1,5,8430,5285
,,,,,,25/04/2013,$10K - $30K,1,2,4385,7766
,,,,,,25/04/2013 Total,,1,2,4385,7766
,,,,,,09/06/2013,$10K - $30K,1,3,5968,9031
,,,,,,09/06/2013 Total,,1,3,5968,9031
,,,,,,04/07/2013,$50K - $70K,1,6,898,9695
,,,,,,04/07/2013 Total,,1,6,898,9695
,,,,,,27/10/2013,$30K - $50K,1,4,2068,12807
,,,,,,27/10/2013 Total,,1,4,2068,12807
,,,,,,18/11/2013,$10K - $30K,1,7,4426,13441
,,,,,,18/11/2013 Total,,1,7,4426,13441
,,,,,,22/12/2013,$70K - $90K,1,6,6600,14011
,,,,,,22/12/2013 Total,,1,6,6600,14011
,,,,,USA Total,,,12,50,60059,81358
,,,,CA Total,,,,12,50,60059,81358
,,,Beverly Hills Total,,,,,12,50,60059,81358
,,,Bremerton,WA,USA,21/12/2011,$50K - $70K,1,3,8374,3
,,,,,,21/12/2011 Total,,1,3,8374,3
,,,,,,02/01/2012,$10K - $30K,1,4,1634,44
,,,,,,02/01/2012 Total,,1,4,1634,44
,,,,,,10/01/2012,$10K - $30K,1,6,7354,82
,,,,,,10/01/2012 Total,,1,6,7354,82
,,,,,,21/01/2012,$130K - $150K,1,3,4066,182
,,,,,,21/01/2012 Total,,1,3,4066,182
,,,,,,04/02/2012,$30K - $50K,1,4,3533,346
,,,,,,04/02/2012 Total,,1,4,3533,346
,,,,,,17/03/2012,$150K +,1,3,5358,880
,,,,,,17/03/2012 Total,,1,3,5358,880
,,,,,,22/03/2012,$30K - $50K,1,4,2756,959
,,,,,,22/03/2012 Total,,1,4,2756,959
,,,,,,27/03/2012,$50K - $70K,1,5,9524,1030
,,,,,,27/03/2012 Total,,1,5,9524,1030
,,,,,,09/04/2012,$90K - $110K,1,2,5346,1225
,,,,,,09/04/2012 Total,,1,2,5346,1225
,,,,,,29/05/2012,$50K - $70K,1,4,8731,1896
,,,,,,29/05/2012 Total,,1,4,8731,1896
,,,,,,26/06/2012,$30K - $50K,1,4,7366,2237
,,,,,,26/06/2012 Total,,1,4,7366,2237
,,,,,,02/09/2012,$30K - $50K,1,5,7366,3056
,,,,,,02/09/2012 Total,,1,5,7366,3056
,,,,,,05/09/2012,$10K - $30K,1,5,5744,3091
,,,,,,05/09/2012 Total,,1,5,5744,3091
,,,,,,03/12/2012,$50K - $70K,1,2,8374,4223
,,,,,,03/12/2012 Total,,1,2,8374,4223
,,,,,,22/12/2012,$10K - $30K,1,4,7056,4544
,,,,,,22/12/2012 Total,,1,4,7056,4544
,,,,,,30/12/2012,$10K - $30K,1,2,5744,4679
,,,,,,30/12/2012 Total,,1,2,5744,4679
,,,,,,16/01/2013,$70K - $90K,1,6,2723,5099
,,,,,,16/01/2013 Total,,1,6,2723,5099
,,,,,,31/01/2013,$30K - $50K,1,4,4436,5482
,,,,,,31/01/2013 Total,,1,4,4436,5482
,,,,,,28/04/2013,$30K - $50K,1,4,2756,7846
,,,,,,28/04/2013 Total,,1,4,2756,7846
,,,,,,07/05/2013,$130K - $150K,1,3,8907,8116
,,,,,,07/05/2013 Total,,1,3,8907,8116
,,,,,,09/05/2013,$70K - $90K,1,3,2723,8163
,,,,,,09/05/2013 Total,,1,3,2723,8163
,,,,,,09/06/2013,$10K - $30K,1,5,7056,9018
,,,,,,09/06/2013 Total,,1,5,7056,9018
,,,,,,14/07/2013,$10K - $30K,1,3,9102,9972
,,,,,,14/07/2013 Total,,1,3,9102,9972
,,,,,,20/08/2013,$30K - $50K,1,3,1551,10960
,,,,,,20/08/2013 Total,,1,3,1551,10960
,,,,,,19/10/2013,$70K - $90K,1,4,1281,12565
,,,,,,19/10/2013 Total,,1,4,1281,12565
,,,,,,23/11/2013,$50K - $70K,1,3,8731,13560
,,,,,,23/11/2013 Total,,1,3,8731,13560
,,,,,,25/11/2013,$10K - $30K,2,8,11512,27212
,,,,,,25/11/2013 Total,,2,8,11512,27212
,,,,,USA Total,,,28,106,159104,146470
,,,,WA Total,,,,28,106,159104,146470
,,,Bremerton Total,,,,,28,106,159104,146470
,,,Camacho,Zacatecas,Mexico,10/01/2013,$70K - $90K,1,3,5712,4958
,,,,,,10/01/2013 Total,,1,3,5712,4958
,,,,,,12/01/2013,$50K - $70K,1,3,8497,5010
,,,,,,12/01/2013 Total,,1,3,8497,5010
,,,,,,14/01/2013,$10K - $30K,1,4,1056,5053
,,,,,,14/01/2013 Total,,1,4,1056,5053
,,,,,,04/02/2013,$70K - $90K,1,5,5872,5598
,,,,,,04/02/2013 Total,,1,5,5872,5598
,,,,,,12/02/2013,$30K - $50K,1,4,8364,5842
,,,,,,12/02/2013 Total,,1,4,8364,5842
,,,,,,08/03/2013,$30K - $50K,1,3,4355,6492
,,,,,,08/03/2013 Total,,1,3,4355,6492
,,,,,,02/07/2013,$70K - $90K,1,4,5712,9633
,,,,,,02/07/2013 Total,,1,4,5712,9633
,,,,,,13/07/2013,$10K - $30K,1,3,9971,9930
,,,,,,13/07/2013 Total,,1,3,9971,9930
,,,,,,28/07/2013,$30K - $50K,1,4,6151,10356
,,,,,,28/07/2013 Total,,1,4,6151,10356
,,,,,,05/08/2013,$50K - $70K,1,3,5099,10568
,,,,,,05/08/2013 Total,,1,3,5099,10568
,,,,,,06/08/2013,$30K - $50K,1,3,8364,10587
,,,,,,06/08/2013 Total,,1,3,8364,10587
,,,,,,13/08/2013,$90K - $110K,1,5,7946,10773
,,,,,,13/08/2013 Total,,1,5,7946,10773
,,,,,,22/08/2013,$110K - $130K,1,6,2175,11000
,,,,,,22/08/2013 Total,,1,6,2175,11000
,,,,,,19/10/2013,$30K - $50K,1,2,6151,12568
,,,,,,19/10/2013 Total,,1,2,6151,12568
,,,,,,28/10/2013,$30K - $50K,1,4,6151,12834
,,,,,,28/10/2013 Total,,1,4,6151,12834
,,,,,,25/11/2013,$30K - $50K,1,3,6151,13603
,,,,,,25/11/2013 Total,,1,3,6151,13603
,,,,,Mexico Total,,,16,59,97727,144805
,,,,Zacatecas Total,,,,16,59,97727,144805
,,,Camacho Total,,,,,16,59,97727,144805
,,,Guadalajara,Jalisco,Mexico,08/04/2013,$50K - $70K,1,2,441,7311
,,,,,,08/04/2013 Total,,1,2,441,7311
,,,,,,05/09/2013,$130K - $150K,1,1,2984,11355
,,,,,,05/09/2013 Total,,1,1,2984,11355
,,,,,,12/09/2013,$50K - $70K,1,4,4851,11564
,,,,,,12/09/2013 Total,,1,4,4851,11564
,,,,,Mexico Total,,,3,7,8276,30230
,,,,Jalisco Total,,,,3,7,8276,30230
,,,Guadalajara Total,,,,,3,7,8276,30230
,,,Hidalgo,Zacatecas,Mexico,01/01/2013,$50K - $70K,1,4,4579,4749
,,,,,,01/01/2013 Total,,1,4,4579,4749
,,,,,,05/01/2013,$30K - $50K,1,5,3390,4841
,,,,,,05/01/2013 Total,,1,5,3390,4841
,,,,,,29/01/2013,$110K - $130K,1,5,3808,5435
,,,,,,29/01/2013 Total,,1,5,3808,5435
,,,,,,04/02/2013,$30K - $50K,1,4,2023,5602
,,,,,,04/02/2013 Total,,1,4,2023,5602
,,,,,,08/02/2013,$10K - $30K,1,5,4256,5704
,,,,,,,$30K - $50K,1,4,1871,5727
,,,,,,08/02/2013 Total,,2,9,6127,11431
,,,,,,17/02/2013,$50K - $70K,1,2,789,5983
,,,,,,17/02/2013 Total,,1,2,789,5983
,,,,,,03/03/2013,$10K - $30K,1,6,1444,6381
,,,,,,03/03/2013 Total,,1,6,1444,6381
,,,,,,07/03/2013,$70K - $90K,2,8,16520,12955
,,,,,,07/03/2013 Total,,2,8,16520,12955
,,,,,,19/03/2013,$70K - $90K,1,4,9868,6778
,,,,,,19/03/2013 Total,,1,4,9868,6778
,,,,,,30/03/2013,$50K - $70K,1,3,789,7071
,,,,,,30/03/2013 Total,,1,3,789,7071
,,,,,,07/04/2013,$10K - $30K,1,3,1259,7280
,,,,,,07/04/2013 Total,,1,3,1259,7280
,,,,,,10/04/2013,$30K - $50K,1,5,1871,7378
,,,,,,10/04/2013 Total,,1,5,1871,7378
,,,,,,25/04/2013,$30K - $50K,1,6,4620,7763
,,,,,,25/04/2013 Total,,1,6,4620,7763
,,,,,,27/04/2013,$50K - $70K,1,5,4579,7823
,,,,,,27/04/2013 Total,,1,5,4579,7823
,,,,,,11/05/2013,$110K - $130K,1,5,3808,8228
,,,,,,11/05/2013 Total,,1,5,3808,8228
,,,,,,15/05/2013,$70K - $90K,1,5,8363,8330
,,,,,,15/05/2013 Total,,1,5,8363,8330
,,,,,,23/05/2013,$30K - $50K,1,5,5114,8534
,,,,,,23/05/2013 Total,,1,5,5114,8534
,,,,,,11/06/2013,$30K - $50K,1,3,7134,9074
,,,,,,11/06/2013 Total,,1,3,7134,9074
,,,,,,28/06/2013,$70K - $90K,1,6,8169,9515
,,,,,,28/06/2013 Total,,1,6,8169,9515
,,,,,,13/07/2013,$10K - $30K,1,4,3495,9942
,,,,,,13/07/2013 Total,,1,4,3495,9942
,,,,,,15/07/2013,$70K - $90K,1,4,6652,10002
,,,,,,15/07/2013 Total,,1,4,6652,10002
,,,,,,18/07/2013,$30K - $50K,1,4,2023,10101
,,,,,,18/07/2013 Total,,1,4,2023,10101
,,,,,,19/07/2013,$90K - $110K,1,4,4026,10142
,,,,,,19/07/2013 Total,,1,4,4026,10142
,,,,,,01/08/2013,$110K - $130K,1,5,3808,10437
,,,,,,01/08/2013 Total,,1,5,3808,10437
,,,,,,10/08/2013,$30K - $50K,1,5,5114,10685
,,,,,,10/08/2013 Total,,1,5,5114,10685
,,,,,,25/08/2013,$10K - $30K,1,5,9644,11094
,,,,,,25/08/2013 Total,,1,5,9644,11094
,,,,,,11/09/2013,$70K - $90K,1,4,6652,11539
,,,,,,11/09/2013 Total,,1,4,6652,11539
,,,,,,12/09/2013,$10K - $30K,1,4,3440,11550
,,,,,,12/09/2013 Total,,1,4,3440,11550
,,,,,,20/09/2013,$70K - $90K,1,4,8363,11764
,,,,,,20/09/2013 Total,,1,4,8363,11764
,,,,,,23/09/2013,$30K - $50K,1,5,104,11880
,,,,,,23/09/2013 Total,,1,5,104,11880
,,,,,,14/10/2013,$10K - $30K,1,4,1787,12442
,,,,,,14/10/2013 Total,,1,4,1787,12442
,,,,,,18/10/2013,$10K - $30K,1,3,9644,12542
,,,,,,,$70K - $90K,1,5,4226,12537
,,,,,,18/10/2013 Total,,2,8,13870,25079
,,,,,Mexico Total,,,35,153,163232,301808
,,,,Zacatecas Total,,,,35,153,163232,301808
,,,Hidalgo Total,,,,,35,153,163232,301808
,,,Los Angeles,CA,USA,18/12/2011,$30K - $50K,1,5,7223,1
,,,,,,18/12/2011 Total,,1,5,7223,1
,,,,,,10/02/2012,$10K - $30K,1,3,8730,419
,,,,,,10/02/2012 Total,,1,3,8730,419
,,,,,,02/03/2012,$30K - $50K,1,4,4743,662
,,,,,,02/03/2012 Total,,1,4,4743,662
,,,,,,08/03/2012,$110K - $130K,1,5,1532,756
,,,,,,08/03/2012 Total,,1,5,1532,756
,,,,,,25/04/2012,$50K - $70K,1,4,6299,1452
,,,,,,25/04/2012 Total,,1,4,6299,1452
,,,,,,14/06/2012,$30K - $50K,1,4,5623,2083
,,,,,,14/06/2012 Total,,1,4,5623,2083
,,,,,,26/07/2012,$50K - $70K,1,4,5731,2590
,,,,,,26/07/2012 Total,,1,4,5731,2590
,,,,,,08/08/2012,$10K - $30K,1,5,10104,2752
,,,,,,,$50K - $70K,1,4,6014,2761
,,,,,,08/08/2012 Total,,2,9,16118,5513
,,,,,,11/09/2012,$30K - $50K,1,6,6893,3170
,,,,,,11/09/2012 Total,,1,6,6893,3170
,,,,,,10/11/2012,$30K - $50K,1,4,6123,3903
,,,,,,10/11/2012 Total,,1,4,6123,3903
,,,,,,27/11/2012,$50K - $70K,1,2,7636,4135
,,,,,,27/11/2012 Total,,1,2,7636,4135
,,,,,,12/12/2012,$50K - $70K,1,3,7181,4369
,,,,,,12/12/2012 Total,,1,3,7181,4369
,,,,,,13/02/2013,$150K +,1,5,7300,5855
,,,,,,13/02/2013 Total,,1,5,7300,5855
,,,,,,13/03/2013,$50K - $70K,1,4,7035,6644
,,,,,,13/03/2013 Total,,1,4,7035,6644
,,,,,,21/03/2013,$50K - $70K,1,3,2688,6842
,,,,,,21/03/2013 Total,,1,3,2688,6842
,,,,,,28/03/2013,$30K - $50K,1,5,6808,7006
,,,,,,28/03/2013 Total,,1,5,6808,7006
,,,,,,07/05/2013,$50K - $70K,1,6,2688,8091
,,,,,,07/05/2013 Total,,1,6,2688,8091
,,,,,,02/06/2013,$10K - $30K,1,6,7731,8821
,,,,,,02/06/2013 Total,,1,6,7731,8821
,,,,,,21/06/2013,$10K - $30K,1,6,6528,9343
,,,,,,21/06/2013 Total,,1,6,6528,9343
,,,,,,06/07/2013,$30K - $50K,1,3,7252,9726
,,,,,,06/07/2013 Total,,1,3,7252,9726
,,,,,,10/11/2013,$150K +,1,4,10214,13208
,,,,,,10/11/2013 Total,,1,4,10214,13208
,,,,,,08/12/2013,$30K - $50K,1,3,5250,13864
,,,,,,08/12/2013 Total,,1,3,5250,13864
,,,,,USA Total,,,23,98,147326,118453
,,,,CA Total,,,,23,98,147326,118453
,,,Los Angeles Total,,,,,23,98,147326,118453
,,,Merida,Yucatan,Mexico,14/01/2013,$30K - $50K,1,6,3753,5047
,,,,,,14/01/2013 Total,,1,6,3753,5047
,,,,,,03/02/2013,$70K - $90K,1,6,8592,5583
,,,,,,03/02/2013 Total,,1,6,8592,5583
,,,,,,06/02/2013,$30K - $50K,1,3,6603,5661
,,,,,,06/02/2013 Total,,1,3,6603,5661
,,,,,,08/02/2013,$50K - $70K,1,7,9143,5729
,,,,,,08/02/2013 Total,,1,7,9143,5729
,,,,,,14/03/2013,$30K - $50K,1,4,5851,6666
,,,,,,,$50K - $70K,1,6,9143,6662
,,,,,,14/03/2013 Total,,2,10,14994,13328
,,,,,,22/03/2013,$50K - $70K,1,3,4655,6857
,,,,,,22/03/2013 Total,,1,3,4655,6857
,,,,,,19/04/2013,$30K - $50K,1,4,10001,7604
,,,,,,19/04/2013 Total,,1,4,10001,7604
,,,,,,25/05/2013,$110K - $130K,1,6,9790,8599
,,,,,,25/05/2013 Total,,1,6,9790,8599
,,,,,,10/07/2013,$10K - $30K,1,5,4761,9845
,,,,,,10/07/2013 Total,,1,5,4761,9845
,,,,,,24/07/2013,$10K - $30K,1,4,2139,10242
,,,,,,24/07/2013 Total,,1,4,2139,10242
,,,,,,09/08/2013,$30K - $50K,1,3,2500,10651
,,,,,,09/08/2013 Total,,1,3,2500,10651
,,,,,,11/08/2013,$50K - $70K,1,4,4655,10726
,,,,,,11/08/2013 Total,,1,4,4655,10726
,,,,,,29/09/2013,$70K - $90K,1,5,6075,12062
,,,,,,29/09/2013 Total,,1,5,6075,12062
,,,,,,01/10/2013,$10K - $30K,1,3,2139,12104
,,,,,,01/10/2013 Total,,1,3,2139,12104
,,,,,,03/10/2013,$30K - $50K,1,6,1578,12153
,,,,,,03/10/2013 Total,,1,6,1578,12153
,,,,,,05/10/2013,$10K - $30K,1,5,7356,12208
,,,,,,05/10/2013 Total,,1,5,7356,12208
,,,,,,21/11/2013,$10K - $30K,1,3,1753,13511
,,,,,,21/11/2013 Total,,1,3,1753,13511
,,,,,Mexico Total,,,18,83,100487,161910
,,,,Yucatan Total,,,,18,83,100487,161910
,,,Merida Total,,,,,18,83,100487,161910
,,,Mexico City,DF,Mexico,05/02/2013,$30K - $50K,1,3,9301,5635
,,,,,,05/02/2013 Total,,1,3,9301,5635
,,,,,,24/02/2013,$30K - $50K,1,5,2641,6179
,,,,,,24/02/2013 Total,,1,5,2641,6179
,,,,,,27/05/2013,$50K - $70K,1,2,8773,8668
,,,,,,27/05/2013 Total,,1,2,8773,8668
,,,,,,16/07/2013,$10K - $30K,1,5,337,10034
,,,,,,16/07/2013 Total,,1,5,337,10034
,,,,,,17/08/2013,$10K - $30K,1,4,337,10895
,,,,,,17/08/2013 Total,,1,4,337,10895
,,,,,Mexico Total,,,5,19,21389,41411
,,,,DF Total,,,,5,19,21389,41411
,,,Mexico City Total,,,,,5,19,21389,41411
,,,Orizaba,Veracruz,Mexico,24/12/2012,$30K - $50K,1,5,4284,4580
,,,,,,24/12/2012 Total,,1,5,4284,4580
,,,,,,06/01/2013,$50K - $70K,1,3,2862,4867
,,,,,,06/01/2013 Total,,1,3,2862,4867
,,,,,,01/02/2013,$50K - $70K,1,5,9743,5499
,,,,,,01/02/2013 Total,,1,5,9743,5499
,,,,,,05/02/2013,$30K - $50K,1,3,1836,5651
,,,,,,05/02/2013 Total,,1,3,1836,5651
,,,,,,17/02/2013,$50K - $70K,1,6,1265,5969
,,,,,,17/02/2013 Total,,1,6,1265,5969
,,,,,,26/03/2013,$30K - $50K,1,4,815,6957
,,,,,,26/03/2013 Total,,1,4,815,6957
,,,,,,30/03/2013,$50K - $70K,1,4,9743,7060
,,,,,,30/03/2013 Total,,1,4,9743,7060
,,,,,,07/04/2013,$130K - $150K,1,5,4250,7284
,,,,,,07/04/2013 Total,,1,5,4250,7284
,,,,,,09/04/2013,$30K - $50K,1,3,4284,7341
,,,,,,09/04/2013 Total,,1,3,4284,7341
,,,,,,23/04/2013,$10K - $30K,1,7,1062,7730
,,,,,,23/04/2013 Total,,1,7,1062,7730
,,,,,,03/06/2013,$70K - $90K,1,4,4198,8850
,,,,,,03/06/2013 Total,,1,4,4198,8850
,,,,,,28/06/2013,$30K - $50K,1,3,815,9512
,,,,,,28/06/2013 Total,,1,3,815,9512
,,,,,,06/07/2013,$70K - $90K,1,5,1402,9722
,,,,,,06/07/2013 Total,,1,5,1402,9722
,,,,,,25/07/2013,$10K - $30K,1,4,1590,10267
,,,,,,25/07/2013 Total,,1,4,1590,10267
,,,,,,26/07/2013,$70K - $90K,1,5,1402,10313
,,,,,,26/07/2013 Total,,1,5,1402,10313
,,,,,,17/08/2013,$70K - $90K,1,4,1402,10899
,,,,,,17/08/2013 Total,,1,4,1402,10899
,,,,,,21/08/2013,$50K - $70K,1,3,2862,10975
,,,,,,21/08/2013 Total,,1,3,2862,10975
,,,,,,20/09/2013,$130K - $150K,1,4,4250,11765
,,,,,,20/09/2013 Total,,1,4,4250,11765
,,,,,,09/10/2013,$130K - $150K,1,5,7146,12300
,,,,,,09/10/2013 Total,,1,5,7146,12300
,,,,,,11/11/2013,$30K - $50K,1,6,1425,13242
,,,,,,11/11/2013 Total,,1,6,1425,13242
,,,,,,18/11/2013,$50K - $70K,1,4,3762,13436
,,,,,,18/11/2013 Total,,1,4,3762,13436
,,,,,,10/12/2013,$50K - $70K,1,2,2862,13903
,,,,,,10/12/2013 Total,,1,2,2862,13903
,,,,,Mexico Total,,,22,94,73260,198122
,,,,Veracruz Total,,,,22,94,73260,198122
,,,Orizaba Total,,,,,22,94,73260,198122
,,,Portland,OR,USA,25/02/2012,$50K - $70K,1,2,1648,592
,,,,,,25/02/2012 Total,,1,2,1648,592
,,,,,,18/03/2012,$50K - $70K,1,3,1648,904
,,,,,,18/03/2012 Total,,1,3,1648,904
,,,,,,20/03/2012,$50K - $70K,1,5,3202,928
,,,,,,20/03/2012 Total,,1,5,3202,928
,,,,,,22/03/2012,$10K - $30K,1,4,3019,960
,,,,,,22/03/2012 Total,,1,4,3019,960
,,,,,,04/04/2012,$30K - $50K,1,5,4962,1159
,,,,,,04/04/2012 Total,,1,5,4962,1159
,,,,,,22/05/2012,$70K - $90K,1,5,3577,1819
,,,,,,22/05/2012 Total,,1,5,3577,1819
,,,,,,11/06/2012,$10K - $30K,1,4,3273,2055
,,,,,,11/06/2012 Total,,1,4,3273,2055
,,,,,,10/09/2012,$70K - $90K,1,2,4707,3148
,,,,,,10/09/2012 Total,,1,2,4707,3148
,,,,,,27/09/2012,$50K - $70K,1,6,1132,3341
,,,,,,27/09/2012 Total,,1,6,1132,3341
,,,,,,16/12/2012,$50K - $70K,1,3,7331,4431
,,,,,,16/12/2012 Total,,1,3,7331,4431
,,,,,,15/01/2013,$10K - $30K,1,4,6452,5062
,,,,,,15/01/2013 Total,,1,4,6452,5062
,,,,,,12/04/2013,$50K - $70K,1,6,7331,7414
,,,,,,12/04/2013 Total,,1,6,7331,7414
,,,,,,05/05/2013,$50K - $70K,1,3,7338,8057
,,,,,,05/05/2013 Total,,1,3,7338,8057
,,,,,,27/05/2013,$30K - $50K,1,4,8188,8674
,,,,,,27/05/2013 Total,,1,4,8188,8674
,,,,,,12/08/2013,$30K - $50K,1,4,7298,10752
,,,,,,12/08/2013 Total,,1,4,7298,10752
,,,,,,24/08/2013,$110K - $130K,1,6,1049,11066
,,,,,,24/08/2013 Total,,1,6,1049,11066
,,,,,,25/09/2013,$30K - $50K,1,3,473,11930
,,,,,,25/09/2013 Total,,1,3,473,11930
,,,,,,04/10/2013,$10K - $30K,1,5,3068,12181
,,,,,,04/10/2013 Total,,1,5,3068,12181
,,,,,,26/10/2013,$10K - $30K,1,5,2258,12782
,,,,,,26/10/2013 Total,,1,5,2258,12782
,,,,,,27/10/2013,$70K - $90K,1,3,3577,12810
,,,,,,27/10/2013 Total,,1,3,3577,12810
,,,,,,10/11/2013,$90K - $110K,1,4,2352,13207
,,,,,,10/11/2013 Total,,1,4,2352,13207
,,,,,USA Total,,,21,86,83883,133272
,,,,OR Total,,,,21,86,83883,133272
,,,Portland Total,,,,,21,86,83883,133272
,,,Salem,OR,USA,08/01/2012,$10K - $30K,1,4,2327,69
,,,,,,08/01/2012 Total,,1,4,2327,69
,,,,,,12/01/2012,$70K - $90K,1,5,1681,92
,,,,,,12/01/2012 Total,,1,5,1681,92
,,,,,,07/03/2012,$10K - $30K,1,2,2327,735
,,,,,,07/03/2012 Total,,1,2,2327,735
,,,,,,01/04/2012,$30K - $50K,1,4,7569,1106
,,,,,,01/04/2012 Total,,1,4,7569,1106
,,,,,,08/04/2012,$50K - $70K,1,6,5196,1208
,,,,,,08/04/2012 Total,,1,6,5196,1208
,,,,,,21/04/2012,$30K - $50K,1,4,8310,1404
,,,,,,21/04/2012 Total,,1,4,8310,1404
,,,,,,04/05/2012,$10K - $30K,1,5,7359,1584
,,,,,,04/05/2012 Total,,1,5,7359,1584
,,,,,,11/06/2012,$110K - $130K,1,6,6204,2051
,,,,,,11/06/2012 Total,,1,6,6204,2051
,,,,,,10/07/2012,$50K - $70K,1,6,7132,2390
,,,,,,10/07/2012 Total,,1,6,7132,2390
,,,,,,01/08/2012,$110K - $130K,1,5,190,2665
,,,,,,01/08/2012 Total,,1,5,190,2665
,,,,,,15/08/2012,$110K - $130K,1,4,190,2836
,,,,,,15/08/2012 Total,,1,4,190,2836
,,,,,,20/08/2012,$10K - $30K,1,4,7359,2907
,,,,,,20/08/2012 Total,,1,4,7359,2907
,,,,,,24/08/2012,$50K - $70K,1,6,5196,2962
,,,,,,24/08/2012 Total,,1,6,5196,2962
,,,,,,08/10/2012,$50K - $70K,1,7,9025,3505
,,,,,,08/10/2012 Total,,1,7,9025,3505
,,,,,,11/10/2012,$130K - $150K,1,6,208,3539
,,,,,,11/10/2012 Total,,1,6,208,3539
,,,,,,27/10/2012,$10K - $30K,1,4,2656,3718
,,,,,,27/10/2012 Total,,1,4,2656,3718
,,,,,,06/11/2012,$30K - $50K,1,6,188,3864
,,,,,,06/11/2012 Total,,1,6,188,3864
,,,,,,15/12/2012,$50K - $70K,1,2,2638,4423
,,,,,,15/12/2012 Total,,1,2,2638,4423
,,,,,,27/12/2012,$10K - $30K,1,5,6082,4637
,,,,,,27/12/2012 Total,,1,5,6082,4637
,,,,,,13/01/2013,$70K - $90K,1,3,6350,5017
,,,,,,13/01/2013 Total,,1,3,6350,5017
,,,,,,16/04/2013,$90K - $110K,1,4,3548,7524
,,,,,,16/04/2013 Total,,1,4,3548,7524
,,,,,,09/05/2013,$50K - $70K,1,3,1987,8178
,,,,,,09/05/2013 Total,,1,3,1987,8178
,,,,,,23/05/2013,$30K - $50K,1,5,4583,8547
,,,,,,23/05/2013 Total,,1,5,4583,8547
,,,,,,16/06/2013,$10K - $30K,1,3,2656,9192
,,,,,,16/06/2013 Total,,1,3,2656,9192
,,,,,,19/06/2013,$10K - $30K,1,3,9420,9284
,,,,,,19/06/2013 Total,,1,3,9420,9284
,,,,,,12/07/2013,$50K - $70K,1,4,6510,9905
,,,,,,12/07/2013 Total,,1,4,6510,9905
,,,,,,09/09/2013,$30K - $50K,1,4,2716,11455
,,,,,,09/09/2013 Total,,1,4,2716,11455
,,,,,,19/09/2013,$50K - $70K,1,4,9812,11749
,,,,,,19/09/2013 Total,,1,4,9812,11749
,,,,,,07/10/2013,$10K - $30K,1,3,9871,12257
,,,,,,07/10/2013 Total,,1,3,9871,12257
,,,,,,13/10/2013,$50K - $70K,1,5,9025,12429
,,,,,,13/10/2013 Total,,1,5,9025,12429
,,,,,,15/10/2013,$50K - $70K,1,4,2638,12469
,,,,,,,$90K - $110K,1,3,1940,12466
,,,,,,15/10/2013 Total,,2,7,4578,24935
,,,,,,03/11/2013,$30K - $50K,1,3,392,13013
,,,,,,03/11/2013 Total,,1,3,392,13013
,,,,,,13/11/2013,$30K - $50K,1,5,7283,13300
,,,,,,13/11/2013 Total,,1,5,7283,13300
,,,,,,26/11/2013,$50K - $70K,1,4,9812,13629
,,,,,,26/11/2013 Total,,1,4,9812,13629
,,,,,,01/12/2013,$30K - $50K,1,5,188,13741
,,,,,,01/12/2013 Total,,1,5,188,13741
,,,,,,06/12/2013,$130K - $150K,1,7,208,13842
,,,,,,06/12/2013 Total,,1,7,208,13842
,,,,,USA Total,,,37,163,170776,243692
,,,,OR Total,,,,37,163,170776,243692
,,,Salem Total,,,,,37,163,170776,243692
,,,San Andres,DF,Mexico,08/01/2013,$10K - $30K,1,5,9226,4921
,,,,,,08/01/2013 Total,,1,5,9226,4921
,,,,,,16/02/2013,$50K - $70K,1,3,4921,5945
,,,,,,16/02/2013 Total,,1,3,4921,5945
,,,,,,28/02/2013,$90K - $110K,1,5,2462,6304
,,,,,,28/02/2013 Total,,1,5,2462,6304
,,,,,,14/03/2013,$30K - $50K,1,3,2802,6664
,,,,,,14/03/2013 Total,,1,3,2802,6664
,,,,,,11/05/2013,$130K - $150K,1,4,8989,8236
,,,,,,11/05/2013 Total,,1,4,8989,8236
,,,,,,28/05/2013,$30K - $50K,1,5,8510,8697
,,,,,,28/05/2013 Total,,1,5,8510,8697
,,,,,,29/05/2013,$10K - $30K,1,5,2176,8726
,,,,,,29/05/2013 Total,,1,5,2176,8726
,,,,,,07/06/2013,$30K - $50K,1,2,2391,8955
,,,,,,07/06/2013 Total,,1,2,2391,8955
,,,,,,12/06/2013,$10K - $30K,1,4,2649,9080
,,,,,,12/06/2013 Total,,1,4,2649,9080
,,,,,,27/06/2013,$50K - $70K,1,3,9402,9489
,,,,,,27/06/2013 Total,,1,3,9402,9489
,,,,,,18/07/2013,$30K - $50K,1,4,3784,10084
,,,,,,18/07/2013 Total,,1,4,3784,10084
,,,,,,27/08/2013,$30K - $50K,1,3,7627,11132
,,,,,,27/08/2013 Total,,1,3,7627,11132
,,,,,,28/08/2013,$10K - $30K,1,5,8867,11164
,,,,,,28/08/2013 Total,,1,5,8867,11164
,,,,,,15/09/2013,$10K - $30K,1,6,2176,11647
,,,,,,15/09/2013 Total,,1,6,2176,11647
,,,,,,26/09/2013,$50K - $70K,1,4,6461,11966
,,,,,,26/09/2013 Total,,1,4,6461,11966
,,,,,,02/10/2013,$30K - $50K,1,3,9830,12121
,,,,,,02/10/2013 Total,,1,3,9830,12121
,,,,,,05/11/2013,$30K - $50K,1,7,8163,13072
,,,,,,05/11/2013 Total,,1,7,8163,13072
,,,,,,07/11/2013,$30K - $50K,1,5,4377,13120
,,,,,,07/11/2013 Total,,1,5,4377,13120
,,,,,,15/11/2013,$30K - $50K,1,3,1563,13357
,,,,,,15/11/2013 Total,,1,3,1563,13357
,,,,,,03/12/2013,$50K - $70K,1,4,3295,13798
,,,,,,03/12/2013 Total,,1,4,3295,13798
,,,,,Mexico Total,,,20,83,109671,198478
,,,,DF Total,,,,20,83,109671,198478
,,,San Andres Total,,,,,20,83,109671,198478
,,,San Diego,CA,USA,17/01/2012,$70K - $90K,1,6,2775,142
,,,,,,17/01/2012 Total,,1,6,2775,142
,,,,,,10/04/2012,$70K - $90K,1,4,6708,1231
,,,,,,10/04/2012 Total,,1,4,6708,1231
,,,,,,13/04/2012,$30K - $50K,1,3,1984,1284
,,,,,,13/04/2012 Total,,1,3,1984,1284
,,,,,,05/05/2012,$10K - $30K,1,5,985,1601
,,,,,,,$50K - $70K,1,6,1692,1608
,,,,,,,$90K - $110K,1,6,6842,1594
,,,,,,05/05/2012 Total,,3,17,9519,4803
,,,,,,23/05/2012,$30K - $50K,1,5,5598,1832
,,,,,,23/05/2012 Total,,1,5,5598,1832
,,,,,,04/06/2012,$150K +,1,3,8629,1976
,,,,,,04/06/2012 Total,,1,3,8629,1976
,,,,,,20/06/2012,$10K - $30K,1,5,2781,2153
,,,,,,20/06/2012 Total,,1,5,2781,2153
,,,,,,02/07/2012,$50K - $70K,1,5,3688,2312
,,,,,,02/07/2012 Total,,1,5,3688,2312
,,,,,,08/08/2012,$130K - $150K,1,5,8196,2750
,,,,,,08/08/2012 Total,,1,5,8196,2750
,,,,,,09/08/2012,$10K - $30K,1,6,6248,2766
,,,,,,09/08/2012 Total,,1,6,6248,2766
,,,,,,01/09/2012,$70K - $90K,1,5,1204,3049
,,,,,,01/09/2012 Total,,1,5,1204,3049
,,,,,,20/09/2012,$10K - $30K,1,3,10031,3279
,,,,,,20/09/2012 Total,,1,3,10031,3279
,,,,,,23/09/2012,$30K - $50K,1,5,7106,3310
,,,,,,23/09/2012 Total,,1,5,7106,3310
,,,,,,03/11/2012,$10K - $30K,1,5,1146,3808
,,,,,,03/11/2012 Total,,1,5,1146,3808
,,,,,,08/11/2012,$90K - $110K,1,3,4185,3883
,,,,,,08/11/2012 Total,,1,3,4185,3883
,,,,,,01/01/2013,$30K - $50K,1,5,3639,4732
,,,,,,01/01/2013 Total,,1,5,3639,4732
,,,,,,11/01/2013,$30K - $50K,1,5,9629,4963
,,,,,,11/01/2013 Total,,1,5,9629,4963
,,,,,,13/05/2013,$130K - $150K,1,5,2705,8260
,,,,,,13/05/2013 Total,,1,5,2705,8260
,,,,,,11/06/2013,$10K - $30K,1,5,985,9069
,,,,,,11/06/2013 Total,,1,5,985,9069
,,,,,,22/07/2013,$30K - $50K,1,4,9761,10214
,,,,,,22/07/2013 Total,,1,4,9761,10214
,,,,,,26/09/2013,$10K - $30K,1,4,2034,11963
,,,,,,26/09/2013 Total,,1,4,2034,11963
,,,,,,06/10/2013,$30K - $50K,1,6,323,12233
,,,,,,06/10/2013 Total,,1,6,323,12233
,,,,,,25/10/2013,$30K - $50K,1,6,6635,12761
,,,,,,25/10/2013 Total,,1,6,6635,12761
,,,,,,03/11/2013,$90K - $110K,1,5,10251,13019
,,,,,,03/11/2013 Total,,1,5,10251,13019
,,,,,,27/11/2013,$30K - $50K,1,3,6573,13661
,,,,,,27/11/2013 Total,,1,3,6573,13661
,,,,,USA Total,,,27,128,132333,139453
,,,,CA Total,,,,27,128,132333,139453
,,,San Diego Total,,,,,27,128,132333,139453
,,,San Francisco,CA,USA,05/01/2013,$30K - $50K,1,4,3727,4836
,,,,,,05/01/2013 Total,,1,4,3727,4836
,,,,,,09/03/2013,$90K - $110K,1,3,2544,6524
,,,,,,09/03/2013 Total,,1,3,2544,6524
,,,,,,15/09/2013,$70K - $90K,1,4,2379,11629
,,,,,,15/09/2013 Total,,1,4,2379,11629
,,,,,,30/10/2013,$130K - $150K,1,2,8803,12890
,,,,,,30/10/2013 Total,,1,2,8803,12890
,,,,,,03/12/2013,$10K - $30K,1,3,3665,13782
,,,,,,03/12/2013 Total,,1,3,3665,13782
,,,,,,09/12/2013,$30K - $50K,1,5,3658,13876
,,,,,,09/12/2013 Total,,1,5,3658,13876
,,,,,USA Total,,,6,21,24776,63537
,,,,CA Total,,,,6,21,24776,63537
,,,San Francisco Total,,,,,6,21,24776,63537
,,,Seattle,WA,USA,18/01/2012,$90K - $110K,1,4,7075,151
,,,,,,18/01/2012 Total,,1,4,7075,151
,,,,,,26/03/2012,$30K - $50K,1,3,7750,1013
,,,,,,26/03/2012 Total,,1,3,7750,1013
,,,,,,05/04/2012,$10K - $30K,1,5,4282,1167
,,,,,,05/04/2012 Total,,1,5,4282,1167
,,,,,,04/06/2012,$130K - $150K,1,2,8541,1983
,,,,,,04/06/2012 Total,,1,2,8541,1983
,,,,,,14/06/2012,$50K - $70K,2,11,13688,4157
,,,,,,14/06/2012 Total,,2,11,13688,4157
,,,,,,24/08/2012,$50K - $70K,1,5,4841,2957
,,,,,,24/08/2012 Total,,1,5,4841,2957
,,,,,,16/11/2012,$10K - $30K,1,3,3751,3985
,,,,,,16/11/2012 Total,,1,3,3751,3985
,,,,,,29/12/2012,$10K - $30K,1,3,10034,4664
,,,,,,29/12/2012 Total,,1,3,10034,4664
,,,,,,17/01/2013,$70K - $90K,1,3,319,5119
,,,,,,17/01/2013 Total,,1,3,319,5119
,,,,,,02/04/2013,$30K - $50K,1,3,9898,7148
,,,,,,02/04/2013 Total,,1,3,9898,7148
,,,,,,09/04/2013,$50K - $70K,1,2,2035,7335
,,,,,,09/04/2013 Total,,1,2,2035,7335
,,,,,,23/04/2013,$70K - $90K,1,4,6807,7735
,,,,,,23/04/2013 Total,,1,4,6807,7735
,,,,,,25/05/2013,$70K - $90K,1,5,6807,8595
,,,,,,25/05/2013 Total,,1,5,6807,8595
,,,,,,19/06/2013,$50K - $70K,1,4,2566,9293
,,,,,,19/06/2013 Total,,1,4,2566,9293
,,,,,,02/07/2013,$50K - $70K,1,4,5745,9624
,,,,,,02/07/2013 Total,,1,4,5745,9624
,,,,,,09/07/2013,$110K - $130K,1,3,9415,9836
,,,,,,09/07/2013 Total,,1,3,9415,9836
,,,,,,13/07/2013,$50K - $70K,1,2,7807,9946
,,,,,,13/07/2013 Total,,1,2,7807,9946
,,,,,,16/07/2013,$130K - $150K,1,5,9612,10048
,,,,,,16/07/2013 Total,,1,5,9612,10048
,,,,,,19/07/2013,$10K - $30K,1,4,2127,10119
,,,,,,19/07/2013 Total,,1,4,2127,10119
,,,,,,26/07/2013,$10K - $30K,1,6,8259,10287
,,,,,,26/07/2013 Total,,1,6,8259,10287
,,,,,,16/08/2013,$70K - $90K,1,4,5723,10870
,,,,,,16/08/2013 Total,,1,4,5723,10870
,,,,,,08/09/2013,$30K - $50K,1,4,440,11434
,,,,,,08/09/2013 Total,,1,4,440,11434
,,,,,,12/11/2013,$150K +,1,4,2844,13265
,,,,,,12/11/2013 Total,,1,4,2844,13265
,,,,,,21/11/2013,$50K - $70K,1,4,7218,13499
,,,,,,21/11/2013 Total,,1,4,7218,13499
,,,,,,24/11/2013,$30K - $50K,1,5,6771,13589
,,,,,,24/11/2013 Total,,1,5,6771,13589
,,,,,USA Total,,,26,102,154355,187819
,,,,WA Total,,,,26,102,154355,187819
,,,Seattle Total,,,,,26,102,154355,187819
,,,Spokane,WA,USA,19/01/2012,$150K +,1,5,4727,161
,,,,,,19/01/2012 Total,,1,5,4727,161
,,,,,,23/01/2012,$150K +,1,5,4727,201
,,,,,,23/01/2012 Total,,1,5,4727,201
,,,,,,24/02/2012,$70K - $90K,1,5,3491,571
,,,,,,24/02/2012 Total,,1,5,3491,571
,,,,,,02/03/2012,$50K - $70K,2,9,16550,1335
,,,,,,02/03/2012 Total,,2,9,16550,1335
,,,,,,09/03/2012,$50K - $70K,1,4,8275,765
,,,,,,09/03/2012 Total,,1,4,8275,765
,,,,,,12/03/2012,$30K - $50K,1,2,7051,809
,,,,,,12/03/2012 Total,,1,2,7051,809
,,,,,,26/03/2012,$130K - $150K,1,6,4868,1007
,,,,,,26/03/2012 Total,,1,6,4868,1007
,,,,,,27/03/2012,$10K - $30K,1,4,1310,1026
,,,,,,27/03/2012 Total,,1,4,1310,1026
,,,,,,08/07/2012,$150K +,1,6,4727,2368
,,,,,,08/07/2012 Total,,1,6,4727,2368
,,,,,,12/09/2012,$50K - $70K,1,5,192,3177
,,,,,,12/09/2012 Total,,1,5,192,3177
,,,,,,26/09/2012,$10K - $30K,1,5,1310,3339
,,,,,,26/09/2012 Total,,1,5,1310,3339
,,,,,,08/11/2012,$130K - $150K,1,4,4175,3877
,,,,,,08/11/2012 Total,,1,4,4175,3877
,,,,,,03/12/2012,$30K - $50K,1,4,7051,4230
,,,,,,03/12/2012 Total,,1,4,7051,4230
,,,,,,15/02/2013,$130K - $150K,1,4,4868,5899
,,,,,,15/02/2013 Total,,1,4,4868,5899
,,,,,,24/03/2013,$70K - $90K,1,7,2378,6912
,,,,,,24/03/2013 Total,,1,7,2378,6912
,,,,,,15/04/2013,$30K - $50K,1,6,4391,7490
,,,,,,15/04/2013 Total,,1,6,4391,7490
,,,,,,04/05/2013,$10K - $30K,1,2,511,8001
,,,,,,04/05/2013 Total,,1,2,511,8001
,,,,,,30/05/2013,$50K - $70K,1,4,9797,8746
,,,,,,30/05/2013 Total,,1,4,9797,8746
,,,,,,30/06/2013,$30K - $50K,1,5,9263,9571
,,,,,,30/06/2013 Total,,1,5,9263,9571
,,,,,,26/07/2013,$30K - $50K,1,3,10173,10284
,,,,,,26/07/2013 Total,,1,3,10173,10284
,,,,,,28/08/2013,$30K - $50K,1,4,2201,11161
,,,,,,28/08/2013 Total,,1,4,2201,11161
,,,,,,13/09/2013,$70K - $90K,1,3,8511,11581
,,,,,,13/09/2013 Total,,1,3,8511,11581
,,,,,,30/09/2013,$50K - $70K,1,4,8275,12071
,,,,,,30/09/2013 Total,,1,4,8275,12071
,,,,,,22/11/2013,$70K - $90K,1,3,2378,13539
,,,,,,22/11/2013 Total,,1,3,2378,13539
,,,,,USA Total,,,25,109,131200,128121
,,,,WA Total,,,,25,109,131200,128121
,,,Spokane Total,,,,,25,109,131200,128121
,,,Tacoma,WA,USA,09/02/2012,$50K - $70K,1,4,9752,411
,,,,,,09/02/2012 Total,,1,4,9752,411
,,,,,,13/02/2012,$10K - $30K,1,3,3160,452
,,,,,,13/02/2012 Total,,1,3,3160,452
,,,,,,03/03/2012,$10K - $30K,1,5,5341,677
,,,,,,03/03/2012 Total,,1,5,5341,677
,,,,,,08/03/2012,$30K - $50K,1,4,3528,752
,,,,,,08/03/2012 Total,,1,4,3528,752
,,,,,,18/04/2012,$50K - $70K,1,4,1556,1365
,,,,,,18/04/2012 Total,,1,4,1556,1365
,,,,,,24/04/2012,$10K - $30K,1,3,3328,1442
,,,,,,24/04/2012 Total,,1,3,3328,1442
,,,,,,26/05/2012,$30K - $50K,1,5,3528,1868
,,,,,,26/05/2012 Total,,1,5,3528,1868
,,,,,,12/07/2012,$10K - $30K,1,5,8551,2415
,,,,,,12/07/2012 Total,,1,5,8551,2415
,,,,,,21/07/2012,$50K - $70K,1,4,6760,2533
,,,,,,21/07/2012 Total,,1,4,6760,2533
,,,,,,03/08/2012,$50K - $70K,1,3,6760,2699
,,,,,,03/08/2012 Total,,1,3,6760,2699
,,,,,,20/10/2012,$30K - $50K,1,5,1965,3637
,,,,,,20/10/2012 Total,,1,5,1965,3637
,,,,,,02/11/2012,$70K - $90K,1,2,6313,3800
,,,,,,02/11/2012 Total,,1,2,6313,3800
,,,,,,03/11/2012,$50K - $70K,1,4,6760,3811
,,,,,,03/11/2012 Total,,1,4,6760,3811
,,,,,,12/11/2012,$130K - $150K,1,3,158,3924
,,,,,,,$30K - $50K,1,5,10262,3927
,,,,,,12/11/2012 Total,,2,8,10420,7851
,,,,,,20/11/2012,$130K - $150K,1,5,158,4046
,,,,,,20/11/2012 Total,,1,5,158,4046
,,,,,,22/11/2012,$30K - $50K,1,2,5410,4072
,,,,,,22/11/2012 Total,,1,2,5410,4072
,,,,,,12/12/2012,$30K - $50K,1,4,9006,4381
,,,,,,12/12/2012 Total,,1,4,9006,4381
,,,,,,09/02/2013,$10K - $30K,1,4,9997,5755
,,,,,,09/02/2013 Total,,1,4,9997,5755
,,,,,,12/02/2013,$50K - $70K,1,6,10131,5824
,,,,,,12/02/2013 Total,,1,6,10131,5824
,,,,,,15/03/2013,$70K - $90K,1,3,6138,6694
,,,,,,15/03/2013 Total,,1,3,6138,6694
,,,,,,12/04/2013,$30K - $50K,1,4,5398,7421
,,,,,,12/04/2013 Total,,1,4,5398,7421
,,,,,,13/04/2013,$10K - $30K,1,2,5341,7447
,,,,,,,$30K - $50K,1,4,9006,7440
,,,,,,13/04/2013 Total,,2,6,14347,14887
,,,,,,19/04/2013,$150K +,1,3,6960,7592
,,,,,,19/04/2013 Total,,1,3,6960,7592
,,,,,,20/04/2013,$70K - $90K,1,4,8435,7619
,,,,,,20/04/2013 Total,,1,4,8435,7619
,,,,,,03/05/2013,$50K - $70K,1,3,9064,7980
,,,,,,03/05/2013 Total,,1,3,9064,7980
,,,,,,02/06/2013,$30K - $50K,1,5,1965,8827
,,,,,,02/06/2013 Total,,1,5,1965,8827
,,,,,,04/06/2013,$70K - $90K,1,5,2947,8876
,,,,,,04/06/2013 Total,,1,5,2947,8876
,,,,,,04/07/2013,$10K - $30K,1,5,3328,9685
,,,,,,04/07/2013 Total,,1,5,3328,9685
,,,,,,29/07/2013,$110K - $130K,1,4,7065,10366
,,,,,,29/07/2013 Total,,1,4,7065,10366
,,,,,,03/10/2013,$30K - $50K,1,5,6347,12152
,,,,,,03/10/2013 Total,,1,5,6347,12152
,,,,,,04/10/2013,$30K - $50K,1,4,6347,12176
,,,,,,04/10/2013 Total,,1,4,6347,12176
,,,,,,15/10/2013,$30K - $50K,1,4,1004,12465
,,,,,,,$70K - $90K,1,5,2947,12470
,,,,,,15/10/2013 Total,,2,9,3951,24935
,,,,,,23/10/2013,$50K - $70K,1,6,5962,12684
,,,,,,23/10/2013 Total,,1,6,5962,12684
,,,,,,07/11/2013,$150K +,1,5,6960,13123
,,,,,,07/11/2013 Total,,1,5,6960,13123
,,,,,,25/11/2013,$30K - $50K,1,4,1345,13598
,,,,,,25/11/2013 Total,,1,4,1345,13598
,,,,,USA Total,,,38,155,208983,236406
,,,,WA Total,,,,38,155,208983,236406
,,,Tacoma Total,,,,,38,155,208983,236406
,,,Vancouver,BC,Canada,08/03/2013,$10K - $30K,1,4,10154,6503
,,,,,,08/03/2013 Total,,1,4,10154,6503
,,,,,,13/05/2013,$30K - $50K,2,6,15256,16530
,,,,,,13/05/2013 Total,,2,6,15256,16530
,,,,,,01/07/2013,$110K - $130K,1,2,7630,9600
,,,,,,01/07/2013 Total,,1,2,7630,9600
,,,,,,07/07/2013,$30K - $50K,1,3,3933,9782
,,,,,,07/07/2013 Total,,1,3,3933,9782
,,,,,,09/08/2013,$30K - $50K,1,5,518,10674
,,,,,,09/08/2013 Total,,1,5,518,10674
,,,,,,09/10/2013,$30K - $50K,1,5,345,12317
,,,,,,09/10/2013 Total,,1,5,345,12317
,,,,,,12/10/2013,$50K - $70K,1,2,6693,12381
,,,,,,12/10/2013 Total,,1,2,6693,12381
,,,,,,12/11/2013,$30K - $50K,1,4,2657,13279
,,,,,,12/11/2013 Total,,1,4,2657,13279
,,,,,,13/11/2013,$10K - $30K,1,5,9086,13313
,,,,,,13/11/2013 Total,,1,5,9086,13313
,,,,,,10/12/2013,$30K - $50K,2,6,8093,27795
,,,,,,10/12/2013 Total,,2,6,8093,27795
,,,,,Canada Total,,,12,42,64365,132174
,,,,BC Total,,,,12,42,64365,132174
,,,Vancouver Total,,,,,12,42,64365,132174
,,,Victoria,BC,Canada,07/03/2013,$30K - $50K,1,4,5921,6485
,,,,,,07/03/2013 Total,,1,4,5921,6485
,,,,,,09/06/2013,$10K - $30K,1,6,6597,9021
,,,,,,09/06/2013 Total,,1,6,6597,9021
,,,,,,01/08/2013,$10K - $30K,1,4,10242,10444
,,,,,,01/08/2013 Total,,1,4,10242,10444
,,,,,,12/08/2013,$50K - $70K,1,5,6152,10754
,,,,,,12/08/2013 Total,,1,5,6152,10754
,,,,,Canada Total,,,4,19,28912,36704
,,,,BC Total,,,,4,19,28912,36704
,,,Victoria Total,,,,,4,19,28912,36704
,,,Walla Walla,WA,USA,03/08/2012,$150K +,1,2,5461,2692
,,,,,,03/08/2012 Total,,1,2,5461,2692
,,,,,,21/12/2013,$10K - $30K,1,3,4822,14006
,,,,,,21/12/2013 Total,,1,3,4822,14006
,,,,,USA Total,,,2,5,10283,16698
,,,,WA Total,,,,2,5,10283,16698
,,,Walla Walla Total,,,,,2,5,10283,16698
,,,Yakima,WA,USA,02/07/2012,$50K - $70K,1,3,5019,2301
,,,,,,02/07/2012 Total,,1,3,5019,2301
,,,,,,07/09/2012,$130K - $150K,1,5,7896,3123
,,,,,,07/09/2012 Total,,1,5,7896,3123
,,,,,,15/10/2012,$110K - $130K,1,4,2981,3585
,,,,,,15/10/2012 Total,,1,4,2981,3585
,,,,,,04/11/2012,$150K +,1,3,354,3820
,,,,,,04/11/2012 Total,,1,3,354,3820
,,,,,,05/11/2012,$30K - $50K,1,2,5999,3840
,,,,,,05/11/2012 Total,,1,2,5999,3840
,,,,,,27/11/2012,$130K - $150K,1,2,7896,4149
,,,,,,27/11/2012 Total,,1,2,7896,4149
,,,,,,22/01/2013,$70K - $90K,1,5,9169,5257
,,,,,,22/01/2013 Total,,1,5,9169,5257
,,,,,,30/07/2013,$130K - $150K,1,4,8578,10408
,,,,,,30/07/2013 Total,,1,4,8578,10408
,,,,,,08/08/2013,$130K - $150K,1,6,8578,10638
,,,,,,08/08/2013 Total,,1,6,8578,10638
,,,,,,14/11/2013,$130K - $150K,1,5,7896,13350
,,,,,,14/11/2013 Total,,1,5,7896,13350
,,,,,USA Total,,,10,39,64366,60471
,,,,WA Total,,,,10,39,64366,60471
,,,Yakima Total,,,,,10,39,64366,60471
,,M Total,,,,,,409,1693,2060184,2956909
,,S,Acapulco,Guerrero,Mexico,27/12/2012,$50K - $70K,1,6,6563,4640
,,,,,,27/12/2012 Total,,1,6,6563,4640
,,,,,,08/01/2013,$50K - $70K,1,3,6563,4913
,,,,,,08/01/2013 Total,,1,3,6563,4913
,,,,,,01/02/2013,$70K - $90K,1,3,2622,5517
,,,,,,01/02/2013 Total,,1,3,2622,5517
,,,,,,01/03/2013,$30K - $50K,1,6,5617,6312
,,,,,,01/03/2013 Total,,1,6,5617,6312
,,,,,,08/06/2013,$70K - $90K,1,6,3747,8984
,,,,,,08/06/2013 Total,,1,6,3747,8984
,,,,,,25/06/2013,$30K - $50K,1,3,3713,9458
,,,,,,25/06/2013 Total,,1,3,3713,9458
,,,,,,17/07/2013,$10K - $30K,1,5,7213,10049
,,,,,,17/07/2013 Total,,1,5,7213,10049
,,,,,,19/07/2013,$30K - $50K,1,4,1560,10130
,,,,,,19/07/2013 Total,,1,4,1560,10130
,,,,,,27/11/2013,$10K - $30K,1,6,9585,13662
,,,,,,27/11/2013 Total,,1,6,9585,13662
,,,,,,14/12/2013,$10K - $30K,1,5,3613,13949
,,,,,,14/12/2013 Total,,1,5,3613,13949
,,,,,Mexico Total,,,10,47,50796,87614
,,,,Guerrero Total,,,,10,47,50796,87614
,,,Acapulco Total,,,,,10,47,50796,87614
,,,Bellingham,WA,USA,21/06/2012,$30K - $50K,1,4,7843,2167
,,,,,,21/06/2012 Total,,1,4,7843,2167
,,,,,,04/06/2013,$30K - $50K,1,2,7147,8883
,,,,,,04/06/2013 Total,,1,2,7147,8883
,,,,,,02/09/2013,$30K - $50K,1,5,7843,11294
,,,,,,02/09/2013 Total,,1,5,7843,11294
,,,,,,10/10/2013,$50K - $70K,1,1,10063,12331
,,,,,,10/10/2013 Total,,1,1,10063,12331
,,,,,,12/11/2013,$30K - $50K,1,1,1586,13272
,,,,,,12/11/2013 Total,,1,1,1586,13272
,,,,,USA Total,,,5,13,34482,47947
,,,,WA Total,,,,5,13,34482,47947
,,,Bellingham Total,,,,,5,13,34482,47947
,,,Beverly Hills,CA,USA,04/03/2012,$110K - $130K,1,4,4626,692
,,,,,,04/03/2012 Total,,1,4,4626,692
,,,,,,08/04/2012,$70K - $90K,1,6,5548,1213
,,,,,,08/04/2012 Total,,1,6,5548,1213
,,,,,,25/04/2012,$30K - $50K,1,5,4525,1460
,,,,,,25/04/2012 Total,,1,5,4525,1460
,,,,,,07/05/2012,$50K - $70K,1,3,7619,1631
,,,,,,07/05/2012 Total,,1,3,7619,1631
,,,,,,17/06/2012,$50K - $70K,1,6,665,2118
,,,,,,17/06/2012 Total,,1,6,665,2118
,,,,,,15/07/2012,$10K - $30K,1,5,9476,2454
,,,,,,15/07/2012 Total,,1,5,9476,2454
,,,,,,19/07/2012,$30K - $50K,1,5,2385,2515
,,,,,,19/07/2012 Total,,1,5,2385,2515
,,,,,,01/08/2012,$70K - $90K,1,3,682,2666
,,,,,,01/08/2012 Total,,1,3,682,2666
,,,,,,06/11/2012,$10K - $30K,1,3,2869,3854
,,,,,,06/11/2012 Total,,1,3,2869,3854
,,,,,,19/12/2012,$70K - $90K,1,5,10065,4485
,,,,,,19/12/2012 Total,,1,5,10065,4485
,,,,,,27/12/2012,$110K - $130K,1,4,4486,4641
,,,,,,27/12/2012 Total,,1,4,4486,4641
,,,,,,03/02/2013,$10K - $30K,1,3,7599,5574
,,,,,,03/02/2013 Total,,1,3,7599,5574
,,,,,,02/04/2013,$30K - $50K,1,4,487,7156
,,,,,,02/04/2013 Total,,1,4,487,7156
,,,,,,13/04/2013,$30K - $50K,1,6,487,7441
,,,,,,13/04/2013 Total,,1,6,487,7441
,,,,,,17/06/2013,$10K - $30K,1,5,8266,9217
,,,,,,17/06/2013 Total,,1,5,8266,9217
,,,,,,11/07/2013,$70K - $90K,1,5,6254,9895
,,,,,,11/07/2013 Total,,1,5,6254,9895
,,,,,,10/09/2013,$70K - $90K,1,3,4520,11521
,,,,,,10/09/2013 Total,,1,3,4520,11521
,,,,,,10/11/2013,$10K - $30K,1,6,10209,13205
,,,,,,10/11/2013 Total,,1,6,10209,13205
,,,,,,14/11/2013,$30K - $50K,1,3,2237,13341
,,,,,,14/11/2013 Total,,1,3,2237,13341
,,,,,,01/12/2013,$10K - $30K,1,2,10209,13740
,,,,,,01/12/2013 Total,,1,2,10209,13740
,,,,,,04/12/2013,$50K - $70K,1,5,8754,13805
,,,,,,04/12/2013 Total,,1,5,8754,13805
,,,,,USA Total,,,21,91,111968,132624
,,,,CA Total,,,,21,91,111968,132624
,,,Beverly Hills Total,,,,,21,91,111968,132624
,,,Bremerton,WA,USA,15/01/2012,$130K - $150K,1,4,10240,124
,,,,,,15/01/2012 Total,,1,4,10240,124
,,,,,,13/02/2012,$50K - $70K,1,5,2896,451
,,,,,,13/02/2012 Total,,1,5,2896,451
,,,,,,14/02/2012,$70K - $90K,1,5,76,460
,,,,,,14/02/2012 Total,,1,5,76,460
,,,,,,15/03/2012,$50K - $70K,1,4,9781,858
,,,,,,15/03/2012 Total,,1,4,9781,858
,,,,,,30/04/2012,$30K - $50K,1,4,3288,1522
,,,,,,30/04/2012 Total,,1,4,3288,1522
,,,,,,05/05/2012,$10K - $30K,1,6,7413,1600
,,,,,,05/05/2012 Total,,1,6,7413,1600
,,,,,,06/05/2012,$30K - $50K,1,4,3288,1616
,,,,,,06/05/2012 Total,,1,4,3288,1616
,,,,,,19/06/2012,$30K - $50K,1,3,7743,2142
,,,,,,19/06/2012 Total,,1,3,7743,2142
,,,,,,29/06/2012,$50K - $70K,1,3,4234,2275
,,,,,,29/06/2012 Total,,1,3,4234,2275
,,,,,,17/07/2012,$150K +,1,3,760,2497
,,,,,,,$70K - $90K,1,4,76,2488
,,,,,,17/07/2012 Total,,2,7,836,4985
,,,,,,20/07/2012,$150K +,1,5,760,2530
,,,,,,20/07/2012 Total,,1,5,760,2530
,,,,,,27/08/2012,$30K - $50K,1,4,5537,2990
,,,,,,27/08/2012 Total,,1,4,5537,2990
,,,,,,06/09/2012,$30K - $50K,1,3,1610,3106
,,,,,,06/09/2012 Total,,1,3,1610,3106
,,,,,,16/09/2012,$70K - $90K,1,5,3816,3221
,,,,,,16/09/2012 Total,,1,5,3816,3221
,,,,,,24/09/2012,$50K - $70K,1,5,9781,3316
,,,,,,24/09/2012 Total,,1,5,9781,3316
,,,,,,19/10/2012,$130K - $150K,1,2,10240,3633
,,,,,,19/10/2012 Total,,1,2,10240,3633
,,,,,,30/10/2012,$150K +,1,4,2298,3757
,,,,,,30/10/2012 Total,,1,4,2298,3757
,,,,,,14/11/2012,$30K - $50K,1,6,1610,3942
,,,,,,14/11/2012 Total,,1,6,1610,3942
,,,,,,26/12/2012,$30K - $50K,1,2,6291,4609
,,,,,,26/12/2012 Total,,1,2,6291,4609
,,,,,,17/01/2013,$10K - $30K,1,5,355,5123
,,,,,,17/01/2013 Total,,1,5,355,5123
,,,,,,01/02/2013,$30K - $50K,1,3,1758,5529
,,,,,,01/02/2013 Total,,1,3,1758,5529
,,,,,,16/02/2013,$130K - $150K,1,3,10240,5938
,,,,,,16/02/2013 Total,,1,3,10240,5938
,,,,,,16/03/2013,$50K - $70K,1,4,8966,6708
,,,,,,16/03/2013 Total,,1,4,8966,6708
,,,,,,17/03/2013,$10K - $30K,1,3,3218,6733
,,,,,,17/03/2013 Total,,1,3,3218,6733
,,,,,,02/05/2013,$10K - $30K,1,6,2368,7951
,,,,,,02/05/2013 Total,,1,6,2368,7951
,,,,,,30/05/2013,$10K - $30K,1,3,7810,8737
,,,,,,30/05/2013 Total,,1,3,7810,8737
,,,,,,21/06/2013,$50K - $70K,1,5,4234,9351
,,,,,,21/06/2013 Total,,1,5,4234,9351
,,,,,,08/07/2013,$10K - $30K,1,3,7413,9803
,,,,,,08/07/2013 Total,,1,3,7413,9803
,,,,,,03/08/2013,$10K - $30K,1,3,878,10496
,,,,,,03/08/2013 Total,,1,3,878,10496
,,,,,,05/08/2013,$30K - $50K,1,2,10033,10562
,,,,,,05/08/2013 Total,,1,2,10033,10562
,,,,,,06/10/2013,$30K - $50K,1,2,1610,12215
,,,,,,06/10/2013 Total,,1,2,1610,12215
,,,,,,02/11/2013,$50K - $70K,1,6,4234,12999
,,,,,,02/11/2013 Total,,1,6,4234,12999
,,,,,,03/12/2013,$10K - $30K,1,3,3242,13801
,,,,,,03/12/2013 Total,,1,3,3242,13801
,,,,,USA Total,,,34,132,158097,173083
,,,,WA Total,,,,34,132,158097,173083
,,,Bremerton Total,,,,,34,132,158097,173083
,,,Camacho,Zacatecas,Mexico,08/01/2013,$50K - $70K,1,4,4174,4908
,,,,,,08/01/2013 Total,,1,4,4174,4908
,,,,,,16/02/2013,$30K - $50K,1,3,8973,5930
,,,,,,16/02/2013 Total,,1,3,8973,5930
,,,,,,20/02/2013,$30K - $50K,1,3,8973,6067
,,,,,,20/02/2013 Total,,1,3,8973,6067
,,,,,,23/02/2013,$10K - $30K,1,5,7593,6149
,,,,,,23/02/2013 Total,,1,5,7593,6149
,,,,,,02/03/2013,$30K - $50K,1,4,3909,6352
,,,,,,02/03/2013 Total,,1,4,3909,6352
,,,,,,08/04/2013,$50K - $70K,1,3,9820,7301
,,,,,,08/04/2013 Total,,1,3,9820,7301
,,,,,,28/04/2013,$130K - $150K,1,3,4374,7857
,,,,,,28/04/2013 Total,,1,3,4374,7857
,,,,,,05/07/2013,$70K - $90K,1,6,7121,9717
,,,,,,05/07/2013 Total,,1,6,7121,9717
,,,,,,12/09/2013,$10K - $30K,1,5,5294,11548
,,,,,,12/09/2013 Total,,1,5,5294,11548
,,,,,,13/09/2013,$10K - $30K,1,4,5294,11575
,,,,,,13/09/2013 Total,,1,4,5294,11575
,,,,,,19/10/2013,$30K - $50K,1,4,1845,12566
,,,,,,19/10/2013 Total,,1,4,1845,12566
,,,,,,18/11/2013,$50K - $70K,1,5,2015,13437
,,,,,,18/11/2013 Total,,1,5,2015,13437
,,,,,,30/11/2013,$10K - $30K,1,4,5294,13721
,,,,,,30/11/2013 Total,,1,4,5294,13721
,,,,,,01/12/2013,$130K - $150K,1,5,4374,13747
,,,,,,01/12/2013 Total,,1,5,4374,13747
,,,,,Mexico Total,,,14,58,79053,130875
,,,,Zacatecas Total,,,,14,58,79053,130875
,,,Camacho Total,,,,,14,58,79053,130875
,,,Guadalajara,Jalisco,Mexico,11/02/2013,$10K - $30K,1,2,6629,5804
,,,,,,11/02/2013 Total,,1,2,6629,5804
,,,,,,13/02/2013,$10K - $30K,1,4,6629,5860
,,,,,,13/02/2013 Total,,1,4,6629,5860
,,,,,,15/06/2013,$10K - $30K,1,3,9514,9168
,,,,,,15/06/2013 Total,,1,3,9514,9168
,,,,,,18/06/2013,$30K - $50K,1,1,4154,9256
,,,,,,18/06/2013 Total,,1,1,4154,9256
,,,,,,30/07/2013,$10K - $30K,1,3,4882,10406
,,,,,,30/07/2013 Total,,1,3,4882,10406
,,,,,,10/10/2013,$70K - $90K,1,3,3439,12340
,,,,,,10/10/2013 Total,,1,3,3439,12340
,,,,,Mexico Total,,,6,16,35247,52834
,,,,Jalisco Total,,,,6,16,35247,52834
,,,Guadalajara Total,,,,,6,16,35247,52834
,,,Hidalgo,Zacatecas,Mexico,16/01/2013,$30K - $50K,1,4,5148,5109
,,,,,,16/01/2013 Total,,1,4,5148,5109
,,,,,,10/02/2013,$10K - $30K,1,3,5348,5772
,,,,,,10/02/2013 Total,,1,3,5348,5772
,,,,,,19/03/2013,$10K - $30K,1,5,4731,6785
,,,,,,19/03/2013 Total,,1,5,4731,6785
,,,,,,09/04/2013,$70K - $90K,1,6,4049,7342
,,,,,,09/04/2013 Total,,1,6,4049,7342
,,,,,,16/05/2013,$70K - $90K,1,2,6934,8339
,,,,,,16/05/2013 Total,,1,2,6934,8339
,,,,,,27/05/2013,$10K - $30K,1,4,4731,8667
,,,,,,27/05/2013 Total,,1,4,4731,8667
,,,,,,15/06/2013,$30K - $50K,1,4,1636,9167
,,,,,,15/06/2013 Total,,1,4,1636,9167
,,,,,,30/06/2013,$70K - $90K,1,4,4325,9584
,,,,,,30/06/2013 Total,,1,4,4325,9584
,,,,,,04/07/2013,$70K - $90K,1,3,8040,9678
,,,,,,04/07/2013 Total,,1,3,8040,9678
,,,,,,11/07/2013,$90K - $110K,1,5,1942,9898
,,,,,,11/07/2013 Total,,1,5,1942,9898
,,,,,,14/07/2013,$30K - $50K,1,5,7782,9980
,,,,,,14/07/2013 Total,,1,5,7782,9980
,,,,,,03/08/2013,$70K - $90K,1,6,8279,10502
,,,,,,03/08/2013 Total,,1,6,8279,10502
,,,,,,06/09/2013,$30K - $50K,1,4,272,11402
,,,,,,06/09/2013 Total,,1,4,272,11402
,,,,,,07/09/2013,$90K - $110K,1,4,1571,11406
,,,,,,07/09/2013 Total,,1,4,1571,11406
,,,,,,10/09/2013,$70K - $90K,1,2,4325,11489
,,,,,,10/09/2013 Total,,1,2,4325,11489
,,,,,,12/09/2013,$50K - $70K,1,5,4914,11554
,,,,,,12/09/2013 Total,,1,5,4914,11554
,,,,,,19/09/2013,$10K - $30K,1,5,5348,11753
,,,,,,,$30K - $50K,1,3,1636,11741
,,,,,,19/09/2013 Total,,2,8,6984,23494
,,,,,,20/09/2013,$130K - $150K,1,5,5740,11785
,,,,,,20/09/2013 Total,,1,5,5740,11785
,,,,,,23/09/2013,$10K - $30K,1,4,4731,11862
,,,,,,23/09/2013 Total,,1,4,4731,11862
,,,,,,19/10/2013,$30K - $50K,1,5,1636,12588
,,,,,,19/10/2013 Total,,1,5,1636,12588
,,,,,,29/10/2013,$10K - $30K,1,4,3858,12872
,,,,,,29/10/2013 Total,,1,4,3858,12872
,,,,,,26/11/2013,$70K - $90K,1,2,6934,13632
,,,,,,26/11/2013 Total,,1,2,6934,13632
,,,,,,29/11/2013,$130K - $150K,1,5,5740,13700
,,,,,,29/11/2013 Total,,1,5,5740,13700
,,,,,Mexico Total,,,24,99,109650,246607
,,,,Zacatecas Total,,,,24,99,109650,246607
,,,Hidalgo Total,,,,,24,99,109650,246607
,,,Los Angeles,CA,USA,28/12/2011,$30K - $50K,1,3,5717,18
,,,,,,28/12/2011 Total,,1,3,5717,18
,,,,,,28/02/2012,$30K - $50K,1,4,5887,628
,,,,,,28/02/2012 Total,,1,4,5887,628
,,,,,,19/03/2012,$30K - $50K,1,6,7536,919
,,,,,,19/03/2012 Total,,1,6,7536,919
,,,,,,24/03/2012,$30K - $50K,1,4,8125,984
,,,,,,24/03/2012 Total,,1,4,8125,984
,,,,,,03/04/2012,$10K - $30K,1,3,2314,1133
,,,,,,03/04/2012 Total,,1,3,2314,1133
,,,,,,16/04/2012,$10K - $30K,1,4,9275,1337
,,,,,,16/04/2012 Total,,1,4,9275,1337
,,,,,,06/05/2012,$10K - $30K,1,3,4100,1617
,,,,,,06/05/2012 Total,,1,3,4100,1617
,,,,,,19/05/2012,$90K - $110K,1,5,115,1783
,,,,,,19/05/2012 Total,,1,5,115,1783
,,,,,,21/05/2012,$10K - $30K,1,5,7076,1807
,,,,,,21/05/2012 Total,,1,5,7076,1807
,,,,,,08/06/2012,$30K - $50K,1,5,4525,2030
,,,,,,08/06/2012 Total,,1,5,4525,2030
,,,,,,16/08/2012,$30K - $50K,1,2,405,2851
,,,,,,16/08/2012 Total,,1,2,405,2851
,,,,,,23/10/2012,$30K - $50K,1,6,49,3668
,,,,,,23/10/2012 Total,,1,6,49,3668
,,,,,,09/11/2012,$30K - $50K,1,5,2770,3896
,,,,,,09/11/2012 Total,,1,5,2770,3896
,,,,,,18/11/2012,$10K - $30K,1,6,2869,4021
,,,,,,18/11/2012 Total,,1,6,2869,4021
,,,,,,03/01/2013,$110K - $130K,1,5,4486,4789
,,,,,,03/01/2013 Total,,1,5,4486,4789
,,,,,,06/02/2013,$50K - $70K,1,3,4188,5667
,,,,,,06/02/2013 Total,,1,3,4188,5667
,,,,,,07/04/2013,$110K - $130K,1,5,4626,7268
,,,,,,07/04/2013 Total,,1,5,4626,7268
,,,,,,02/07/2013,$30K - $50K,1,4,8658,9640
,,,,,,02/07/2013 Total,,1,4,8658,9640
,,,,,,10/07/2013,$70K - $90K,1,4,1750,9851
,,,,,,10/07/2013 Total,,1,4,1750,9851
,,,,,,28/08/2013,$10K - $30K,1,4,7660,11159
,,,,,,28/08/2013 Total,,1,4,7660,11159
,,,,,,13/11/2013,$30K - $50K,1,6,5920,13311
,,,,,,13/11/2013 Total,,1,6,5920,13311
,,,,,,29/11/2013,$10K - $30K,1,6,6283,13703
,,,,,,29/11/2013 Total,,1,6,6283,13703
,,,,,USA Total,,,22,98,104334,102080
,,,,CA Total,,,,22,98,104334,102080
,,,Los Angeles Total,,,,,22,98,104334,102080
,,,Merida,Yucatan,Mexico,17/01/2013,$50K - $70K,1,4,5129,5129
,,,,,,17/01/2013 Total,,1,4,5129,5129
,,,,,,18/01/2013,$30K - $50K,1,3,4068,5146
,,,,,,18/01/2013 Total,,1,3,4068,5146
,,,,,,31/01/2013,$30K - $50K,1,4,4495,5481
,,,,,,31/01/2013 Total,,1,4,4495,5481
,,,,,,05/02/2013,$70K - $90K,1,4,5102,5622
,,,,,,05/02/2013 Total,,1,4,5102,5622
,,,,,,06/02/2013,$30K - $50K,1,6,1593,5656
,,,,,,06/02/2013 Total,,1,6,1593,5656
,,,,,,10/02/2013,$50K - $70K,1,4,7315,5761
,,,,,,10/02/2013 Total,,1,4,7315,5761
,,,,,,26/02/2013,$30K - $50K,1,4,2475,6227
,,,,,,26/02/2013 Total,,1,4,2475,6227
,,,,,,09/03/2013,$30K - $50K,1,4,2475,6518
,,,,,,09/03/2013 Total,,1,4,2475,6518
,,,,,,23/03/2013,$90K - $110K,1,4,1050,6878
,,,,,,23/03/2013 Total,,1,4,1050,6878
,,,,,,21/04/2013,$50K - $70K,1,5,6387,7670
,,,,,,21/04/2013 Total,,1,5,6387,7670
,,,,,,26/04/2013,$50K - $70K,1,3,6387,7803
,,,,,,26/04/2013 Total,,1,3,6387,7803
,,,,,,13/05/2013,$30K - $50K,1,5,8345,8283
,,,,,,13/05/2013 Total,,1,5,8345,8283
,,,,,,31/05/2013,$70K - $90K,1,5,5102,8788
,,,,,,31/05/2013 Total,,1,5,5102,8788
,,,,,,02/07/2013,$50K - $70K,1,4,6387,9634
,,,,,,02/07/2013 Total,,1,4,6387,9634
,,,,,,10/10/2013,$50K - $70K,1,4,5129,12332
,,,,,,10/10/2013 Total,,1,4,5129,12332
,,,,,,13/10/2013,$90K - $110K,1,4,9450,12408
,,,,,,13/10/2013 Total,,1,4,9450,12408
,,,,,,04/11/2013,$10K - $30K,1,3,10008,13036
,,,,,,04/11/2013 Total,,1,3,10008,13036
,,,,,,11/11/2013,$30K - $50K,1,5,2475,13253
,,,,,,11/11/2013 Total,,1,5,2475,13253
,,,,,Mexico Total,,,18,75,93372,145625
,,,,Yucatan Total,,,,18,75,93372,145625
,,,Merida Total,,,,,18,75,93372,145625
,,,Mexico City,DF,Mexico,10/03/2013,$10K - $30K,1,4,10000,6548
,,,,,,10/03/2013 Total,,1,4,10000,6548
,,,,,,13/03/2013,$150K +,1,4,1958,6632
,,,,,,13/03/2013 Total,,1,4,1958,6632
,,,,,,19/04/2013,$30K - $50K,1,7,4823,7600
,,,,,,19/04/2013 Total,,1,7,4823,7600
,,,,,,27/04/2013,$30K - $50K,1,6,5803,7819
,,,,,,27/04/2013 Total,,1,6,5803,7819
,,,,,Mexico Total,,,4,21,22584,28599
,,,,DF Total,,,,4,21,22584,28599
,,,Mexico City Total,,,,,4,21,22584,28599
,,,Orizaba,Veracruz,Mexico,25/01/2013,$10K - $30K,1,5,9349,5322
,,,,,,25/01/2013 Total,,1,5,9349,5322
,,,,,,26/02/2013,$90K - $110K,1,2,6812,6239
,,,,,,26/02/2013 Total,,1,2,6812,6239
,,,,,,01/03/2013,$30K - $50K,1,4,1550,6328
,,,,,,01/03/2013 Total,,1,4,1550,6328
,,,,,,05/03/2013,$30K - $50K,1,3,3602,6438
,,,,,,05/03/2013 Total,,1,3,3602,6438
,,,,,,07/03/2013,$90K - $110K,1,2,6812,6479
,,,,,,07/03/2013 Total,,1,2,6812,6479
,,,,,,20/03/2013,$70K - $90K,1,3,8534,6811
,,,,,,20/03/2013 Total,,1,3,8534,6811
,,,,,,18/04/2013,$10K - $30K,1,4,9349,7570
,,,,,,18/04/2013 Total,,1,4,9349,7570
,,,,,,26/07/2013,$50K - $70K,1,3,5536,10294
,,,,,,26/07/2013 Total,,1,3,5536,10294
,,,,,,09/08/2013,$130K - $150K,1,4,1390,10677
,,,,,,09/08/2013 Total,,1,4,1390,10677
,,,,,,30/08/2013,$30K - $50K,1,4,1550,11221
,,,,,,30/08/2013 Total,,1,4,1550,11221
,,,,,Mexico Total,,,10,34,54484,77379
,,,,Veracruz Total,,,,10,34,54484,77379
,,,Orizaba Total,,,,,10,34,54484,77379
,,,Portland,OR,USA,29/01/2012,$130K - $150K,1,3,6655,261
,,,,,,29/01/2012 Total,,1,3,6655,261
,,,,,,09/03/2012,$50K - $70K,1,3,30,773
,,,,,,09/03/2012 Total,,1,3,30,773
,,,,,,13/04/2012,$30K - $50K,1,3,2071,1277
,,,,,,13/04/2012 Total,,1,3,2071,1277
,,,,,,09/06/2012,$10K - $30K,1,5,8063,2042
,,,,,,09/06/2012 Total,,1,5,8063,2042
,,,,,,11/06/2012,$90K - $110K,1,2,8768,2053
,,,,,,11/06/2012 Total,,1,2,8768,2053
,,,,,,23/08/2012,$10K - $30K,1,2,5423,2941
,,,,,,23/08/2012 Total,,1,2,5423,2941
,,,,,,03/10/2012,$30K - $50K,1,5,9719,3433
,,,,,,03/10/2012 Total,,1,5,9719,3433
,,,,,,10/01/2013,$30K - $50K,1,3,7085,4961
,,,,,,,$50K - $70K,1,4,7215,4944
,,,,,,10/01/2013 Total,,2,7,14300,9905
,,,,,,30/01/2013,$10K - $30K,1,3,8211,5447
,,,,,,30/01/2013 Total,,1,3,8211,5447
,,,,,,19/02/2013,$50K - $70K,1,3,8576,6023
,,,,,,19/02/2013 Total,,1,3,8576,6023
,,,,,,24/02/2013,$10K - $30K,1,6,6822,6184
,,,,,,24/02/2013 Total,,1,6,6822,6184
,,,,,,25/02/2013,$50K - $70K,1,5,7297,6205
,,,,,,25/02/2013 Total,,1,5,7297,6205
,,,,,,05/03/2013,$30K - $50K,2,9,8983,12876
,,,,,,05/03/2013 Total,,2,9,8983,12876
,,,,,,14/04/2013,$30K - $50K,1,7,4211,7462
,,,,,,14/04/2013 Total,,1,7,4211,7462
,,,,,,20/04/2013,$90K - $110K,1,4,8768,7644
,,,,,,20/04/2013 Total,,1,4,8768,7644
,,,,,,30/04/2013,$70K - $90K,1,5,1754,7911
,,,,,,30/04/2013 Total,,1,5,1754,7911
,,,,,,28/05/2013,$110K - $130K,1,5,9383,8692
,,,,,,28/05/2013 Total,,1,5,9383,8692
,,,,,,06/06/2013,$70K - $90K,1,4,9391,8933
,,,,,,06/06/2013 Total,,1,4,9391,8933
,,,,,,09/06/2013,$70K - $90K,1,4,5581,9020
,,,,,,09/06/2013 Total,,1,4,5581,9020
,,,,,,22/06/2013,$30K - $50K,1,4,4595,9369
,,,,,,22/06/2013 Total,,1,4,4595,9369
,,,,,,15/07/2013,$10K - $30K,1,5,8063,10008
,,,,,,15/07/2013 Total,,1,5,8063,10008
,,,,,,23/08/2013,$130K - $150K,1,2,4443,11025
,,,,,,23/08/2013 Total,,1,2,4443,11025
,,,,,,05/09/2013,$30K - $50K,1,4,7079,11360
,,,,,,05/09/2013 Total,,1,4,7079,11360
,,,,,,10/10/2013,$110K - $130K,1,2,4402,12339
,,,,,,10/10/2013 Total,,1,2,4402,12339
,,,,,,14/10/2013,$70K - $90K,1,4,1268,12449
,,,,,,14/10/2013 Total,,1,4,1268,12449
,,,,,,14/11/2013,$30K - $50K,1,5,7085,13329
,,,,,,14/11/2013 Total,,1,5,7085,13329
,,,,,USA Total,,,28,111,170941,188961
,,,,OR Total,,,,28,111,170941,188961
,,,Portland Total,,,,,28,111,170941,188961
,,,Salem,OR,USA,11/01/2012,$30K - $50K,1,6,1429,89
,,,,,,11/01/2012 Total,,1,6,1429,89
,,,,,,13/01/2012,$30K - $50K,1,2,1429,104
,,,,,,13/01/2012 Total,,1,2,1429,104
,,,,,,17/01/2012,$130K - $150K,1,4,7694,136
,,,,,,17/01/2012 Total,,1,4,7694,136
,,,,,,12/02/2012,$130K - $150K,1,4,1897,435
,,,,,,12/02/2012 Total,,1,4,1897,435
,,,,,,14/02/2012,$70K - $90K,1,5,2625,458
,,,,,,14/02/2012 Total,,1,5,2625,458
,,,,,,19/03/2012,$30K - $50K,1,3,1266,910
,,,,,,,$50K - $70K,1,4,4518,922
,,,,,,19/03/2012 Total,,2,7,5784,1832
,,,,,,20/03/2012,$50K - $70K,1,5,4405,933
,,,,,,20/03/2012 Total,,1,5,4405,933
,,,,,,03/04/2012,$90K - $110K,1,4,1193,1138
,,,,,,03/04/2012 Total,,1,4,1193,1138
,,,,,,10/04/2012,$30K - $50K,1,4,3977,1230
,,,,,,10/04/2012 Total,,1,4,3977,1230
,,,,,,12/05/2012,$30K - $50K,1,4,4253,1684
,,,,,,12/05/2012 Total,,1,4,4253,1684
,,,,,,19/06/2012,$50K - $70K,1,4,1991,2136
,,,,,,19/06/2012 Total,,1,4,1991,2136
,,,,,,06/08/2012,$10K - $30K,1,4,6288,2726
,,,,,,,$50K - $70K,1,4,8373,2727
,,,,,,06/08/2012 Total,,2,8,14661,5453
,,,,,,24/08/2012,$10K - $30K,1,3,4589,2961
,,,,,,24/08/2012 Total,,1,3,4589,2961
,,,,,,03/09/2012,$30K - $50K,1,5,8098,3060
,,,,,,03/09/2012 Total,,1,5,8098,3060
,,,,,,11/09/2012,$10K - $30K,1,4,7182,3174
,,,,,,11/09/2012 Total,,1,4,7182,3174
,,,,,,20/09/2012,$30K - $50K,1,4,7752,3287
,,,,,,20/09/2012 Total,,1,4,7752,3287
,,,,,,11/10/2012,$30K - $50K,1,2,3776,3543
,,,,,,11/10/2012 Total,,1,2,3776,3543
,,,,,,24/10/2012,$10K - $30K,1,3,1682,3684
,,,,,,24/10/2012 Total,,1,3,1682,3684
,,,,,,14/11/2012,$90K - $110K,1,4,5958,3950
,,,,,,14/11/2012 Total,,1,4,5958,3950
,,,,,,17/11/2012,$90K - $110K,1,2,1193,4001
,,,,,,17/11/2012 Total,,1,2,1193,4001
,,,,,,02/12/2012,$10K - $30K,1,4,4490,4214
,,,,,,02/12/2012 Total,,1,4,4490,4214
,,,,,,02/01/2013,$30K - $50K,1,5,8269,4766
,,,,,,02/01/2013 Total,,1,5,8269,4766
,,,,,,03/04/2013,$10K - $30K,1,6,1499,7170
,,,,,,03/04/2013 Total,,1,6,1499,7170
,,,,,,08/04/2013,$70K - $90K,1,4,8274,7322
,,,,,,08/04/2013 Total,,1,4,8274,7322
,,,,,,24/04/2013,$10K - $30K,1,5,10026,7755
,,,,,,24/04/2013 Total,,1,5,10026,7755
,,,,,,05/05/2013,$50K - $70K,1,3,280,8043
,,,,,,05/05/2013 Total,,1,3,280,8043
,,,,,,06/05/2013,$130K - $150K,1,6,4431,8061
,,,,,,06/05/2013 Total,,1,6,4431,8061
,,,,,,11/05/2013,$30K - $50K,1,5,7997,8223
,,,,,,11/05/2013 Total,,1,5,7997,8223
,,,,,,04/06/2013,$10K - $30K,1,3,7182,8879
,,,,,,04/06/2013 Total,,1,3,7182,8879
,,,,,,19/06/2013,$50K - $70K,1,3,2198,9296
,,,,,,19/06/2013 Total,,1,3,2198,9296
,,,,,,25/06/2013,$30K - $50K,1,3,446,9438
,,,,,,25/06/2013 Total,,1,3,446,9438
,,,,,,18/07/2013,$50K - $70K,1,3,7262,10107
,,,,,,18/07/2013 Total,,1,3,7262,10107
,,,,,,05/08/2013,$50K - $70K,1,3,2677,10554
,,,,,,05/08/2013 Total,,1,3,2677,10554
,,,,,,08/08/2013,$70K - $90K,1,4,1036,10646
,,,,,,08/08/2013 Total,,1,4,1036,10646
,,,,,,10/08/2013,$30K - $50K,1,4,2443,10692
,,,,,,10/08/2013 Total,,1,4,2443,10692
,,,,,,31/08/2013,$30K - $50K,1,3,3759,11232
,,,,,,31/08/2013 Total,,1,3,3759,11232
,,,,,,17/09/2013,$110K - $130K,1,3,8116,11697
,,,,,,17/09/2013 Total,,1,3,8116,11697
,,,,,,26/10/2013,$70K - $90K,1,4,1339,12774
,,,,,,26/10/2013 Total,,1,4,1339,12774
,,,,,,26/11/2013,$10K - $30K,1,4,3161,13620
,,,,,,26/11/2013 Total,,1,4,3161,13620
,,,,,,01/12/2013,$30K - $50K,1,4,7621,13753
,,,,,,01/12/2013 Total,,1,4,7621,13753
,,,,,USA Total,,,42,163,184074,231530
,,,,OR Total,,,,42,163,184074,231530
,,,Salem Total,,,,,42,163,184074,231530
,,,San Andres,DF,Mexico,08/01/2013,$30K - $50K,1,6,2114,4915
,,,,,,08/01/2013 Total,,1,6,2114,4915
,,,,,,11/01/2013,$10K - $30K,1,3,4195,4982
,,,,,,11/01/2013 Total,,1,3,4195,4982
,,,,,,07/02/2013,$70K - $90K,1,4,1217,5682
,,,,,,07/02/2013 Total,,1,4,1217,5682
,,,,,,22/02/2013,$30K - $50K,1,5,10263,6113
,,,,,,22/02/2013 Total,,1,5,10263,6113
,,,,,,28/02/2013,$30K - $50K,1,5,5343,6308
,,,,,,28/02/2013 Total,,1,5,5343,6308
,,,,,,12/03/2013,$70K - $90K,1,4,7476,6613
,,,,,,12/03/2013 Total,,1,4,7476,6613
,,,,,,04/04/2013,$90K - $110K,1,5,5427,7207
,,,,,,04/04/2013 Total,,1,5,5427,7207
,,,,,,11/04/2013,$70K - $90K,1,4,5081,7391
,,,,,,11/04/2013 Total,,1,4,5081,7391
,,,,,,30/04/2013,$30K - $50K,1,3,8285,7913
,,,,,,30/04/2013 Total,,1,3,8285,7913
,,,,,,12/07/2013,$50K - $70K,1,4,567,9916
,,,,,,12/07/2013 Total,,1,4,567,9916
,,,,,,23/07/2013,$30K - $50K,1,4,8568,10224
,,,,,,23/07/2013 Total,,1,4,8568,10224
,,,,,,25/11/2013,$70K - $90K,1,3,7403,13613
,,,,,,25/11/2013 Total,,1,3,7403,13613
,,,,,,14/12/2013,$10K - $30K,1,3,7013,13948
,,,,,,14/12/2013 Total,,1,3,7013,13948
,,,,,Mexico Total,,,13,53,72952,104825
,,,,DF Total,,,,13,53,72952,104825
,,,San Andres Total,,,,,13,53,72952,104825
,,,San Diego,CA,USA,12/01/2012,$90K - $110K,1,5,9175,94
,,,,,,12/01/2012 Total,,1,5,9175,94
,,,,,,05/04/2012,$10K - $30K,1,2,1446,1163
,,,,,,05/04/2012 Total,,1,2,1446,1163
,,,,,,24/04/2012,$90K - $110K,1,3,8171,1450
,,,,,,24/04/2012 Total,,1,3,8171,1450
,,,,,,04/07/2012,$50K - $70K,1,3,7393,2333
,,,,,,04/07/2012 Total,,1,3,7393,2333
,,,,,,31/07/2012,$30K - $50K,1,4,3404,2657
,,,,,,31/07/2012 Total,,1,4,3404,2657
,,,,,,04/08/2012,$30K - $50K,1,4,4844,2712
,,,,,,04/08/2012 Total,,1,4,4844,2712
,,,,,,20/09/2012,$110K - $130K,1,5,1457,3277
,,,,,,20/09/2012 Total,,1,5,1457,3277
,,,,,,20/10/2012,$30K - $50K,1,5,5362,3636
,,,,,,20/10/2012 Total,,1,5,5362,3636
,,,,,,22/11/2012,$70K - $90K,1,4,1170,4063
,,,,,,22/11/2012 Total,,1,4,1170,4063
,,,,,,26/11/2012,$50K - $70K,1,4,8554,4124
,,,,,,26/11/2012 Total,,1,4,8554,4124
,,,,,,17/02/2013,$30K - $50K,1,3,2526,5979
,,,,,,17/02/2013 Total,,1,3,2526,5979
,,,,,,10/04/2013,$150K +,1,4,8760,7375
,,,,,,10/04/2013 Total,,1,4,8760,7375
,,,,,,24/06/2013,$50K - $70K,1,3,1780,9416
,,,,,,24/06/2013 Total,,1,3,1780,9416
,,,,,,08/08/2013,$30K - $50K,1,5,6571,10628
,,,,,,08/08/2013 Total,,1,5,6571,10628
,,,,,,22/09/2013,$10K - $30K,1,4,5572,11831
,,,,,,22/09/2013 Total,,1,4,5572,11831
,,,,,,13/10/2013,$30K - $50K,1,3,3900,12413
,,,,,,13/10/2013 Total,,1,3,3900,12413
,,,,,USA Total,,,16,61,80085,83151
,,,,CA Total,,,,16,61,80085,83151
,,,San Diego Total,,,,,16,61,80085,83151
,,,San Francisco,CA,USA,02/06/2012,$50K - $70K,1,2,5046,1957
,,,,,,02/06/2012 Total,,1,2,5046,1957
,,,,,,24/06/2012,$50K - $70K,1,3,3564,2214
,,,,,,24/06/2012 Total,,1,3,3564,2214
,,,,,,20/07/2012,$130K - $150K,1,1,7461,2527
,,,,,,20/07/2012 Total,,1,1,7461,2527
,,,,,,02/09/2012,$90K - $110K,1,2,7921,3059
,,,,,,02/09/2012 Total,,1,2,7921,3059
,,,,,,23/05/2013,$30K - $50K,1,3,1852,8550
,,,,,,23/05/2013 Total,,1,3,1852,8550
,,,,,USA Total,,,5,11,25844,18307
,,,,CA Total,,,,5,11,25844,18307
,,,San Francisco Total,,,,,5,11,25844,18307
,,,Seattle,WA,USA,27/01/2012,$50K - $70K,1,6,3667,237
,,,,,,27/01/2012 Total,,1,6,3667,237
,,,,,,13/02/2012,$30K - $50K,1,5,1467,447
,,,,,,13/02/2012 Total,,1,5,1467,447
,,,,,,28/02/2012,$30K - $50K,1,4,7268,623
,,,,,,28/02/2012 Total,,1,4,7268,623
,,,,,,31/03/2012,$30K - $50K,1,5,5101,1099
,,,,,,31/03/2012 Total,,1,5,5101,1099
,,,,,,19/04/2012,$30K - $50K,1,6,502,1371
,,,,,,19/04/2012 Total,,1,6,502,1371
,,,,,,04/05/2012,$70K - $90K,1,3,6145,1578
,,,,,,04/05/2012 Total,,1,3,6145,1578
,,,,,,15/06/2012,$10K - $30K,1,6,3015,2090
,,,,,,15/06/2012 Total,,1,6,3015,2090
,,,,,,16/06/2012,$50K - $70K,1,5,180,2101
,,,,,,16/06/2012 Total,,1,5,180,2101
,,,,,,23/06/2012,$50K - $70K,1,5,180,2196
,,,,,,23/06/2012 Total,,1,5,180,2196
,,,,,,08/07/2012,$130K - $150K,1,5,1481,2363
,,,,,,08/07/2012 Total,,1,5,1481,2363
,,,,,,04/09/2012,$50K - $70K,1,3,7445,3082
,,,,,,04/09/2012 Total,,1,3,7445,3082
,,,,,,04/10/2012,$50K - $70K,1,5,10075,3450
,,,,,,04/10/2012 Total,,1,5,10075,3450
,,,,,,07/10/2012,$50K - $70K,1,4,6567,3491
,,,,,,07/10/2012 Total,,1,4,6567,3491
,,,,,,16/11/2012,$110K - $130K,1,4,126,3980
,,,,,,16/11/2012 Total,,1,4,126,3980
,,,,,,17/11/2012,$70K - $90K,1,3,1346,4003
,,,,,,17/11/2012 Total,,1,3,1346,4003
,,,,,,01/01/2013,$110K - $130K,1,4,2217,4730
,,,,,,01/01/2013 Total,,1,4,2217,4730
,,,,,,06/01/2013,$110K - $130K,1,5,1978,4844
,,,,,,06/01/2013 Total,,1,5,1978,4844
,,,,,,18/01/2013,$10K - $30K,1,3,4553,5148
,,,,,,18/01/2013 Total,,1,3,4553,5148
,,,,,,19/01/2013,$30K - $50K,1,6,3932,5175
,,,,,,19/01/2013 Total,,1,6,3932,5175
,,,,,,01/02/2013,$30K - $50K,1,4,2374,5492
,,,,,,01/02/2013 Total,,1,4,2374,5492
,,,,,,10/02/2013,$130K - $150K,1,3,3045,5767
,,,,,,10/02/2013 Total,,1,3,3045,5767
,,,,,,17/02/2013,$30K - $50K,1,5,1249,5957
,,,,,,17/02/2013 Total,,1,5,1249,5957
,,,,,,26/03/2013,$10K - $30K,1,5,9317,6956
,,,,,,26/03/2013 Total,,1,5,9317,6956
,,,,,,07/04/2013,$50K - $70K,1,4,7910,7278
,,,,,,07/04/2013 Total,,1,4,7910,7278
,,,,,,08/04/2013,$30K - $50K,1,3,502,7327
,,,,,,08/04/2013 Total,,1,3,502,7327
,,,,,,17/04/2013,$90K - $110K,1,2,5585,7543
,,,,,,17/04/2013 Total,,1,2,5585,7543
,,,,,,18/04/2013,$10K - $30K,1,3,9556,7584
,,,,,,18/04/2013 Total,,1,3,9556,7584
,,,,,,21/04/2013,$130K - $150K,1,4,1481,7657
,,,,,,21/04/2013 Total,,1,4,1481,7657
,,,,,,10/05/2013,$10K - $30K,1,6,3131,8192
,,,,,,10/05/2013 Total,,1,6,3131,8192
,,,,,,11/05/2013,$10K - $30K,1,4,1329,8215
,,,,,,11/05/2013 Total,,1,4,1329,8215
,,,,,,22/08/2013,$30K - $50K,1,7,8173,11006
,,,,,,22/08/2013 Total,,1,7,8173,11006
,,,,,,02/11/2013,$110K - $130K,1,5,9088,12993
,,,,,,02/11/2013 Total,,1,5,9088,12993
,,,,,,08/11/2013,$90K - $110K,1,5,8302,13163
,,,,,,08/11/2013 Total,,1,5,8302,13163
,,,,,,20/11/2013,$110K - $130K,1,5,4838,13473
,,,,,,20/11/2013 Total,,1,5,4838,13473
,,,,,USA Total,,,34,152,143125,180611
,,,,WA Total,,,,34,152,143125,180611
,,,Seattle Total,,,,,34,152,143125,180611
,,,Spokane,WA,USA,18/01/2012,$30K - $50K,1,4,6957,150
,,,,,,18/01/2012 Total,,1,4,6957,150
,,,,,,20/01/2012,$30K - $50K,1,3,2921,179
,,,,,,20/01/2012 Total,,1,3,2921,179
,,,,,,13/03/2012,$50K - $70K,1,3,4925,832
,,,,,,13/03/2012 Total,,1,3,4925,832
,,,,,,11/07/2012,$90K - $110K,1,6,7072,2409
,,,,,,11/07/2012 Total,,1,6,7072,2409
,,,,,,10/08/2012,$70K - $90K,1,2,5742,2787
,,,,,,10/08/2012 Total,,1,2,5742,2787
,,,,,,18/09/2012,$30K - $50K,1,6,6114,3257
,,,,,,,$50K - $70K,1,5,4925,3256
,,,,,,18/09/2012 Total,,2,11,11039,6513
,,,,,,18/12/2012,$50K - $70K,1,3,663,4466
,,,,,,18/12/2012 Total,,1,3,663,4466
,,,,,,04/01/2013,$70K - $90K,1,4,9510,4814
,,,,,,04/01/2013 Total,,1,4,9510,4814
,,,,,,11/01/2013,$30K - $50K,1,2,6957,4976
,,,,,,11/01/2013 Total,,1,2,6957,4976
,,,,,,20/01/2013,$30K - $50K,1,2,6957,5182
,,,,,,20/01/2013 Total,,1,2,6957,5182
,,,,,,19/02/2013,$70K - $90K,1,4,5742,6011
,,,,,,19/02/2013 Total,,1,4,5742,6011
,,,,,,20/02/2013,$70K - $90K,1,3,5742,6042
,,,,,,20/02/2013 Total,,1,3,5742,6042
,,,,,,22/03/2013,$50K - $70K,1,2,4925,6862
,,,,,,22/03/2013 Total,,1,2,4925,6862
,,,,,,23/03/2013,$10K - $30K,1,6,4094,6891
,,,,,,23/03/2013 Total,,1,6,4094,6891
,,,,,,31/03/2013,$10K - $30K,1,3,4094,7108
,,,,,,31/03/2013 Total,,1,3,4094,7108
,,,,,,29/06/2013,$50K - $70K,1,5,4925,9541
,,,,,,29/06/2013 Total,,1,5,4925,9541
,,,,,,18/08/2013,$30K - $50K,1,4,2921,10916
,,,,,,18/08/2013 Total,,1,4,2921,10916
,,,,,,02/09/2013,$30K - $50K,1,3,2921,11298
,,,,,,02/09/2013 Total,,1,3,2921,11298
,,,,,,30/10/2013,$10K - $30K,1,5,2448,12908
,,,,,,30/10/2013 Total,,1,5,2448,12908
,,,,,,04/12/2013,$30K - $50K,1,4,9040,13818
,,,,,,04/12/2013 Total,,1,4,9040,13818
,,,,,USA Total,,,21,79,109595,123703
,,,,WA Total,,,,21,79,109595,123703
,,,Spokane Total,,,,,21,79,109595,123703
,,,Tacoma,WA,USA,20/01/2012,$50K - $70K,1,5,4445,178
,,,,,,20/01/2012 Total,,1,5,4445,178
,,,,,,30/01/2012,$10K - $30K,1,5,9469,275
,,,,,,30/01/2012 Total,,1,5,9469,275
,,,,,,03/02/2012,$50K - $70K,1,5,3239,341
,,,,,,03/02/2012 Total,,1,5,3239,341
,,,,,,29/02/2012,$30K - $50K,1,5,817,632
,,,,,,29/02/2012 Total,,1,5,817,632
,,,,,,04/03/2012,$50K - $70K,1,6,7589,698
,,,,,,04/03/2012 Total,,1,6,7589,698
,,,,,,11/06/2012,$10K - $30K,1,5,9469,2058
,,,,,,11/06/2012 Total,,1,5,9469,2058
,,,,,,25/06/2012,$110K - $130K,1,5,3773,2222
,,,,,,25/06/2012 Total,,1,5,3773,2222
,,,,,,06/07/2012,$30K - $50K,1,3,335,2346
,,,,,,06/07/2012 Total,,1,3,335,2346
,,,,,,17/07/2012,$50K - $70K,1,4,2966,2478
,,,,,,17/07/2012 Total,,1,4,2966,2478
,,,,,,28/07/2012,$10K - $30K,1,5,8442,2615
,,,,,,28/07/2012 Total,,1,5,8442,2615
,,,,,,06/08/2012,$70K - $90K,1,3,4657,2725
,,,,,,06/08/2012 Total,,1,3,4657,2725
,,,,,,12/08/2012,$30K - $50K,1,4,4340,2817
,,,,,,12/08/2012 Total,,1,4,4340,2817
,,,,,,19/08/2012,$30K - $50K,1,5,8840,2891
,,,,,,19/08/2012 Total,,1,5,8840,2891
,,,,,,21/08/2012,$30K - $50K,1,3,8840,2921
,,,,,,21/08/2012 Total,,1,3,8840,2921
,,,,,,19/09/2012,$10K - $30K,1,4,9469,3262
,,,,,,19/09/2012 Total,,1,4,9469,3262
,,,,,,27/09/2012,$10K - $30K,1,5,6589,3350
,,,,,,27/09/2012 Total,,1,5,6589,3350
,,,,,,09/10/2012,$10K - $30K,1,5,770,3521
,,,,,,09/10/2012 Total,,1,5,770,3521
,,,,,,22/10/2012,$50K - $70K,1,3,4239,3663
,,,,,,22/10/2012 Total,,1,3,4239,3663
,,,,,,15/11/2012,$70K - $90K,1,4,6560,3972
,,,,,,15/11/2012 Total,,1,4,6560,3972
,,,,,,22/11/2012,$30K - $50K,1,5,1245,4074
,,,,,,22/11/2012 Total,,1,5,1245,4074
,,,,,,02/12/2012,$110K - $130K,1,3,2493,4202
,,,,,,02/12/2012 Total,,1,3,2493,4202
,,,,,,21/12/2012,$70K - $90K,1,4,9715,4522
,,,,,,21/12/2012 Total,,1,4,9715,4522
,,,,,,17/01/2013,$30K - $50K,1,4,5125,5115
,,,,,,17/01/2013 Total,,1,4,5125,5115
,,,,,,14/02/2013,$50K - $70K,1,4,3239,5888
,,,,,,14/02/2013 Total,,1,4,3239,5888
,,,,,,27/02/2013,$10K - $30K,1,4,3310,6280
,,,,,,27/02/2013 Total,,1,4,3310,6280
,,,,,,20/03/2013,$10K - $30K,1,6,770,6818
,,,,,,20/03/2013 Total,,1,6,770,6818
,,,,,,08/04/2013,$110K - $130K,1,5,4069,7302
,,,,,,08/04/2013 Total,,1,5,4069,7302
,,,,,,28/04/2013,$30K - $50K,1,5,1862,7850
,,,,,,28/04/2013 Total,,1,5,1862,7850
,,,,,,25/05/2013,$70K - $90K,1,5,6560,8609
,,,,,,25/05/2013 Total,,1,5,6560,8609
,,,,,,04/06/2013,$90K - $110K,1,3,4691,8885
,,,,,,04/06/2013 Total,,1,3,4691,8885
,,,,,,11/07/2013,$10K - $30K,1,4,8442,9881
,,,,,,11/07/2013 Total,,1,4,8442,9881
,,,,,,25/07/2013,$30K - $50K,1,5,5210,10277
,,,,,,25/07/2013 Total,,1,5,5210,10277
,,,,,,06/08/2013,$70K - $90K,1,5,8454,10572
,,,,,,06/08/2013 Total,,1,5,8454,10572
,,,,,,14/08/2013,$110K - $130K,1,5,2493,10800
,,,,,,14/08/2013 Total,,1,5,2493,10800
,,,,,,31/08/2013,$30K - $50K,1,4,817,11242
,,,,,,31/08/2013 Total,,1,4,817,11242
,,,,,,20/09/2013,$110K - $130K,1,4,4069,11782
,,,,,,20/09/2013 Total,,1,4,4069,11782
,,,,,,20/10/2013,$50K - $70K,1,5,5379,12609
,,,,,,20/10/2013 Total,,1,5,5379,12609
,,,,,,26/10/2013,$50K - $70K,1,3,4239,12783
,,,,,,26/10/2013 Total,,1,3,4239,12783
,,,,,USA Total,,,38,167,187030,202456
,,,,WA Total,,,,38,167,187030,202456
,,,Tacoma Total,,,,,38,167,187030,202456
,,,Vancouver,BC,Canada,23/02/2013,$50K - $70K,1,4,7872,6153
,,,,,,23/02/2013 Total,,1,4,7872,6153
,,,,,,27/04/2013,$30K - $50K,1,2,4714,7831
,,,,,,27/04/2013 Total,,1,2,4714,7831
,,,,,,20/05/2013,$30K - $50K,1,2,2704,8465
,,,,,,20/05/2013 Total,,1,2,2704,8465
,,,,,,11/07/2013,$110K - $130K,1,5,5409,9897
,,,,,,11/07/2013 Total,,1,5,5409,9897
,,,,,,31/07/2013,$50K - $70K,1,3,4738,10422
,,,,,,31/07/2013 Total,,1,3,4738,10422
,,,,,,29/09/2013,$30K - $50K,1,5,7322,12046
,,,,,,29/09/2013 Total,,1,5,7322,12046
,,,,,,13/10/2013,$70K - $90K,1,2,506,12430
,,,,,,13/10/2013 Total,,1,2,506,12430
,,,,,,31/10/2013,$50K - $70K,1,4,943,12919
,,,,,,31/10/2013 Total,,1,4,943,12919
,,,,,,03/11/2013,$130K - $150K,1,4,339,13031
,,,,,,03/11/2013 Total,,1,4,339,13031
,,,,,Canada Total,,,9,31,34547,93194
,,,,BC Total,,,,9,31,34547,93194
,,,Vancouver Total,,,,,9,31,34547,93194
,,,Victoria,BC,Canada,15/02/2013,$30K - $50K,1,4,5926,5912
,,,,,,15/02/2013 Total,,1,4,5926,5912
,,,,,,24/03/2013,$110K - $130K,1,3,6305,6913
,,,,,,24/03/2013 Total,,1,3,6305,6913
,,,,,,26/04/2013,$30K - $50K,1,3,2388,7804
,,,,,,26/04/2013 Total,,1,3,2388,7804
,,,,,,23/06/2013,$30K - $50K,1,5,8341,9386
,,,,,,23/06/2013 Total,,1,5,8341,9386
,,,,,,09/11/2013,$150K +,1,6,9678,13183
,,,,,,09/11/2013 Total,,1,6,9678,13183
,,,,,Canada Total,,,5,21,32638,43198
,,,,BC Total,,,,5,21,32638,43198
,,,Victoria Total,,,,,5,21,32638,43198
,,,Walla Walla,WA,USA,24/01/2012,$30K - $50K,1,3,3446,210
,,,,,,24/01/2012 Total,,1,3,3446,210
,,,,,,16/04/2013,$30K - $50K,1,2,8418,7517
,,,,,,16/04/2013 Total,,1,2,8418,7517
,,,,,,09/05/2013,$130K - $150K,1,3,3643,8184
,,,,,,09/05/2013 Total,,1,3,3643,8184
,,,,,,19/05/2013,$10K - $30K,1,4,9139,8427
,,,,,,19/05/2013 Total,,1,4,9139,8427
,,,,,,14/06/2013,$50K - $70K,1,2,6581,9137
,,,,,,14/06/2013 Total,,1,2,6581,9137
,,,,,USA Total,,,5,14,31227,33475
,,,,WA Total,,,,5,14,31227,33475
,,,Walla Walla Total,,,,,5,14,31227,33475
,,,Yakima,WA,USA,07/03/2012,$50K - $70K,1,5,1449,730
,,,,,,07/03/2012 Total,,1,5,1449,730
,,,,,,09/03/2012,$30K - $50K,1,2,8687,768
,,,,,,09/03/2012 Total,,1,2,8687,768
,,,,,,12/03/2012,$30K - $50K,1,3,8746,810
,,,,,,12/03/2012 Total,,1,3,8746,810
,,,,,,29/04/2012,$30K - $50K,1,5,10225,1517
,,,,,,29/04/2012 Total,,1,5,10225,1517
,,,,,,19/05/2012,$50K - $70K,1,5,1449,1779
,,,,,,19/05/2012 Total,,1,5,1449,1779
,,,,,,17/07/2012,$10K - $30K,1,3,3719,2484
,,,,,,17/07/2012 Total,,1,3,3719,2484
,,,,,,27/07/2012,$10K - $30K,1,4,3719,2606
,,,,,,27/07/2012 Total,,1,4,3719,2606
,,,,,,10/09/2012,$30K - $50K,1,2,2829,3153
,,,,,,10/09/2012 Total,,1,2,2829,3153
,,,,,,01/01/2013,$10K - $30K,1,5,6265,4747
,,,,,,01/01/2013 Total,,1,5,6265,4747
,,,,,,08/01/2013,$30K - $50K,1,2,6324,4918
,,,,,,08/01/2013 Total,,1,2,6324,4918
,,,,,,02/03/2013,$50K - $70K,1,4,10073,6341
,,,,,,02/03/2013 Total,,1,4,10073,6341
,,,,,,27/04/2013,$30K - $50K,1,3,2952,7832
,,,,,,27/04/2013 Total,,1,3,2952,7832
,,,,,,09/10/2013,$50K - $70K,1,4,1449,12309
,,,,,,09/10/2013 Total,,1,4,1449,12309
,,,,,USA Total,,,13,47,67886,49994
,,,,WA Total,,,,13,47,67886,49994
,,,Yakima Total,,,,,13,47,67886,49994
,,S Total,,,,,,397,1594,1994011,2578672
,F Total,,,,,,,806,3287,4054195,5535581
,M,M,Acapulco,Guerrero,Mexico,04/03/2013,$30K - $50K,1,5,2341,6391
,,,,,,04/03/2013 Total,,1,5,2341,6391
,,,,,,03/04/2013,$70K - $90K,1,5,1447,7176
,,,,,,03/04/2013 Total,,1,5,1447,7176
,,,,,,25/04/2013,$10K - $30K,1,3,1554,7777
,,,,,,25/04/2013 Total,,1,3,1554,7777
,,,,,,06/05/2013,$30K - $50K,1,5,1371,8070
,,,,,,06/05/2013 Total,,1,5,1371,8070
,,,,,,12/05/2013,$30K - $50K,1,6,7304,8242
,,,,,,12/05/2013 Total,,1,6,7304,8242
,,,,,,22/05/2013,$10K - $30K,1,4,6968,8523
,,,,,,22/05/2013 Total,,1,4,6968,8523
,,,,,,13/06/2013,$10K - $30K,1,5,6968,9114
,,,,,,13/06/2013 Total,,1,5,6968,9114
,,,,,,12/07/2013,$30K - $50K,1,3,7304,9908
,,,,,,12/07/2013 Total,,1,3,7304,9908
,,,,,,22/07/2013,$70K - $90K,1,4,6944,10222
,,,,,,22/07/2013 Total,,1,4,6944,10222
,,,,,,05/10/2013,$30K - $50K,1,6,2341,12197
,,,,,,05/10/2013 Total,,1,6,2341,12197
,,,,,,09/10/2013,$10K - $30K,1,6,1745,12301
,,,,,,09/10/2013 Total,,1,6,1745,12301
,,,,,,24/10/2013,$10K - $30K,1,4,1745,12727
,,,,,,24/10/2013 Total,,1,4,1745,12727
,,,,,,30/11/2013,$110K - $130K,1,4,919,13736
,,,,,,30/11/2013 Total,,1,4,919,13736
,,,,,Mexico Total,,,13,60,48951,126384
,,,,Guerrero Total,,,,13,60,48951,126384
,,,Acapulco Total,,,,,13,60,48951,126384
,,,Bellingham,WA,USA,28/08/2012,$10K - $30K,1,2,6309,3003
,,,,,,28/08/2012 Total,,1,2,6309,3003
,,,,,,26/07/2013,$30K - $50K,1,2,7656,10291
,,,,,,26/07/2013 Total,,1,2,7656,10291
,,,,,USA Total,,,2,4,13965,13294
,,,,WA Total,,,,2,4,13965,13294
,,,Bellingham Total,,,,,2,4,13965,13294
,,,Beverly Hills,CA,USA,24/02/2012,$110K - $130K,1,4,9499,583
,,,,,,24/02/2012 Total,,1,4,9499,583
,,,,,,18/04/2012,$130K - $150K,1,5,10147,1362
,,,,,,18/04/2012 Total,,1,5,10147,1362
,,,,,,21/06/2012,$90K - $110K,1,4,6754,2162
,,,,,,21/06/2012 Total,,1,4,6754,2162
,,,,,,13/09/2012,$50K - $70K,1,3,399,3196
,,,,,,13/09/2012 Total,,1,3,399,3196
,,,,,,25/09/2012,$30K - $50K,1,6,1256,3318
,,,,,,25/09/2012 Total,,1,6,1256,3318
,,,,,,15/01/2013,$70K - $90K,1,5,1162,5061
,,,,,,15/01/2013 Total,,1,5,1162,5061
,,,,,,19/01/2013,$10K - $30K,1,3,927,5158
,,,,,,19/01/2013 Total,,1,3,927,5158
,,,,,,07/03/2013,$70K - $90K,1,3,1144,6470
,,,,,,07/03/2013 Total,,1,3,1144,6470
,,,,,,21/03/2013,$10K - $30K,1,3,7517,6823
,,,,,,21/03/2013 Total,,1,3,7517,6823
,,,,,,16/04/2013,$90K - $110K,1,5,5208,7507
,,,,,,16/04/2013 Total,,1,5,5208,7507
,,,,,,22/04/2013,$10K - $30K,1,5,9112,7703
,,,,,,22/04/2013 Total,,1,5,9112,7703
,,,,,,28/05/2013,$50K - $70K,1,4,5503,8675
,,,,,,28/05/2013 Total,,1,4,5503,8675
,,,,,,20/08/2013,$10K - $30K,1,4,8929,10947
,,,,,,20/08/2013 Total,,1,4,8929,10947
,,,,,,01/11/2013,$10K - $30K,1,4,10138,12961
,,,,,,01/11/2013 Total,,1,4,10138,12961
,,,,,,08/11/2013,$30K - $50K,1,5,3291,13142
,,,,,,08/11/2013 Total,,1,5,3291,13142
,,,,,,05/12/2013,$30K - $50K,1,5,2381,13826
,,,,,,05/12/2013 Total,,1,5,2381,13826
,,,,,USA Total,,,16,68,83367,108894
,,,,CA Total,,,,16,68,83367,108894
,,,Beverly Hills Total,,,,,16,68,83367,108894
,,,Bremerton,WA,USA,06/02/2012,$70K - $90K,1,5,4417,375
,,,,,,06/02/2012 Total,,1,5,4417,375
,,,,,,13/03/2012,$30K - $50K,1,4,7573,820
,,,,,,13/03/2012 Total,,1,4,7573,820
,,,,,,21/03/2012,$10K - $30K,1,4,6841,951
,,,,,,21/03/2012 Total,,1,4,6841,951
,,,,,,17/04/2012,$10K - $30K,1,5,4527,1339
,,,,,,17/04/2012 Total,,1,5,4527,1339
,,,,,,22/04/2012,$30K - $50K,1,3,7573,1419
,,,,,,22/04/2012 Total,,1,3,7573,1419
,,,,,,16/05/2012,$90K - $110K,1,4,9951,1739
,,,,,,16/05/2012 Total,,1,4,9951,1739
,,,,,,09/08/2012,$70K - $90K,1,4,5686,2779
,,,,,,09/08/2012 Total,,1,4,5686,2779
,,,,,,21/08/2012,$10K - $30K,1,2,1598,2918
,,,,,,21/08/2012 Total,,1,2,1598,2918
,,,,,,09/09/2012,$10K - $30K,1,4,6841,3142
,,,,,,09/09/2012 Total,,1,4,6841,3142
,,,,,,14/11/2012,$70K - $90K,1,4,3878,3944
,,,,,,14/11/2012 Total,,1,4,3878,3944
,,,,,,01/12/2012,$10K - $30K,1,4,1451,4195
,,,,,,01/12/2012 Total,,1,4,1451,4195
,,,,,,09/12/2012,$30K - $50K,1,5,1676,4322
,,,,,,09/12/2012 Total,,1,5,1676,4322
,,,,,,28/12/2012,$30K - $50K,1,2,1341,4654
,,,,,,28/12/2012 Total,,1,2,1341,4654
,,,,,,20/01/2013,$130K - $150K,1,5,3889,5188
,,,,,,20/01/2013 Total,,1,5,3889,5188
,,,,,,09/02/2013,$30K - $50K,1,4,1533,5737
,,,,,,09/02/2013 Total,,1,4,1533,5737
,,,,,,11/02/2013,$150K +,1,6,7220,5791
,,,,,,11/02/2013 Total,,1,6,7220,5791
,,,,,,18/02/2013,$10K - $30K,1,4,7704,5992
,,,,,,18/02/2013 Total,,1,4,7704,5992
,,,,,,19/02/2013,$50K - $70K,1,6,8404,6031
,,,,,,19/02/2013 Total,,1,6,8404,6031
,,,,,,23/03/2013,$90K - $110K,1,5,5973,6893
,,,,,,23/03/2013 Total,,1,5,5973,6893
,,,,,,19/04/2013,$30K - $50K,1,3,7377,7595
,,,,,,19/04/2013 Total,,1,3,7377,7595
,,,,,,28/04/2013,$150K +,1,4,7220,7863
,,,,,,28/04/2013 Total,,1,4,7220,7863
,,,,,,17/05/2013,$10K - $30K,1,4,8902,8377
,,,,,,17/05/2013 Total,,1,4,8902,8377
,,,,,,04/06/2013,$10K - $30K,1,5,1598,8872
,,,,,,04/06/2013 Total,,1,5,1598,8872
,,,,,,24/06/2013,$30K - $50K,1,4,1533,9410
,,,,,,24/06/2013 Total,,1,4,1533,9410
,,,,,,13/07/2013,$10K - $30K,1,4,5738,9952
,,,,,,13/07/2013 Total,,1,4,5738,9952
,,,,,,10/08/2013,$70K - $90K,1,4,1622,10696
,,,,,,10/08/2013 Total,,1,4,1622,10696
,,,,,,10/09/2013,$30K - $50K,1,6,3448,11491
,,,,,,10/09/2013 Total,,1,6,3448,11491
,,,,,,16/09/2013,$50K - $70K,1,2,5991,11659
,,,,,,16/09/2013 Total,,1,2,5991,11659
,,,,,,13/10/2013,$30K - $50K,1,2,5163,12406
,,,,,,13/10/2013 Total,,1,2,5163,12406
,,,,,,21/10/2013,$30K - $50K,1,4,924,12630
,,,,,,21/10/2013 Total,,1,4,924,12630
,,,,,,28/10/2013,$50K - $70K,1,4,4618,12837
,,,,,,28/10/2013 Total,,1,4,4618,12837
,,,,,,12/11/2013,$30K - $50K,1,5,1341,13278
,,,,,,12/11/2013 Total,,1,5,1341,13278
,,,,,USA Total,,,32,131,153551,205295
,,,,WA Total,,,,32,131,153551,205295
,,,Bremerton Total,,,,,32,131,153551,205295
,,,Camacho,Zacatecas,Mexico,16/01/2013,$110K - $130K,1,4,5672,5095
,,,,,,16/01/2013 Total,,1,4,5672,5095
,,,,,,04/03/2013,$110K - $130K,1,5,5672,6407
,,,,,,04/03/2013 Total,,1,5,5672,6407
,,,,,,13/04/2013,$10K - $30K,1,7,4956,7453
,,,,,,13/04/2013 Total,,1,7,4956,7453
,,,,,,25/04/2013,$110K - $130K,1,3,5672,7771
,,,,,,25/04/2013 Total,,1,3,5672,7771
,,,,,,30/04/2013,$10K - $30K,1,3,4947,7923
,,,,,,30/04/2013 Total,,1,3,4947,7923
,,,,,,24/08/2013,$10K - $30K,1,3,4956,11057
,,,,,,24/08/2013 Total,,1,3,4956,11057
,,,,,,23/10/2013,$10K - $30K,1,2,4947,12685
,,,,,,23/10/2013 Total,,1,2,4947,12685
,,,,,Mexico Total,,,7,27,36822,58391
,,,,Zacatecas Total,,,,7,27,36822,58391
,,,Camacho Total,,,,,7,27,36822,58391
,,,Hidalgo,Zacatecas,Mexico,06/01/2013,$50K - $70K,1,2,9819,4861
,,,,,,06/01/2013 Total,,1,2,9819,4861
,,,,,,10/03/2013,$50K - $70K,1,4,9819,6552
,,,,,,10/03/2013 Total,,1,4,9819,6552
,,,,,,15/04/2013,$110K - $130K,1,5,10002,7497
,,,,,,15/04/2013 Total,,1,5,10002,7497
,,,,,,17/04/2013,$130K - $150K,1,3,7055,7538
,,,,,,17/04/2013 Total,,1,3,7055,7538
,,,,,,16/06/2013,$30K - $50K,1,3,1693,9198
,,,,,,16/06/2013 Total,,1,3,1693,9198
,,,,,,24/09/2013,$130K - $150K,1,4,1612,11903
,,,,,,24/09/2013 Total,,1,4,1612,11903
,,,,,,24/10/2013,$30K - $50K,1,3,1222,12713
,,,,,,24/10/2013 Total,,1,3,1222,12713
,,,,,,25/10/2013,$30K - $50K,1,2,5700,12768
,,,,,,25/10/2013 Total,,1,2,5700,12768
,,,,,,26/11/2013,$50K - $70K,1,3,4009,13634
,,,,,,26/11/2013 Total,,1,3,4009,13634
,,,,,Mexico Total,,,9,29,50931,86664
,,,,Zacatecas Total,,,,9,29,50931,86664
,,,Hidalgo Total,,,,,9,29,50931,86664
,,,Los Angeles,CA,USA,13/03/2012,$30K - $50K,1,4,3097,827
,,,,,,13/03/2012 Total,,1,4,3097,827
,,,,,,27/03/2012,$50K - $70K,1,5,8810,1036
,,,,,,27/03/2012 Total,,1,5,8810,1036
,,,,,,01/04/2012,$70K - $90K,1,3,7801,1109
,,,,,,01/04/2012 Total,,1,3,7801,1109
,,,,,,28/05/2012,$50K - $70K,1,4,5748,1890
,,,,,,28/05/2012 Total,,1,4,5748,1890
,,,,,,14/06/2012,$30K - $50K,1,3,5765,2082
,,,,,,14/06/2012 Total,,1,3,5765,2082
,,,,,,22/06/2012,$30K - $50K,1,3,995,2192
,,,,,,22/06/2012 Total,,1,3,995,2192
,,,,,,04/08/2012,$30K - $50K,1,5,6400,2700
,,,,,,04/08/2012 Total,,1,5,6400,2700
,,,,,,16/08/2012,$70K - $90K,1,3,7801,2855
,,,,,,16/08/2012 Total,,1,3,7801,2855
,,,,,,05/09/2012,$10K - $30K,1,3,4776,3097
,,,,,,05/09/2012 Total,,1,3,4776,3097
,,,,,,16/09/2012,$70K - $90K,1,5,4292,3232
,,,,,,16/09/2012 Total,,1,5,4292,3232
,,,,,,27/10/2012,$30K - $50K,1,4,593,3719
,,,,,,27/10/2012 Total,,1,4,593,3719
,,,,,,24/11/2012,$70K - $90K,1,2,8739,4098
,,,,,,24/11/2012 Total,,1,2,8739,4098
,,,,,,07/12/2012,$70K - $90K,1,4,2668,4289
,,,,,,07/12/2012 Total,,1,4,2668,4289
,,,,,,19/12/2012,$110K - $130K,1,5,5989,4489
,,,,,,19/12/2012 Total,,1,5,5989,4489
,,,,,,20/01/2013,$30K - $50K,1,4,7523,5190
,,,,,,20/01/2013 Total,,1,4,7523,5190
,,,,,,25/01/2013,$70K - $90K,1,3,9390,5319
,,,,,,25/01/2013 Total,,1,3,9390,5319
,,,,,,22/02/2013,$30K - $50K,1,5,995,6107
,,,,,,22/02/2013 Total,,1,5,995,6107
,,,,,,24/02/2013,$70K - $90K,1,5,8745,6194
,,,,,,24/02/2013 Total,,1,5,8745,6194
,,,,,,11/03/2013,$10K - $30K,1,3,2795,6582
,,,,,,11/03/2013 Total,,1,3,2795,6582
,,,,,,07/04/2013,$10K - $30K,1,5,5518,7291
,,,,,,07/04/2013 Total,,1,5,5518,7291
,,,,,,01/06/2013,$30K - $50K,1,4,133,8795
,,,,,,01/06/2013 Total,,1,4,133,8795
,,,,,,17/06/2013,$30K - $50K,1,6,2311,9214
,,,,,,17/06/2013 Total,,1,6,2311,9214
,,,,,,26/06/2013,$70K - $90K,1,3,9588,9465
,,,,,,26/06/2013 Total,,1,3,9588,9465
,,,,,,01/07/2013,$10K - $30K,1,4,9039,9591
,,,,,,01/07/2013 Total,,1,4,9039,9591
,,,,,,19/07/2013,$50K - $70K,1,4,9985,10132
,,,,,,19/07/2013 Total,,1,4,9985,10132
,,,,,,01/08/2013,$150K +,1,3,7477,10440
,,,,,,01/08/2013 Total,,1,3,7477,10440
,,,,,,16/08/2013,$30K - $50K,1,4,3768,10871
,,,,,,16/08/2013 Total,,1,4,3768,10871
,,,,,,24/08/2013,$10K - $30K,1,5,9092,11050
,,,,,,24/08/2013 Total,,1,5,9092,11050
,,,,,,19/09/2013,$70K - $90K,1,2,3888,11756
,,,,,,19/09/2013 Total,,1,2,3888,11756
,,,,,,08/10/2013,$70K - $90K,1,5,6665,12292
,,,,,,08/10/2013 Total,,1,5,6665,12292
,,,,,USA Total,,,30,118,170386,177904
,,,,CA Total,,,,30,118,170386,177904
,,,Los Angeles Total,,,,,30,118,170386,177904
,,,Merida,Yucatan,Mexico,26/01/2013,$110K - $130K,1,6,4592,5346
,,,,,,26/01/2013 Total,,1,6,4592,5346
,,,,,,02/02/2013,$10K - $30K,1,4,8928,5551
,,,,,,02/02/2013 Total,,1,4,8928,5551
,,,,,,07/02/2013,$90K - $110K,1,4,1947,5678
,,,,,,07/02/2013 Total,,1,4,1947,5678
,,,,,,25/02/2013,$70K - $90K,1,3,7448,6203
,,,,,,25/02/2013 Total,,1,3,7448,6203
,,,,,,12/03/2013,$30K - $50K,1,3,2099,6617
,,,,,,12/03/2013 Total,,1,3,2099,6617
,,,,,,01/04/2013,$130K - $150K,1,2,2130,7128
,,,,,,01/04/2013 Total,,1,2,2130,7128
,,,,,,15/04/2013,$30K - $50K,1,3,9480,7499
,,,,,,15/04/2013 Total,,1,3,9480,7499
,,,,,,17/04/2013,$30K - $50K,1,6,8670,7544
,,,,,,17/04/2013 Total,,1,6,8670,7544
,,,,,,18/04/2013,$10K - $30K,1,3,6394,7556
,,,,,,18/04/2013 Total,,1,3,6394,7556
,,,,,,20/04/2013,$30K - $50K,1,3,486,7631
,,,,,,20/04/2013 Total,,1,3,486,7631
,,,,,,15/06/2013,$30K - $50K,1,4,9480,9163
,,,,,,15/06/2013 Total,,1,4,9480,9163
,,,,,,18/06/2013,$30K - $50K,1,4,8670,9272
,,,,,,18/06/2013 Total,,1,4,8670,9272
,,,,,,20/06/2013,$30K - $50K,1,4,2852,9310
,,,,,,20/06/2013 Total,,1,4,2852,9310
,,,,,,22/07/2013,$90K - $110K,1,6,6193,10206
,,,,,,22/07/2013 Total,,1,6,6193,10206
,,,,,,01/08/2013,$110K - $130K,1,5,3661,10432
,,,,,,01/08/2013 Total,,1,5,3661,10432
,,,,,,10/08/2013,$90K - $110K,1,4,8615,10697
,,,,,,10/08/2013 Total,,1,4,8615,10697
,,,,,,08/10/2013,$70K - $90K,1,5,7448,12285
,,,,,,08/10/2013 Total,,1,5,7448,12285
,,,,,,19/10/2013,$30K - $50K,1,4,8670,12572
,,,,,,19/10/2013 Total,,1,4,8670,12572
,,,,,,23/10/2013,$30K - $50K,1,3,2099,12692
,,,,,,23/10/2013 Total,,1,3,2099,12692
,,,,,,02/11/2013,$110K - $130K,1,4,3661,13007
,,,,,,02/11/2013 Total,,1,4,3661,13007
,,,,,,26/11/2013,$130K - $150K,1,5,2130,13633
,,,,,,26/11/2013 Total,,1,5,2130,13633
,,,,,Mexico Total,,,21,85,115653,190022
,,,,Yucatan Total,,,,21,85,115653,190022
,,,Merida Total,,,,,21,85,115653,190022
,,,Mexico City,DF,Mexico,15/01/2013,$70K - $90K,1,4,3396,5088
,,,,,,15/01/2013 Total,,1,4,3396,5088
,,,,,,15/02/2013,$30K - $50K,1,3,9462,5925
,,,,,,15/02/2013 Total,,1,3,9462,5925
,,,,,,20/02/2013,$30K - $50K,1,2,3949,6054
,,,,,,20/02/2013 Total,,1,2,3949,6054
,,,,,,11/04/2013,$110K - $130K,1,5,7307,7392
,,,,,,11/04/2013 Total,,1,5,7307,7392
,,,,,,24/05/2013,$30K - $50K,1,4,3424,8563
,,,,,,24/05/2013 Total,,1,4,3424,8563
,,,,,,18/06/2013,$30K - $50K,1,3,9292,9257
,,,,,,18/06/2013 Total,,1,3,9292,9257
,,,,,,17/07/2013,$110K - $130K,1,4,6762,10073
,,,,,,17/07/2013 Total,,1,4,6762,10073
,,,,,,16/09/2013,$90K - $110K,1,4,2919,11671
,,,,,,16/09/2013 Total,,1,4,2919,11671
,,,,,,28/11/2013,$10K - $30K,1,5,5315,13673
,,,,,,28/11/2013 Total,,1,5,5315,13673
,,,,,Mexico Total,,,9,34,51826,77696
,,,,DF Total,,,,9,34,51826,77696
,,,Mexico City Total,,,,,9,34,51826,77696
,,,Orizaba,Veracruz,Mexico,18/01/2013,$30K - $50K,1,5,3080,5143
,,,,,,18/01/2013 Total,,1,5,3080,5143
,,,,,,29/01/2013,$30K - $50K,1,4,9573,5416
,,,,,,29/01/2013 Total,,1,4,9573,5416
,,,,,,03/04/2013,$70K - $90K,1,3,9197,7183
,,,,,,03/04/2013 Total,,1,3,9197,7183
,,,,,,06/07/2013,$30K - $50K,1,2,3080,9724
,,,,,,06/07/2013 Total,,1,2,3080,9724
,,,,,,08/07/2013,$50K - $70K,1,3,5053,9809
,,,,,,08/07/2013 Total,,1,3,5053,9809
,,,,,,29/07/2013,$70K - $90K,1,2,5981,10392
,,,,,,29/07/2013 Total,,1,2,5981,10392
,,,,,,11/08/2013,$30K - $50K,1,6,8287,10707
,,,,,,11/08/2013 Total,,1,6,8287,10707
,,,,,,24/08/2013,$10K - $30K,1,6,2063,11054
,,,,,,24/08/2013 Total,,1,6,2063,11054
,,,,,,28/09/2013,$30K - $50K,1,5,2697,12028
,,,,,,28/09/2013 Total,,1,5,2697,12028
,,,,,,26/12/2013,$150K +,1,3,1641,14045
,,,,,,26/12/2013 Total,,1,3,1641,14045
,,,,,Mexico Total,,,10,39,50652,95501
,,,,Veracruz Total,,,,10,39,50652,95501
,,,Orizaba Total,,,,,10,39,50652,95501
,,,Portland,OR,USA,18/01/2012,$50K - $70K,1,3,2673,147
,,,,,,18/01/2012 Total,,1,3,2673,147
,,,,,,21/02/2012,$10K - $30K,1,2,8556,546
,,,,,,21/02/2012 Total,,1,2,8556,546
,,,,,,14/03/2012,$30K - $50K,1,5,4461,839
,,,,,,14/03/2012 Total,,1,5,4461,839
,,,,,,15/03/2012,$10K - $30K,1,3,2674,853
,,,,,,15/03/2012 Total,,1,3,2674,853
,,,,,,19/03/2012,$30K - $50K,1,4,5781,918
,,,,,,19/03/2012 Total,,1,4,5781,918
,,,,,,28/03/2012,$30K - $50K,1,6,4056,1043
,,,,,,,$90K - $110K,1,6,5339,1052
,,,,,,28/03/2012 Total,,2,12,9395,2095
,,,,,,02/05/2012,$50K - $70K,1,6,4116,1555
,,,,,,02/05/2012 Total,,1,6,4116,1555
,,,,,,26/05/2012,$10K - $30K,1,4,6194,1858
,,,,,,26/05/2012 Total,,1,4,6194,1858
,,,,,,01/06/2012,$130K - $150K,1,3,8528,1948
,,,,,,01/06/2012 Total,,1,3,8528,1948
,,,,,,11/06/2012,$30K - $50K,1,5,521,2052
,,,,,,11/06/2012 Total,,1,5,521,2052
,,,,,,12/07/2012,$30K - $50K,1,3,2908,2422
,,,,,,12/07/2012 Total,,1,3,2908,2422
,,,,,,26/08/2012,$50K - $70K,1,3,2673,2982
,,,,,,26/08/2012 Total,,1,3,2673,2982
,,,,,,30/08/2012,$30K - $50K,1,4,4471,3025
,,,,,,30/08/2012 Total,,1,4,4471,3025
,,,,,,29/12/2012,$90K - $110K,1,6,1594,4661
,,,,,,29/12/2012 Total,,1,6,1594,4661
,,,,,,23/02/2013,$50K - $70K,1,6,1606,6143
,,,,,,23/02/2013 Total,,1,6,1606,6143
,,,,,,13/03/2013,$30K - $50K,1,5,7893,6626
,,,,,,13/03/2013 Total,,1,5,7893,6626
,,,,,,07/06/2013,$10K - $30K,1,3,2674,8968
,,,,,,07/06/2013 Total,,1,3,2674,8968
,,,,,,26/07/2013,$130K - $150K,1,5,9013,10297
,,,,,,26/07/2013 Total,,1,5,9013,10297
,,,,,,19/11/2013,$30K - $50K,1,4,2908,13460
,,,,,,19/11/2013 Total,,1,4,2908,13460
,,,,,,22/11/2013,$50K - $70K,1,4,7348,13527
,,,,,,22/11/2013 Total,,1,4,7348,13527
,,,,,,25/11/2013,$10K - $30K,1,6,3985,13600
,,,,,,25/11/2013 Total,,1,6,3985,13600
,,,,,USA Total,,,22,96,99972,98522
,,,,OR Total,,,,22,96,99972,98522
,,,Portland Total,,,,,22,96,99972,98522
,,,Salem,OR,USA,14/01/2012,$30K - $50K,1,4,6713,108
,,,,,,14/01/2012 Total,,1,4,6713,108
,,,,,,02/02/2012,$30K - $50K,1,3,8644,318
,,,,,,02/02/2012 Total,,1,3,8644,318
,,,,,,18/02/2012,$90K - $110K,1,5,8901,514
,,,,,,18/02/2012 Total,,1,5,8901,514
,,,,,,02/03/2012,$30K - $50K,1,4,7250,664
,,,,,,02/03/2012 Total,,1,4,7250,664
,,,,,,25/03/2012,$50K - $70K,1,7,8367,1006
,,,,,,25/03/2012 Total,,1,7,8367,1006
,,,,,,17/04/2012,$10K - $30K,1,3,2614,1341
,,,,,,17/04/2012 Total,,1,3,2614,1341
,,,,,,18/04/2012,$10K - $30K,1,5,7905,1353
,,,,,,18/04/2012 Total,,1,5,7905,1353
,,,,,,22/05/2012,$150K +,1,3,3308,1818
,,,,,,22/05/2012 Total,,1,3,3308,1818
,,,,,,26/05/2012,$30K - $50K,1,4,3302,1862
,,,,,,26/05/2012 Total,,1,4,3302,1862
,,,,,,28/05/2012,$30K - $50K,1,4,7446,1887
,,,,,,28/05/2012 Total,,1,4,7446,1887
,,,,,,22/06/2012,$30K - $50K,1,6,7250,2187
,,,,,,22/06/2012 Total,,1,6,7250,2187
,,,,,,23/06/2012,$70K - $90K,1,2,6982,2199
,,,,,,23/06/2012 Total,,1,2,6982,2199
,,,,,,11/07/2012,$30K - $50K,1,3,346,2408
,,,,,,11/07/2012 Total,,1,3,346,2408
,,,,,,25/07/2012,$10K - $30K,1,2,8015,2582
,,,,,,25/07/2012 Total,,1,2,8015,2582
,,,,,,31/07/2012,$50K - $70K,1,6,9787,2655
,,,,,,31/07/2012 Total,,1,6,9787,2655
,,,,,,08/08/2012,$10K - $30K,1,3,3897,2753
,,,,,,08/08/2012 Total,,1,3,3897,2753
,,,,,,21/08/2012,$30K - $50K,1,4,3728,2912
,,,,,,21/08/2012 Total,,1,4,3728,2912
,,,,,,07/09/2012,$70K - $90K,1,4,993,3121
,,,,,,07/09/2012 Total,,1,4,993,3121
,,,,,,24/10/2012,$10K - $30K,1,3,7905,3686
,,,,,,24/10/2012 Total,,1,3,7905,3686
,,,,,,01/11/2012,$30K - $50K,1,3,5924,3782
,,,,,,01/11/2012 Total,,1,3,5924,3782
,,,,,,06/11/2012,$30K - $50K,1,5,5924,3849
,,,,,,06/11/2012 Total,,1,5,5924,3849
,,,,,,10/12/2012,$30K - $50K,1,5,346,4346
,,,,,,10/12/2012 Total,,1,5,346,4346
,,,,,,08/01/2013,$30K - $50K,1,5,1773,4897
,,,,,,08/01/2013 Total,,1,5,1773,4897
,,,,,,19/01/2013,$110K - $130K,1,3,2188,5163
,,,,,,19/01/2013 Total,,1,3,2188,5163
,,,,,,04/02/2013,$30K - $50K,1,4,3302,5593
,,,,,,04/02/2013 Total,,1,4,3302,5593
,,,,,,23/02/2013,$130K - $150K,1,4,1626,6155
,,,,,,23/02/2013 Total,,1,4,1626,6155
,,,,,,27/02/2013,$30K - $50K,1,4,5924,6274
,,,,,,27/02/2013 Total,,1,4,5924,6274
,,,,,,25/03/2013,$10K - $30K,1,4,7410,6924
,,,,,,25/03/2013 Total,,1,4,7410,6924
,,,,,,31/03/2013,$110K - $130K,1,4,1035,7096
,,,,,,31/03/2013 Total,,1,4,1035,7096
,,,,,,09/05/2013,$10K - $30K,1,2,1575,8176
,,,,,,09/05/2013 Total,,1,2,1575,8176
,,,,,,14/05/2013,$130K - $150K,1,5,1957,8307
,,,,,,14/05/2013 Total,,1,5,1957,8307
,,,,,,01/06/2013,$150K +,1,4,3308,8815
,,,,,,01/06/2013 Total,,1,4,3308,8815
,,,,,,19/06/2013,$10K - $30K,1,3,2614,9275
,,,,,,19/06/2013 Total,,1,3,2614,9275
,,,,,,16/08/2013,$10K - $30K,1,5,3589,10866
,,,,,,16/08/2013 Total,,1,5,3589,10866
,,,,,,29/08/2013,$50K - $70K,1,5,8667,11189
,,,,,,29/08/2013 Total,,1,5,8667,11189
,,,,,,08/09/2013,$30K - $50K,1,4,8644,11443
,,,,,,08/09/2013 Total,,1,4,8644,11443
,,,,,,23/09/2013,$10K - $30K,1,5,2086,11879
,,,,,,23/09/2013 Total,,1,5,2086,11879
,,,,,,28/09/2013,$110K - $130K,1,3,1388,12035
,,,,,,28/09/2013 Total,,1,3,1388,12035
,,,,,,15/10/2013,$30K - $50K,1,4,6087,12476
,,,,,,15/10/2013 Total,,1,4,6087,12476
,,,,,,24/11/2013,$90K - $110K,1,4,7952,13574
,,,,,,24/11/2013 Total,,1,4,7952,13574
,,,,,USA Total,,,40,160,196672,207488
,,,,OR Total,,,,40,160,196672,207488
,,,Salem Total,,,,,40,160,196672,207488
,,,San Andres,DF,Mexico,25/02/2013,$130K - $150K,1,4,7308,6217
,,,,,,25/02/2013 Total,,1,4,7308,6217
,,,,,,05/03/2013,$30K - $50K,1,6,3487,6430
,,,,,,05/03/2013 Total,,1,6,3487,6430
,,,,,,27/03/2013,$30K - $50K,1,3,3880,6998
,,,,,,27/03/2013 Total,,1,3,3880,6998
,,,,,,02/04/2013,$30K - $50K,1,5,10024,7150
,,,,,,02/04/2013 Total,,1,5,10024,7150
,,,,,,26/04/2013,$50K - $70K,1,5,9717,7805
,,,,,,26/04/2013 Total,,1,5,9717,7805
,,,,,,20/05/2013,$10K - $30K,1,4,7550,8459
,,,,,,20/05/2013 Total,,1,4,7550,8459
,,,,,,31/05/2013,$30K - $50K,1,3,1424,8774
,,,,,,31/05/2013 Total,,1,3,1424,8774
,,,,,,13/07/2013,$10K - $30K,1,4,9966,9951
,,,,,,13/07/2013 Total,,1,4,9966,9951
,,,,,,17/07/2013,$90K - $110K,1,5,6780,10053
,,,,,,17/07/2013 Total,,1,5,6780,10053
,,,,,,19/07/2013,$30K - $50K,1,3,2239,10131
,,,,,,19/07/2013 Total,,1,3,2239,10131
,,,,,,30/07/2013,$70K - $90K,1,3,6032,10400
,,,,,,30/07/2013 Total,,1,3,6032,10400
,,,,,,15/08/2013,$130K - $150K,1,4,9460,10840
,,,,,,15/08/2013 Total,,1,4,9460,10840
,,,,,,16/08/2013,$10K - $30K,1,3,6080,10841
,,,,,,16/08/2013 Total,,1,3,6080,10841
,,,,,,01/09/2013,$10K - $30K,1,5,8728,11279
,,,,,,,$30K - $50K,1,4,3329,11273
,,,,,,01/09/2013 Total,,2,9,12057,22552
,,,,,,05/11/2013,$30K - $50K,1,4,1394,13069
,,,,,,05/11/2013 Total,,1,4,1394,13069
,,,,,,25/11/2013,$10K - $30K,1,6,1025,13596
,,,,,,25/11/2013 Total,,1,6,1025,13596
,,,,,,28/11/2013,$30K - $50K,1,3,2790,13675
,,,,,,28/11/2013 Total,,1,3,2790,13675
,,,,,Mexico Total,,,18,74,101213,176941
,,,,DF Total,,,,18,74,101213,176941
,,,San Andres Total,,,,,18,74,101213,176941
,,,San Diego,CA,USA,05/02/2012,$50K - $70K,1,5,10039,359
,,,,,,05/02/2012 Total,,1,5,10039,359
,,,,,,08/03/2012,$50K - $70K,1,5,9306,744
,,,,,,08/03/2012 Total,,1,5,9306,744
,,,,,,03/04/2012,$30K - $50K,1,4,1409,1145
,,,,,,03/04/2012 Total,,1,4,1409,1145
,,,,,,21/07/2012,$10K - $30K,1,3,2359,2531
,,,,,,21/07/2012 Total,,1,3,2359,2531
,,,,,,13/09/2012,$30K - $50K,1,6,5438,3190
,,,,,,13/09/2012 Total,,1,6,5438,3190
,,,,,,30/09/2012,$50K - $70K,1,3,8390,3380
,,,,,,30/09/2012 Total,,1,3,8390,3380
,,,,,,25/10/2012,$30K - $50K,1,6,6877,3695
,,,,,,25/10/2012 Total,,1,6,6877,3695
,,,,,,19/11/2012,$30K - $50K,1,4,360,4027
,,,,,,19/11/2012 Total,,1,4,360,4027
,,,,,,04/12/2012,$70K - $90K,1,5,4791,4243
,,,,,,04/12/2012 Total,,1,5,4791,4243
,,,,,,09/01/2013,$30K - $50K,1,4,2648,4922
,,,,,,09/01/2013 Total,,1,4,2648,4922
,,,,,,13/01/2013,$50K - $70K,1,2,7662,5015
,,,,,,13/01/2013 Total,,1,2,7662,5015
,,,,,,14/02/2013,$10K - $30K,1,5,8911,5889
,,,,,,14/02/2013 Total,,1,5,8911,5889
,,,,,,24/02/2013,$30K - $50K,1,4,7590,6176
,,,,,,24/02/2013 Total,,1,4,7590,6176
,,,,,,07/05/2013,$50K - $70K,1,4,906,8099
,,,,,,07/05/2013 Total,,1,4,906,8099
,,,,,,05/06/2013,$30K - $50K,1,3,8618,8911
,,,,,,05/06/2013 Total,,1,3,8618,8911
,,,,,,29/06/2013,$110K - $130K,1,4,2550,9535
,,,,,,29/06/2013 Total,,1,4,2550,9535
,,,,,,19/07/2013,$30K - $50K,1,5,4524,10114
,,,,,,19/07/2013 Total,,1,5,4524,10114
,,,,,,02/10/2013,$30K - $50K,1,5,3457,12122
,,,,,,02/10/2013 Total,,1,5,3457,12122
,,,,,,07/10/2013,$10K - $30K,1,5,3018,12241
,,,,,,07/10/2013 Total,,1,5,3018,12241
,,,,,,29/10/2013,$30K - $50K,1,4,481,12874
,,,,,,29/10/2013 Total,,1,4,481,12874
,,,,,,21/11/2013,$110K - $130K,1,6,4176,13501
,,,,,,21/11/2013 Total,,1,6,4176,13501
,,,,,,02/12/2013,$50K - $70K,1,4,9005,13757
,,,,,,02/12/2013 Total,,1,4,9005,13757
,,,,,USA Total,,,22,96,112515,146470
,,,,CA Total,,,,22,96,112515,146470
,,,San Diego Total,,,,,22,96,112515,146470
,,,San Francisco,CA,USA,20/05/2012,$130K - $150K,1,1,6425,1784
,,,,,,20/05/2012 Total,,1,1,6425,1784
,,,,,,16/11/2012,$110K - $130K,1,2,841,3982
,,,,,,16/11/2012 Total,,1,2,841,3982
,,,,,,27/09/2013,$150K +,1,4,5728,11999
,,,,,,27/09/2013 Total,,1,4,5728,11999
,,,,,USA Total,,,3,7,12994,17765
,,,,CA Total,,,,3,7,12994,17765
,,,San Francisco Total,,,,,3,7,12994,17765
,,,Seattle,WA,USA,13/02/2012,$30K - $50K,1,3,3930,445
,,,,,,13/02/2012 Total,,1,3,3930,445
,,,,,,09/03/2012,$10K - $30K,1,5,4197,769
,,,,,,09/03/2012 Total,,1,5,4197,769
,,,,,,14/03/2012,$70K - $90K,1,4,4528,840
,,,,,,14/03/2012 Total,,1,4,4528,840
,,,,,,24/03/2012,$30K - $50K,1,3,2259,989
,,,,,,24/03/2012 Total,,1,3,2259,989
,,,,,,29/05/2012,$110K - $130K,1,6,8175,1906
,,,,,,29/05/2012 Total,,1,6,8175,1906
,,,,,,14/07/2012,$110K - $130K,1,4,1931,2438
,,,,,,14/07/2012 Total,,1,4,1931,2438
,,,,,,17/07/2012,$50K - $70K,1,6,2555,2491
,,,,,,17/07/2012 Total,,1,6,2555,2491
,,,,,,25/07/2012,$50K - $70K,1,3,9773,2585
,,,,,,25/07/2012 Total,,1,3,9773,2585
,,,,,,09/09/2012,$30K - $50K,1,4,2187,3138
,,,,,,09/09/2012 Total,,1,4,2187,3138
,,,,,,24/09/2012,$30K - $50K,1,3,10059,3313
,,,,,,24/09/2012 Total,,1,3,10059,3313
,,,,,,27/10/2012,$50K - $70K,1,5,1306,3722
,,,,,,27/10/2012 Total,,1,5,1306,3722
,,,,,,22/12/2012,$70K - $90K,1,3,1913,4537
,,,,,,22/12/2012 Total,,1,3,1913,4537
,,,,,,27/12/2012,$50K - $70K,1,2,1841,4626
,,,,,,27/12/2012 Total,,1,2,1841,4626
,,,,,,31/12/2012,$30K - $50K,1,3,766,4711
,,,,,,31/12/2012 Total,,1,3,766,4711
,,,,,,19/01/2013,$50K - $70K,1,5,4205,5180
,,,,,,19/01/2013 Total,,1,5,4205,5180
,,,,,,02/02/2013,$50K - $70K,1,3,9691,5543
,,,,,,02/02/2013 Total,,1,3,9691,5543
,,,,,,12/02/2013,$70K - $90K,1,3,1883,5820
,,,,,,12/02/2013 Total,,1,3,1883,5820
,,,,,,22/02/2013,$70K - $90K,1,5,9885,6118
,,,,,,22/02/2013 Total,,1,5,9885,6118
,,,,,,19/04/2013,$50K - $70K,1,5,3152,7587
,,,,,,19/04/2013 Total,,1,5,3152,7587
,,,,,,10/05/2013,$50K - $70K,1,3,9607,8189
,,,,,,10/05/2013 Total,,1,3,9607,8189
,,,,,,28/05/2013,$30K - $50K,1,3,2988,8680
,,,,,,28/05/2013 Total,,1,3,2988,8680
,,,,,,02/07/2013,$30K - $50K,1,4,7632,9617
,,,,,,02/07/2013 Total,,1,4,7632,9617
,,,,,,07/07/2013,$10K - $30K,1,4,1541,9762
,,,,,,07/07/2013 Total,,1,4,1541,9762
,,,,,,23/10/2013,$50K - $70K,1,3,5024,12700
,,,,,,23/10/2013 Total,,1,3,5024,12700
,,,,,,28/10/2013,$50K - $70K,1,3,533,12835
,,,,,,28/10/2013 Total,,1,3,533,12835
,,,,,,19/11/2013,$10K - $30K,1,5,3966,13452
,,,,,,19/11/2013 Total,,1,5,3966,13452
,,,,,USA Total,,,26,100,115527,141993
,,,,WA Total,,,,26,100,115527,141993
,,,Seattle Total,,,,,26,100,115527,141993
,,,Spokane,WA,USA,18/01/2012,$30K - $50K,1,4,4021,144
,,,,,,18/01/2012 Total,,1,4,4021,144
,,,,,,20/02/2012,$10K - $30K,1,2,5432,538
,,,,,,20/02/2012 Total,,1,2,5432,538
,,,,,,26/02/2012,$10K - $30K,1,5,9728,598
,,,,,,26/02/2012 Total,,1,5,9728,598
,,,,,,05/03/2012,$70K - $90K,1,4,2570,708
,,,,,,05/03/2012 Total,,1,4,2570,708
,,,,,,22/03/2012,$30K - $50K,1,3,4021,954
,,,,,,22/03/2012 Total,,1,3,4021,954
,,,,,,19/04/2012,$110K - $130K,1,3,6712,1384
,,,,,,19/04/2012 Total,,1,3,6712,1384
,,,,,,01/06/2012,$50K - $70K,1,5,2553,1946
,,,,,,01/06/2012 Total,,1,5,2553,1946
,,,,,,24/07/2012,$10K - $30K,1,5,6348,2568
,,,,,,24/07/2012 Total,,1,5,6348,2568
,,,,,,27/08/2012,$10K - $30K,1,5,9728,2994
,,,,,,27/08/2012 Total,,1,5,9728,2994
,,,,,,14/01/2013,$10K - $30K,1,3,5432,5049
,,,,,,14/01/2013 Total,,1,3,5432,5049
,,,,,,22/01/2013,$30K - $50K,1,5,7862,5249
,,,,,,22/01/2013 Total,,1,5,7862,5249
,,,,,,26/01/2013,$70K - $90K,1,6,5766,5340
,,,,,,26/01/2013 Total,,1,6,5766,5340
,,,,,,04/02/2013,$70K - $90K,1,3,6835,5604
,,,,,,04/02/2013 Total,,1,3,6835,5604
,,,,,,13/03/2013,$30K - $50K,1,4,9815,6628
,,,,,,13/03/2013 Total,,1,4,9815,6628
,,,,,,11/07/2013,$10K - $30K,1,3,6348,9872
,,,,,,11/07/2013 Total,,1,3,6348,9872
,,,,,,16/07/2013,$10K - $30K,1,2,8427,10031
,,,,,,16/07/2013 Total,,1,2,8427,10031
,,,,,,17/07/2013,$30K - $50K,1,5,7862,10059
,,,,,,17/07/2013 Total,,1,5,7862,10059
,,,,,,14/08/2013,$30K - $50K,1,6,5174,10798
,,,,,,14/08/2013 Total,,1,6,5174,10798
,,,,,,22/08/2013,$150K +,1,4,1690,11007
,,,,,,22/08/2013 Total,,1,4,1690,11007
,,,,,,30/08/2013,$30K - $50K,1,4,5374,11211
,,,,,,30/08/2013 Total,,1,4,5374,11211
,,,,,,21/09/2013,$130K - $150K,1,6,8452,11791
,,,,,,21/09/2013 Total,,1,6,8452,11791
,,,,,,02/12/2013,$10K - $30K,1,5,6348,13773
,,,,,,02/12/2013 Total,,1,5,6348,13773
,,,,,,18/12/2013,$10K - $30K,1,4,5432,13981
,,,,,,18/12/2013 Total,,1,4,5432,13981
,,,,,USA Total,,,23,96,141930,142227
,,,,WA Total,,,,23,96,141930,142227
,,,Spokane Total,,,,,23,96,141930,142227
,,,Tacoma,WA,USA,05/03/2012,$130K - $150K,1,4,3691,707
,,,,,,05/03/2012 Total,,1,4,3691,707
,,,,,,14/04/2012,$130K - $150K,1,2,9487,1303
,,,,,,14/04/2012 Total,,1,2,9487,1303
,,,,,,23/04/2012,$50K - $70K,1,5,782,1428
,,,,,,23/04/2012 Total,,1,5,782,1428
,,,,,,28/04/2012,$30K - $50K,1,7,7514,1497
,,,,,,28/04/2012 Total,,1,7,7514,1497
,,,,,,28/06/2012,$30K - $50K,1,6,9837,2258
,,,,,,28/06/2012 Total,,1,6,9837,2258
,,,,,,12/07/2012,$70K - $90K,1,3,4099,2417
,,,,,,12/07/2012 Total,,1,3,4099,2417
,,,,,,13/07/2012,$90K - $110K,1,5,6681,2430
,,,,,,13/07/2012 Total,,1,5,6681,2430
,,,,,,16/07/2012,$130K - $150K,1,5,2065,2465
,,,,,,16/07/2012 Total,,1,5,2065,2465
,,,,,,07/08/2012,$110K - $130K,1,7,5590,2747
,,,,,,07/08/2012 Total,,1,7,5590,2747
,,,,,,18/09/2012,$30K - $50K,1,5,10243,3255
,,,,,,18/09/2012 Total,,1,5,10243,3255
,,,,,,30/09/2012,$30K - $50K,1,2,7141,3383
,,,,,,30/09/2012 Total,,1,2,7141,3383
,,,,,,17/11/2012,$30K - $50K,1,3,8242,3993
,,,,,,17/11/2012 Total,,1,3,8242,3993
,,,,,,20/11/2012,$30K - $50K,1,6,7514,4038
,,,,,,20/11/2012 Total,,1,6,7514,4038
,,,,,,12/12/2012,$30K - $50K,1,4,448,4368
,,,,,,12/12/2012 Total,,1,4,448,4368
,,,,,,20/12/2012,$10K - $30K,1,6,9187,4507
,,,,,,20/12/2012 Total,,1,6,9187,4507
,,,,,,21/12/2012,$70K - $90K,1,5,4099,4527
,,,,,,21/12/2012 Total,,1,5,4099,4527
,,,,,,03/01/2013,$30K - $50K,1,5,9327,4792
,,,,,,03/01/2013 Total,,1,5,9327,4792
,,,,,,15/01/2013,$10K - $30K,1,5,10250,5064
,,,,,,15/01/2013 Total,,1,5,10250,5064
,,,,,,21/01/2013,$30K - $50K,1,4,1003,5245
,,,,,,21/01/2013 Total,,1,4,1003,5245
,,,,,,01/02/2013,$30K - $50K,1,4,2112,5511
,,,,,,01/02/2013 Total,,1,4,2112,5511
,,,,,,09/02/2013,$30K - $50K,1,3,10243,5746
,,,,,,09/02/2013 Total,,1,3,10243,5746
,,,,,,11/03/2013,$10K - $30K,1,4,341,6578
,,,,,,11/03/2013 Total,,1,4,341,6578
,,,,,,18/03/2013,$30K - $50K,1,5,2112,6773
,,,,,,18/03/2013 Total,,1,5,2112,6773
,,,,,,26/03/2013,$50K - $70K,1,5,1334,6960
,,,,,,26/03/2013 Total,,1,5,1334,6960
,,,,,,31/03/2013,$10K - $30K,1,3,9937,7104
,,,,,,31/03/2013 Total,,1,3,9937,7104
,,,,,,18/04/2013,$50K - $70K,1,2,1334,7561
,,,,,,18/04/2013 Total,,1,2,1334,7561
,,,,,,04/05/2013,$90K - $110K,1,4,6372,8006
,,,,,,04/05/2013 Total,,1,4,6372,8006
,,,,,,17/05/2013,$30K - $50K,1,4,8199,8373
,,,,,,17/05/2013 Total,,1,4,8199,8373
,,,,,,19/05/2013,$70K - $90K,1,5,2863,8432
,,,,,,19/05/2013 Total,,1,5,2863,8432
,,,,,,29/05/2013,$30K - $50K,1,3,1003,8709
,,,,,,29/05/2013 Total,,1,3,1003,8709
,,,,,,10/06/2013,$30K - $50K,1,7,8242,9041
,,,,,,10/06/2013 Total,,1,7,8242,9041
,,,,,,17/06/2013,$10K - $30K,1,5,8336,9227
,,,,,,17/06/2013 Total,,1,5,8336,9227
,,,,,,03/07/2013,$10K - $30K,1,4,4029,9646
,,,,,,03/07/2013 Total,,1,4,4029,9646
,,,,,,21/07/2013,$30K - $50K,1,4,4204,10195
,,,,,,21/07/2013 Total,,1,4,4204,10195
,,,,,,13/08/2013,$30K - $50K,1,5,8860,10782
,,,,,,13/08/2013 Total,,1,5,8860,10782
,,,,,,22/08/2013,$70K - $90K,1,6,5790,10999
,,,,,,22/08/2013 Total,,1,6,5790,10999
,,,,,,21/09/2013,$130K - $150K,1,4,9487,11816
,,,,,,21/09/2013 Total,,1,4,9487,11816
,,,,,,23/09/2013,$30K - $50K,1,5,8860,11854
,,,,,,23/09/2013 Total,,1,5,8860,11854
,,,,,,26/09/2013,$30K - $50K,1,3,2441,11974
,,,,,,26/09/2013 Total,,1,3,2441,11974
,,,,,,03/10/2013,$10K - $30K,1,4,1185,12154
,,,,,,03/10/2013 Total,,1,4,1185,12154
,,,,,,27/10/2013,$130K - $150K,1,4,2065,12805
,,,,,,27/10/2013 Total,,1,4,2065,12805
,,,,,,29/11/2013,$30K - $50K,1,5,7514,13712
,,,,,,29/11/2013 Total,,1,5,7514,13712
,,,,,,01/12/2013,$10K - $30K,1,5,5256,13752
,,,,,,01/12/2013 Total,,1,5,5256,13752
,,,,,,13/12/2013,$30K - $50K,1,4,8199,13930
,,,,,,13/12/2013 Total,,1,4,8199,13930
,,,,,USA Total,,,44,196,247518,302064
,,,,WA Total,,,,44,196,247518,302064
,,,Tacoma Total,,,,,44,196,247518,302064
,,,Vancouver,BC,Canada,19/01/2013,$30K - $50K,1,3,1068,5165
,,,,,,19/01/2013 Total,,1,3,1068,5165
,,,,,,31/01/2013,$30K - $50K,1,5,2527,5465
,,,,,,31/01/2013 Total,,1,5,2527,5465
,,,,,,23/02/2013,$30K - $50K,1,5,59,6131
,,,,,,23/02/2013 Total,,1,5,59,6131
,,,,,,22/03/2013,$90K - $110K,1,3,3610,6849
,,,,,,22/03/2013 Total,,1,3,3610,6849
,,,,,,23/03/2013,$10K - $30K,1,4,9904,6881
,,,,,,23/03/2013 Total,,1,4,9904,6881
,,,,,,06/05/2013,$30K - $50K,1,5,9726,8073
,,,,,,06/05/2013 Total,,1,5,9726,8073
,,,,,,08/05/2013,$110K - $130K,1,2,3592,8161
,,,,,,08/05/2013 Total,,1,2,3592,8161
,,,,,,26/05/2013,$30K - $50K,1,3,1101,8623
,,,,,,26/05/2013 Total,,1,3,1101,8623
,,,,,,29/05/2013,$150K +,1,3,9492,8732
,,,,,,29/05/2013 Total,,1,3,9492,8732
,,,,,,20/06/2013,$30K - $50K,1,3,8236,9305
,,,,,,20/06/2013 Total,,1,3,8236,9305
,,,,,,04/07/2013,$30K - $50K,1,6,1092,9698
,,,,,,04/07/2013 Total,,1,6,1092,9698
,,,,,,07/07/2013,$10K - $30K,1,3,4937,9754
,,,,,,07/07/2013 Total,,1,3,4937,9754
,,,,,,15/07/2013,$10K - $30K,1,3,5084,9989
,,,,,,,$70K - $90K,1,4,9119,10001
,,,,,,15/07/2013 Total,,2,7,14203,19990
,,,,,,26/08/2013,$30K - $50K,1,6,6042,11123
,,,,,,26/08/2013 Total,,1,6,6042,11123
,,,,,,18/09/2013,$30K - $50K,1,5,10016,11727
,,,,,,18/09/2013 Total,,1,5,10016,11727
,,,,,,21/09/2013,$10K - $30K,1,6,8729,11795
,,,,,,21/09/2013 Total,,1,6,8729,11795
,,,,,,27/09/2013,$30K - $50K,1,6,59,12000
,,,,,,27/09/2013 Total,,1,6,59,12000
,,,,,,28/09/2013,$110K - $130K,1,4,2516,12032
,,,,,,28/09/2013 Total,,1,4,2516,12032
,,,,,,27/10/2013,$10K - $30K,1,4,1475,12812
,,,,,,27/10/2013 Total,,1,4,1475,12812
,,,,,,10/11/2013,$30K - $50K,1,3,5136,13201
,,,,,,10/11/2013 Total,,1,3,5136,13201
,,,,,Canada Total,,,21,86,103520,197517
,,,,BC Total,,,,21,86,103520,197517
,,,Vancouver Total,,,,,21,86,103520,197517
,,,Victoria,BC,Canada,26/12/2012,$50K - $70K,1,6,6998,4615
,,,,,,26/12/2012 Total,,1,6,6998,4615
,,,,,,23/05/2013,$50K - $70K,1,4,6825,8555
,,,,,,23/05/2013 Total,,1,4,6825,8555
,,,,,,25/06/2013,$50K - $70K,1,3,1843,9440
,,,,,,25/06/2013 Total,,1,3,1843,9440
,,,,,,18/07/2013,$30K - $50K,1,5,4504,10110
,,,,,,18/07/2013 Total,,1,5,4504,10110
,,,,,,23/08/2013,$10K - $30K,1,3,7728,11036
,,,,,,23/08/2013 Total,,1,3,7728,11036
,,,,,,23/09/2013,$130K - $150K,1,5,2519,11878
,,,,,,23/09/2013 Total,,1,5,2519,11878
,,,,,Canada Total,,,6,26,30417,55634
,,,,BC Total,,,,6,26,30417,55634
,,,Victoria Total,,,,,6,26,30417,55634
,,,Walla Walla,WA,USA,27/08/2012,$70K - $90K,1,4,1140,2997
,,,,,,27/08/2012 Total,,1,4,1140,2997
,,,,,,14/11/2012,$10K - $30K,1,2,5902,3955
,,,,,,14/11/2012 Total,,1,2,5902,3955
,,,,,,21/11/2012,$10K - $30K,1,2,9439,4059
,,,,,,21/11/2012 Total,,1,2,9439,4059
,,,,,,17/12/2012,$10K - $30K,1,1,9439,4451
,,,,,,17/12/2012 Total,,1,1,9439,4451
,,,,,,31/12/2012,$10K - $30K,1,2,9321,4714
,,,,,,31/12/2012 Total,,1,2,9321,4714
,,,,,,09/01/2013,$10K - $30K,1,4,9321,4931
,,,,,,09/01/2013 Total,,1,4,9321,4931
,,,,,USA Total,,,6,15,44562,25107
,,,,WA Total,,,,6,15,44562,25107
,,,Walla Walla Total,,,,,6,15,44562,25107
,,,Yakima,WA,USA,13/02/2012,$50K - $70K,1,3,3075,454
,,,,,,13/02/2012 Total,,1,3,3075,454
,,,,,,17/10/2012,$50K - $70K,1,5,9891,3609
,,,,,,17/10/2012 Total,,1,5,9891,3609
,,,,,,07/01/2013,$10K - $30K,1,4,4070,4888
,,,,,,07/01/2013 Total,,1,4,4070,4888
,,,,,,10/02/2013,$110K - $130K,1,5,5002,5760
,,,,,,10/02/2013 Total,,1,5,5002,5760
,,,,,,11/03/2013,$70K - $90K,1,2,9134,6589
,,,,,,11/03/2013 Total,,1,2,9134,6589
,,,,,,09/05/2013,$50K - $70K,1,3,739,8173
,,,,,,09/05/2013 Total,,1,3,739,8173
,,,,,,01/06/2013,$70K - $90K,1,4,9134,8797
,,,,,,01/06/2013 Total,,1,4,9134,8797
,,,,,,01/09/2013,$110K - $130K,1,4,5002,11263
,,,,,,01/09/2013 Total,,1,4,5002,11263
,,,,,,03/10/2013,$70K - $90K,1,5,9134,12150
,,,,,,03/10/2013 Total,,1,5,9134,12150
,,,,,USA Total,,,9,35,55181,61683
,,,,WA Total,,,,9,35,55181,61683
,,,Yakima Total,,,,,9,35,55181,61683
,,M Total,,,,,,389,1582,2038125,2713456
,,S,Acapulco,Guerrero,Mexico,11/01/2013,$10K - $30K,1,4,8245,4979
,,,,,,11/01/2013 Total,,1,4,8245,4979
,,,,,,28/02/2013,$30K - $50K,1,2,2814,6296
,,,,,,28/02/2013 Total,,1,2,2814,6296
,,,,,,27/03/2013,$50K - $70K,1,4,8315,6990
,,,,,,27/03/2013 Total,,1,4,8315,6990
,,,,,,31/03/2013,$30K - $50K,1,3,8391,7121
,,,,,,31/03/2013 Total,,1,3,8391,7121
,,,,,,13/04/2013,$70K - $90K,1,5,6048,7439
,,,,,,13/04/2013 Total,,1,5,6048,7439
,,,,,,27/04/2013,$110K - $130K,1,3,622,7834
,,,,,,27/04/2013 Total,,1,3,622,7834
,,,,,,07/08/2013,$50K - $70K,1,4,1882,10595
,,,,,,07/08/2013 Total,,1,4,1882,10595
,,,,,,18/08/2013,$30K - $50K,1,4,2814,10907
,,,,,,18/08/2013 Total,,1,4,2814,10907
,,,,,,31/08/2013,$130K - $150K,1,4,7231,11253
,,,,,,31/08/2013 Total,,1,4,7231,11253
,,,,,,18/10/2013,$50K - $70K,1,5,10160,12551
,,,,,,18/10/2013 Total,,1,5,10160,12551
,,,,,,01/11/2013,$110K - $130K,1,4,622,12968
,,,,,,01/11/2013 Total,,1,4,622,12968
,,,,,Mexico Total,,,11,42,57144,98933
,,,,Guerrero Total,,,,11,42,57144,98933
,,,Acapulco Total,,,,,11,42,57144,98933
,,,Bellingham,WA,USA,14/02/2012,$110K - $130K,1,3,6319,457
,,,,,,14/02/2012 Total,,1,3,6319,457
,,,,,,04/05/2012,$30K - $50K,1,1,5720,1571
,,,,,,04/05/2012 Total,,1,1,5720,1571
,,,,,,07/05/2012,$90K - $110K,1,2,10255,1638
,,,,,,07/05/2012 Total,,1,2,10255,1638
,,,,,,18/06/2012,$50K - $70K,1,3,4209,2126
,,,,,,18/06/2012 Total,,1,3,4209,2126
,,,,,,08/03/2013,$70K - $90K,1,4,5310,6511
,,,,,,08/03/2013 Total,,1,4,5310,6511
,,,,,,08/04/2013,$70K - $90K,1,2,5310,7299
,,,,,,08/04/2013 Total,,1,2,5310,7299
,,,,,,04/06/2013,$50K - $70K,1,2,7336,8873
,,,,,,04/06/2013 Total,,1,2,7336,8873
,,,,,USA Total,,,7,17,44459,28475
,,,,WA Total,,,,7,17,44459,28475
,,,Bellingham Total,,,,,7,17,44459,28475
,,,Beverly Hills,CA,USA,05/02/2012,$90K - $110K,1,4,2523,364
,,,,,,05/02/2012 Total,,1,4,2523,364
,,,,,,15/02/2012,$10K - $30K,1,3,9710,466
,,,,,,15/02/2012 Total,,1,3,9710,466
,,,,,,03/04/2012,$90K - $110K,1,6,1427,1147
,,,,,,03/04/2012 Total,,1,6,1427,1147
,,,,,,20/04/2012,$90K - $110K,1,5,1427,1395
,,,,,,20/04/2012 Total,,1,5,1427,1395
,,,,,,07/05/2012,$70K - $90K,1,4,4151,1633
,,,,,,07/05/2012 Total,,1,4,4151,1633
,,,,,,30/05/2012,$50K - $70K,1,3,9662,1913
,,,,,,,$90K - $110K,1,5,3010,1912
,,,,,,30/05/2012 Total,,2,8,12672,3825
,,,,,,14/06/2012,$10K - $30K,1,2,8933,2084
,,,,,,14/06/2012 Total,,1,2,8933,2084
,,,,,,16/07/2012,$30K - $50K,1,4,3285,2472
,,,,,,16/07/2012 Total,,1,4,3285,2472
,,,,,,01/08/2012,$50K - $70K,1,5,9252,2664
,,,,,,01/08/2012 Total,,1,5,9252,2664
,,,,,,06/08/2012,$70K - $90K,1,3,5298,2729
,,,,,,06/08/2012 Total,,1,3,5298,2729
,,,,,,17/08/2012,$150K +,1,6,1899,2870
,,,,,,17/08/2012 Total,,1,6,1899,2870
,,,,,,16/10/2012,$50K - $70K,1,2,3809,3606
,,,,,,16/10/2012 Total,,1,2,3809,3606
,,,,,,19/10/2012,$130K - $150K,1,4,9603,3626
,,,,,,19/10/2012 Total,,1,4,9603,3626
,,,,,,13/11/2012,$50K - $70K,1,3,9883,3930
,,,,,,13/11/2012 Total,,1,3,9883,3930
,,,,,,06/12/2012,$30K - $50K,1,4,8753,4282
,,,,,,06/12/2012 Total,,1,4,8753,4282
,,,,,,09/12/2012,$90K - $110K,1,4,8159,4318
,,,,,,09/12/2012 Total,,1,4,8159,4318
,,,,,,16/12/2012,$10K - $30K,1,5,1738,4438
,,,,,,16/12/2012 Total,,1,5,1738,4438
,,,,,,07/01/2013,$110K - $130K,1,7,6916,4876
,,,,,,07/01/2013 Total,,1,7,6916,4876
,,,,,,17/01/2013,$130K - $150K,1,5,179,5112
,,,,,,17/01/2013 Total,,1,5,179,5112
,,,,,,17/03/2013,$50K - $70K,1,4,922,6740
,,,,,,17/03/2013 Total,,1,4,922,6740
,,,,,,26/03/2013,$30K - $50K,1,5,3285,6965
,,,,,,26/03/2013 Total,,1,5,3285,6965
,,,,,,28/03/2013,$10K - $30K,1,4,8823,7013
,,,,,,28/03/2013 Total,,1,4,8823,7013
,,,,,,29/03/2013,$10K - $30K,1,7,9300,7046
,,,,,,29/03/2013 Total,,1,7,9300,7046
,,,,,,30/05/2013,$50K - $70K,1,6,2647,8745
,,,,,,30/05/2013 Total,,1,6,2647,8745
,,,,,,06/06/2013,$130K - $150K,1,4,179,8940
,,,,,,06/06/2013 Total,,1,4,179,8940
,,,,,,12/07/2013,$90K - $110K,1,6,9598,9925
,,,,,,12/07/2013 Total,,1,6,9598,9925
,,,,,,19/09/2013,$70K - $90K,1,2,6975,11748
,,,,,,19/09/2013 Total,,1,2,6975,11748
,,,,,,19/10/2013,$50K - $70K,1,4,9252,12591
,,,,,,19/10/2013 Total,,1,4,9252,12591
,,,,,,06/11/2013,$10K - $30K,1,5,2429,13087
,,,,,,06/11/2013 Total,,1,5,2429,13087
,,,,,USA Total,,,30,131,163027,148637
,,,,CA Total,,,,30,131,163027,148637
,,,Beverly Hills Total,,,,,30,131,163027,148637
,,,Bremerton,WA,USA,08/02/2012,$10K - $30K,1,2,1005,399
,,,,,,08/02/2012 Total,,1,2,1005,399
,,,,,,09/02/2012,$70K - $90K,1,3,6559,409
,,,,,,09/02/2012 Total,,1,3,6559,409
,,,,,,16/03/2012,$10K - $30K,1,6,4096,864
,,,,,,16/03/2012 Total,,1,6,4096,864
,,,,,,23/03/2012,$10K - $30K,1,5,1005,969
,,,,,,23/03/2012 Total,,1,5,1005,969
,,,,,,06/06/2012,$50K - $70K,1,5,8947,2012
,,,,,,06/06/2012 Total,,1,5,8947,2012
,,,,,,19/06/2012,$30K - $50K,1,6,2689,2137
,,,,,,19/06/2012 Total,,1,6,2689,2137
,,,,,,21/06/2012,$30K - $50K,1,5,3693,2163
,,,,,,21/06/2012 Total,,1,5,3693,2163
,,,,,,03/10/2012,$30K - $50K,1,3,9184,3422
,,,,,,03/10/2012 Total,,1,3,9184,3422
,,,,,,15/10/2012,$50K - $70K,1,5,4460,3582
,,,,,,15/10/2012 Total,,1,5,4460,3582
,,,,,,18/10/2012,$30K - $50K,1,4,2689,3618
,,,,,,18/10/2012 Total,,1,4,2689,3618
,,,,,,29/10/2012,$30K - $50K,1,4,9184,3744
,,,,,,29/10/2012 Total,,1,4,9184,3744
,,,,,,08/12/2012,$30K - $50K,1,4,4693,4301
,,,,,,08/12/2012 Total,,1,4,4693,4301
,,,,,,04/01/2013,$70K - $90K,1,6,6559,4807
,,,,,,04/01/2013 Total,,1,6,6559,4807
,,,,,,19/01/2013,$30K - $50K,1,5,5813,5166
,,,,,,19/01/2013 Total,,1,5,5813,5166
,,,,,,06/02/2013,$50K - $70K,1,3,4998,5672
,,,,,,06/02/2013 Total,,1,3,4998,5672
,,,,,,28/03/2013,$10K - $30K,1,3,5898,7009
,,,,,,28/03/2013 Total,,1,3,5898,7009
,,,,,,18/04/2013,$10K - $30K,1,5,8742,7565
,,,,,,18/04/2013 Total,,1,5,8742,7565
,,,,,,06/05/2013,$30K - $50K,1,6,5944,8083
,,,,,,06/05/2013 Total,,1,6,5944,8083
,,,,,,20/05/2013,$90K - $110K,1,5,9123,8470
,,,,,,20/05/2013 Total,,1,5,9123,8470
,,,,,,28/06/2013,$50K - $70K,1,3,4460,9504
,,,,,,28/06/2013 Total,,1,3,4460,9504
,,,,,,15/08/2013,$130K - $150K,1,3,7384,10835
,,,,,,15/08/2013 Total,,1,3,7384,10835
,,,,,,23/08/2013,$50K - $70K,1,4,8947,11029
,,,,,,23/08/2013 Total,,1,4,8947,11029
,,,,,,10/09/2013,$50K - $70K,1,5,8477,11511
,,,,,,10/09/2013 Total,,1,5,8477,11511
,,,,,,13/10/2013,$30K - $50K,1,3,1979,12416
,,,,,,13/10/2013 Total,,1,3,1979,12416
,,,,,,22/10/2013,$70K - $90K,1,4,1124,12680
,,,,,,22/10/2013 Total,,1,4,1124,12680
,,,,,,16/11/2013,$30K - $50K,1,3,5944,13379
,,,,,,16/11/2013 Total,,1,3,5944,13379
,,,,,USA Total,,,26,110,143596,155746
,,,,WA Total,,,,26,110,143596,155746
,,,Bremerton Total,,,,,26,110,143596,155746
,,,Camacho,Zacatecas,Mexico,02/01/2013,$50K - $70K,1,4,6111,4761
,,,,,,02/01/2013 Total,,1,4,6111,4761
,,,,,,22/01/2013,$10K - $30K,1,3,2446,5255
,,,,,,22/01/2013 Total,,1,3,2446,5255
,,,,,,31/01/2013,$30K - $50K,1,4,6240,5485
,,,,,,31/01/2013 Total,,1,4,6240,5485
,,,,,,10/02/2013,$50K - $70K,1,3,9895,5778
,,,,,,10/02/2013 Total,,1,3,9895,5778
,,,,,,14/02/2013,$110K - $130K,1,4,8118,5871
,,,,,,14/02/2013 Total,,1,4,8118,5871
,,,,,,18/02/2013,$70K - $90K,1,4,3366,6000
,,,,,,18/02/2013 Total,,1,4,3366,6000
,,,,,,02/03/2013,$70K - $90K,1,3,3366,6355
,,,,,,02/03/2013 Total,,1,3,3366,6355
,,,,,,06/03/2013,$50K - $70K,1,6,8846,6455
,,,,,,06/03/2013 Total,,1,6,8846,6455
,,,,,,27/03/2013,$50K - $70K,1,4,2986,7000
,,,,,,27/03/2013 Total,,1,4,2986,7000
,,,,,,04/06/2013,$10K - $30K,1,3,4742,8874
,,,,,,04/06/2013 Total,,1,3,4742,8874
,,,,,,14/06/2013,$70K - $90K,1,5,3366,9141
,,,,,,14/06/2013 Total,,1,5,3366,9141
,,,,,,17/06/2013,$70K - $90K,1,7,4437,9218
,,,,,,17/06/2013 Total,,1,7,4437,9218
,,,,,,21/07/2013,$30K - $50K,1,3,6240,10193
,,,,,,21/07/2013 Total,,1,3,6240,10193
,,,,,,14/08/2013,$30K - $50K,1,3,3584,10808
,,,,,,14/08/2013 Total,,1,3,3584,10808
,,,,,,31/08/2013,$10K - $30K,1,2,2446,11243
,,,,,,31/08/2013 Total,,1,2,2446,11243
,,,,,,19/09/2013,$30K - $50K,1,5,3584,11743
,,,,,,19/09/2013 Total,,1,5,3584,11743
,,,,,,26/10/2013,$10K - $30K,1,3,2446,12799
,,,,,,26/10/2013 Total,,1,3,2446,12799
,,,,,,30/10/2013,$10K - $30K,1,5,2446,12879
,,,,,,30/10/2013 Total,,1,5,2446,12879
,,,,,Mexico Total,,,18,71,84665,149858
,,,,Zacatecas Total,,,,18,71,84665,149858
,,,Camacho Total,,,,,18,71,84665,149858
,,,Guadalajara,Jalisco,Mexico,18/05/2013,$50K - $70K,1,1,443,8389
,,,,,,18/05/2013 Total,,1,1,443,8389
,,,,,,09/06/2013,$50K - $70K,1,3,443,9028
,,,,,,09/06/2013 Total,,1,3,443,9028
,,,,,,19/06/2013,$30K - $50K,1,1,2660,9285
,,,,,,19/06/2013 Total,,1,1,2660,9285
,,,,,,12/08/2013,$10K - $30K,1,4,5950,10740
,,,,,,12/08/2013 Total,,1,4,5950,10740
,,,,,,13/10/2013,$50K - $70K,1,4,2022,12403
,,,,,,13/10/2013 Total,,1,4,2022,12403
,,,,,Mexico Total,,,5,13,11518,49845
,,,,Jalisco Total,,,,5,13,11518,49845
,,,Guadalajara Total,,,,,5,13,11518,49845
,,,Hidalgo,Zacatecas,Mexico,27/01/2013,$30K - $50K,1,3,4853,5377
,,,,,,27/01/2013 Total,,1,3,4853,5377
,,,,,,04/02/2013,$30K - $50K,1,6,7836,5610
,,,,,,04/02/2013 Total,,1,6,7836,5610
,,,,,,15/02/2013,$30K - $50K,1,3,4419,5927
,,,,,,15/02/2013 Total,,1,3,4419,5927
,,,,,,26/02/2013,$30K - $50K,1,3,3210,6250
,,,,,,26/02/2013 Total,,1,3,3210,6250
,,,,,,15/03/2013,$70K - $90K,1,3,6311,6691
,,,,,,15/03/2013 Total,,1,3,6311,6691
,,,,,,28/04/2013,$30K - $50K,1,5,4853,7862
,,,,,,28/04/2013 Total,,1,5,4853,7862
,,,,,,06/06/2013,$30K - $50K,1,3,4419,8925
,,,,,,06/06/2013 Total,,1,3,4419,8925
,,,,,,10/06/2013,$110K - $130K,1,2,4225,9045
,,,,,,10/06/2013 Total,,1,2,4225,9045
,,,,,,20/06/2013,$30K - $50K,1,4,4419,9314
,,,,,,20/06/2013 Total,,1,4,4419,9314
,,,,,,08/07/2013,$30K - $50K,1,3,5478,9797
,,,,,,08/07/2013 Total,,1,3,5478,9797
,,,,,,15/07/2013,$10K - $30K,1,4,2510,10010
,,,,,,15/07/2013 Total,,1,4,2510,10010
,,,,,,19/07/2013,$10K - $30K,1,3,4953,10135
,,,,,,19/07/2013 Total,,1,3,4953,10135
,,,,,,31/07/2013,$110K - $130K,1,2,4225,10421
,,,,,,31/07/2013 Total,,1,2,4225,10421
,,,,,,02/08/2013,$30K - $50K,1,3,2221,10493
,,,,,,02/08/2013 Total,,1,3,2221,10493
,,,,,,16/08/2013,$150K +,1,6,3225,10863
,,,,,,16/08/2013 Total,,1,6,3225,10863
,,,,,,10/09/2013,$30K - $50K,1,4,597,11508
,,,,,,10/09/2013 Total,,1,4,597,11508
,,,,,,13/09/2013,$30K - $50K,1,4,4771,11579
,,,,,,13/09/2013 Total,,1,4,4771,11579
,,,,,,16/09/2013,$30K - $50K,1,3,4853,11679
,,,,,,16/09/2013 Total,,1,3,4853,11679
,,,,,,21/09/2013,$10K - $30K,1,5,8915,11788
,,,,,,21/09/2013 Total,,1,5,8915,11788
,,,,,,12/10/2013,$30K - $50K,1,3,1770,12374
,,,,,,12/10/2013 Total,,1,3,1770,12374
,,,,,,03/12/2013,$30K - $50K,1,4,7836,13785
,,,,,,03/12/2013 Total,,1,4,7836,13785
,,,,,,09/12/2013,$30K - $50K,1,4,7836,13869
,,,,,,09/12/2013 Total,,1,4,7836,13869
,,,,,Mexico Total,,,22,80,103735,213302
,,,,Zacatecas Total,,,,22,80,103735,213302
,,,Hidalgo Total,,,,,22,80,103735,213302
,,,Los Angeles,CA,USA,02/04/2012,$70K - $90K,1,3,1820,1121
,,,,,,02/04/2012 Total,,1,3,1820,1121
,,,,,,22/04/2012,$10K - $30K,1,4,5183,1414
,,,,,,22/04/2012 Total,,1,4,5183,1414
,,,,,,28/05/2012,$30K - $50K,1,3,5954,1893
,,,,,,28/05/2012 Total,,1,3,5954,1893
,,,,,,31/05/2012,$30K - $50K,1,4,1322,1932
,,,,,,31/05/2012 Total,,1,4,1322,1932
,,,,,,29/06/2012,$30K - $50K,1,5,3936,2268
,,,,,,29/06/2012 Total,,1,5,3936,2268
,,,,,,04/07/2012,$30K - $50K,1,3,676,2334
,,,,,,04/07/2012 Total,,1,3,676,2334
,,,,,,24/07/2012,$30K - $50K,1,6,9507,2573
,,,,,,24/07/2012 Total,,1,6,9507,2573
,,,,,,08/08/2012,$110K - $130K,1,5,1538,2754
,,,,,,08/08/2012 Total,,1,5,1538,2754
,,,,,,09/08/2012,$30K - $50K,1,5,391,2772
,,,,,,09/08/2012 Total,,1,5,391,2772
,,,,,,22/08/2012,$10K - $30K,1,4,8124,2937
,,,,,,22/08/2012 Total,,1,4,8124,2937
,,,,,,08/09/2012,$10K - $30K,1,4,9300,3129
,,,,,,08/09/2012 Total,,1,4,9300,3129
,,,,,,14/09/2012,$50K - $70K,1,6,8323,3200
,,,,,,14/09/2012 Total,,1,6,8323,3200
,,,,,,16/09/2012,$150K +,1,6,6609,3227
,,,,,,16/09/2012 Total,,1,6,6609,3227
,,,,,,25/10/2012,$130K - $150K,1,5,7193,3699
,,,,,,25/10/2012 Total,,1,5,7193,3699
,,,,,,25/11/2012,$30K - $50K,1,3,4115,4111
,,,,,,25/11/2012 Total,,1,3,4115,4111
,,,,,,25/12/2012,$30K - $50K,1,4,4061,4594
,,,,,,25/12/2012 Total,,1,4,4061,4594
,,,,,,26/12/2012,$130K - $150K,1,2,2879,4613
,,,,,,26/12/2012 Total,,1,2,2879,4613
,,,,,,28/12/2012,$30K - $50K,1,4,9943,4645
,,,,,,28/12/2012 Total,,1,4,9943,4645
,,,,,,05/01/2013,$10K - $30K,1,5,5171,4822
,,,,,,05/01/2013 Total,,1,5,5171,4822
,,,,,,20/01/2013,$50K - $70K,1,5,8793,5201
,,,,,,20/01/2013 Total,,1,5,8793,5201
,,,,,,31/01/2013,$30K - $50K,1,5,1549,5468
,,,,,,31/01/2013 Total,,1,5,1549,5468
,,,,,,19/03/2013,$30K - $50K,1,4,10153,6790
,,,,,,19/03/2013 Total,,1,4,10153,6790
,,,,,,29/03/2013,$50K - $70K,1,4,2760,7050
,,,,,,29/03/2013 Total,,1,4,2760,7050
,,,,,,21/05/2013,$30K - $50K,1,4,4664,8493
,,,,,,21/05/2013 Total,,1,4,4664,8493
,,,,,,17/07/2013,$70K - $90K,1,4,746,10068
,,,,,,17/07/2013 Total,,1,4,746,10068
,,,,,,19/07/2013,$50K - $70K,1,6,7379,10115
,,,,,,19/07/2013 Total,,1,6,7379,10115
,,,,,,04/08/2013,$30K - $50K,1,2,6429,10525
,,,,,,04/08/2013 Total,,1,2,6429,10525
,,,,,,17/10/2013,$70K - $90K,1,5,4627,12516
,,,,,,17/10/2013 Total,,1,5,4627,12516
,,,,,,06/11/2013,$50K - $70K,1,4,8793,13101
,,,,,,06/11/2013 Total,,1,4,8793,13101
,,,,,,10/12/2013,$50K - $70K,1,4,4573,13901
,,,,,,10/12/2013 Total,,1,4,4573,13901
,,,,,USA Total,,,30,128,156511,161266
,,,,CA Total,,,,30,128,156511,161266
,,,Los Angeles Total,,,,,30,128,156511,161266
,,,Merida,Yucatan,Mexico,30/12/2012,$90K - $110K,1,3,10208,4688
,,,,,,30/12/2012 Total,,1,3,10208,4688
,,,,,,15/01/2013,$90K - $110K,1,5,10208,5079
,,,,,,15/01/2013 Total,,1,5,10208,5079
,,,,,,23/01/2013,$30K - $50K,1,7,5466,5271
,,,,,,23/01/2013 Total,,1,7,5466,5271
,,,,,,06/02/2013,$30K - $50K,1,5,5466,5658
,,,,,,06/02/2013 Total,,1,5,5466,5658
,,,,,,15/04/2013,$30K - $50K,1,5,5466,7482
,,,,,,15/04/2013 Total,,1,5,5466,7482
,,,,,,24/05/2013,$50K - $70K,1,5,8239,8586
,,,,,,24/05/2013 Total,,1,5,8239,8586
,,,,,,29/05/2013,$30K - $50K,1,6,5642,8711
,,,,,,29/05/2013 Total,,1,6,5642,8711
,,,,,,14/07/2013,$30K - $50K,1,2,9610,9984
,,,,,,14/07/2013 Total,,1,2,9610,9984
,,,,,,01/08/2013,$90K - $110K,1,4,10208,10451
,,,,,,01/08/2013 Total,,1,4,10208,10451
,,,,,,02/08/2013,$30K - $50K,1,5,5466,10479
,,,,,,02/08/2013 Total,,1,5,5466,10479
,,,,,,03/08/2013,$30K - $50K,1,4,9610,10494
,,,,,,03/08/2013 Total,,1,4,9610,10494
,,,,,,05/08/2013,$10K - $30K,1,4,6464,10558
,,,,,,05/08/2013 Total,,1,4,6464,10558
,,,,,,16/08/2013,$70K - $90K,1,4,3864,10850
,,,,,,16/08/2013 Total,,1,4,3864,10850
,,,,,,26/08/2013,$70K - $90K,1,4,3244,11108
,,,,,,26/08/2013 Total,,1,4,3244,11108
,,,,,,07/09/2013,$150K +,1,3,6679,11428
,,,,,,07/09/2013 Total,,1,3,6679,11428
,,,,,,14/09/2013,$150K +,1,4,6679,11603
,,,,,,14/09/2013 Total,,1,4,6679,11603
,,,,,,06/10/2013,$70K - $90K,1,3,1419,12226
,,,,,,06/10/2013 Total,,1,3,1419,12226
,,,,,,27/11/2013,$70K - $90K,1,6,4647,13660
,,,,,,27/11/2013 Total,,1,6,4647,13660
,,,,,Mexico Total,,,18,79,118585,168316
,,,,Yucatan Total,,,,18,79,118585,168316
,,,Merida Total,,,,,18,79,118585,168316
,,,Mexico City,DF,Mexico,06/02/2013,$130K - $150K,1,3,7598,5666
,,,,,,06/02/2013 Total,,1,3,7598,5666
,,,,,,16/02/2013,$10K - $30K,1,3,242,5935
,,,,,,16/02/2013 Total,,1,3,242,5935
,,,,,,06/04/2013,$110K - $130K,1,6,3195,7258
,,,,,,06/04/2013 Total,,1,6,3195,7258
,,,,,,13/05/2013,$30K - $50K,1,4,7061,8267
,,,,,,13/05/2013 Total,,1,4,7061,8267
,,,,,,06/06/2013,$30K - $50K,1,5,2449,8948
,,,,,,06/06/2013 Total,,1,5,2449,8948
,,,,,,09/12/2013,$70K - $90K,1,5,8825,13874
,,,,,,09/12/2013 Total,,1,5,8825,13874
,,,,,Mexico Total,,,6,26,29370,49948
,,,,DF Total,,,,6,26,29370,49948
,,,Mexico City Total,,,,,6,26,29370,49948
,,,Orizaba,Veracruz,Mexico,27/07/2013,$110K - $130K,1,5,8952,10327
,,,,,,27/07/2013 Total,,1,5,8952,10327
,,,,,,27/09/2013,$110K - $130K,1,3,8952,11990
,,,,,,27/09/2013 Total,,1,3,8952,11990
,,,,,,19/11/2013,$130K - $150K,1,3,7376,13455
,,,,,,19/11/2013 Total,,1,3,7376,13455
,,,,,,24/11/2013,$110K - $130K,1,3,8952,13582
,,,,,,24/11/2013 Total,,1,3,8952,13582
,,,,,Mexico Total,,,4,14,34232,49354
,,,,Veracruz Total,,,,4,14,34232,49354
,,,Orizaba Total,,,,,4,14,34232,49354
,,,Portland,OR,USA,13/01/2012,$30K - $50K,1,4,8862,103
,,,,,,13/01/2012 Total,,1,4,8862,103
,,,,,,10/02/2012,$130K - $150K,1,3,4401,414
,,,,,,10/02/2012 Total,,1,3,4401,414
,,,,,,03/03/2012,$70K - $90K,1,3,328,680
,,,,,,03/03/2012 Total,,1,3,328,680
,,,,,,18/03/2012,$30K - $50K,1,2,4808,894
,,,,,,18/03/2012 Total,,1,2,4808,894
,,,,,,30/03/2012,$90K - $110K,1,4,9467,1088
,,,,,,30/03/2012 Total,,1,4,9467,1088
,,,,,,11/04/2012,$10K - $30K,1,4,5396,1253
,,,,,,11/04/2012 Total,,1,4,5396,1253
,,,,,,22/04/2012,$10K - $30K,1,5,9331,1423
,,,,,,22/04/2012 Total,,1,5,9331,1423
,,,,,,10/05/2012,$10K - $30K,1,3,6709,1665
,,,,,,10/05/2012 Total,,1,3,6709,1665
,,,,,,29/06/2012,$150K +,1,6,1915,2270
,,,,,,29/06/2012 Total,,1,6,1915,2270
,,,,,,21/08/2012,$30K - $50K,1,2,1624,2920
,,,,,,21/08/2012 Total,,1,2,1624,2920
,,,,,,24/08/2012,$10K - $30K,1,5,36,2953
,,,,,,,$30K - $50K,1,4,2376,2950
,,,,,,24/08/2012 Total,,2,9,2412,5903
,,,,,,12/09/2012,$30K - $50K,1,4,5805,3179
,,,,,,12/09/2012 Total,,1,4,5805,3179
,,,,,,13/09/2012,$30K - $50K,1,4,5858,3187
,,,,,,13/09/2012 Total,,1,4,5858,3187
,,,,,,11/12/2012,$10K - $30K,1,4,8550,4363
,,,,,,11/12/2012 Total,,1,4,8550,4363
,,,,,,21/01/2013,$30K - $50K,1,5,7727,5235
,,,,,,21/01/2013 Total,,1,5,7727,5235
,,,,,,23/02/2013,$110K - $130K,1,3,7131,6146
,,,,,,23/02/2013 Total,,1,3,7131,6146
,,,,,,07/04/2013,$50K - $70K,1,6,7606,7271
,,,,,,07/04/2013 Total,,1,6,7606,7271
,,,,,,09/05/2013,$50K - $70K,1,5,7109,8168
,,,,,,09/05/2013 Total,,1,5,7109,8168
,,,,,,10/05/2013,$10K - $30K,1,5,5106,8205
,,,,,,10/05/2013 Total,,1,5,5106,8205
,,,,,,21/05/2013,$10K - $30K,1,2,64,8477
,,,,,,21/05/2013 Total,,1,2,64,8477
,,,,,,29/05/2013,$110K - $130K,1,4,7131,8723
,,,,,,29/05/2013 Total,,1,4,7131,8723
,,,,,,16/06/2013,$10K - $30K,1,4,7185,9187
,,,,,,,$30K - $50K,1,4,4467,9206
,,,,,,16/06/2013 Total,,2,8,11652,18393
,,,,,,17/06/2013,$30K - $50K,1,4,7887,9223
,,,,,,17/06/2013 Total,,1,4,7887,9223
,,,,,,29/08/2013,$50K - $70K,1,6,3543,11178
,,,,,,29/08/2013 Total,,1,6,3543,11178
,,,,,,31/08/2013,$50K - $70K,1,6,4373,11229
,,,,,,31/08/2013 Total,,1,6,4373,11229
,,,,,,07/09/2013,$130K - $150K,1,3,9601,11407
,,,,,,07/09/2013 Total,,1,3,9601,11407
,,,,,,24/09/2013,$30K - $50K,1,4,1235,11899
,,,,,,24/09/2013 Total,,1,4,1235,11899
,,,,,,02/10/2013,$10K - $30K,1,2,7185,12116
,,,,,,02/10/2013 Total,,1,2,7185,12116
,,,,,,19/10/2013,$10K - $30K,1,6,2294,12571
,,,,,,19/10/2013 Total,,1,6,2294,12571
,,,,,,07/12/2013,$50K - $70K,1,4,376,13846
,,,,,,07/12/2013 Total,,1,4,376,13846
,,,,,,12/12/2013,$30K - $50K,1,5,3104,13924
,,,,,,12/12/2013 Total,,1,5,3104,13924
,,,,,,25/12/2013,$10K - $30K,1,5,2269,14038
,,,,,,,$30K - $50K,1,5,7887,14036
,,,,,,25/12/2013 Total,,2,10,10156,28074
,,,,,USA Total,,,35,145,178746,235427
,,,,OR Total,,,,35,145,178746,235427
,,,Portland Total,,,,,35,145,178746,235427
,,,Salem,OR,USA,23/02/2012,$30K - $50K,1,6,2147,561
,,,,,,,$70K - $90K,1,4,9826,567
,,,,,,23/02/2012 Total,,2,10,11973,1128
,,,,,,03/03/2012,$70K - $90K,1,3,9236,689
,,,,,,03/03/2012 Total,,1,3,9236,689
,,,,,,11/03/2012,$30K - $50K,1,4,6352,793
,,,,,,11/03/2012 Total,,1,4,6352,793
,,,,,,30/03/2012,$30K - $50K,1,4,7721,1092
,,,,,,30/03/2012 Total,,1,4,7721,1092
,,,,,,05/04/2012,$90K - $110K,1,3,1271,1169
,,,,,,05/04/2012 Total,,1,3,1271,1169
,,,,,,07/04/2012,$90K - $110K,1,2,1271,1202
,,,,,,07/04/2012 Total,,1,2,1271,1202
,,,,,,09/04/2012,$50K - $70K,1,4,5782,1219
,,,,,,09/04/2012 Total,,1,4,5782,1219
,,,,,,23/04/2012,$110K - $130K,1,3,780,1435
,,,,,,23/04/2012 Total,,1,3,780,1435
,,,,,,19/06/2012,$110K - $130K,1,6,5610,2135
,,,,,,19/06/2012 Total,,1,6,5610,2135
,,,,,,26/07/2012,$70K - $90K,1,3,3706,2591
,,,,,,26/07/2012 Total,,1,3,3706,2591
,,,,,,29/08/2012,$10K - $30K,1,4,6169,3014
,,,,,,29/08/2012 Total,,1,4,6169,3014
,,,,,,17/10/2012,$70K - $90K,1,2,2762,3613
,,,,,,17/10/2012 Total,,1,2,2762,3613
,,,,,,22/10/2012,$70K - $90K,1,7,2762,3658
,,,,,,22/10/2012 Total,,1,7,2762,3658
,,,,,,29/10/2012,$30K - $50K,1,5,274,3741
,,,,,,29/10/2012 Total,,1,5,274,3741
,,,,,,11/12/2012,$110K - $130K,1,5,1791,4360
,,,,,,11/12/2012 Total,,1,5,1791,4360
,,,,,,15/01/2013,$30K - $50K,1,5,9747,5069
,,,,,,15/01/2013 Total,,1,5,9747,5069
,,,,,,22/01/2013,$10K - $30K,1,4,398,5246
,,,,,,22/01/2013 Total,,1,4,398,5246
,,,,,,05/02/2013,$90K - $110K,1,4,10152,5636
,,,,,,05/02/2013 Total,,1,4,10152,5636
,,,,,,16/02/2013,$30K - $50K,1,6,790,5954
,,,,,,16/02/2013 Total,,1,6,790,5954
,,,,,,22/02/2013,$10K - $30K,1,5,187,6122
,,,,,,22/02/2013 Total,,1,5,187,6122
,,,,,,01/03/2013,$70K - $90K,1,5,6462,6338
,,,,,,01/03/2013 Total,,1,5,6462,6338
,,,,,,10/03/2013,$30K - $50K,1,3,1718,6567
,,,,,,10/03/2013 Total,,1,3,1718,6567
,,,,,,18/04/2013,$30K - $50K,1,5,4547,7568
,,,,,,18/04/2013 Total,,1,5,4547,7568
,,,,,,30/04/2013,$50K - $70K,1,3,3325,7910
,,,,,,30/04/2013 Total,,1,3,3325,7910
,,,,,,03/05/2013,$130K - $150K,1,2,8919,7992
,,,,,,03/05/2013 Total,,1,2,8919,7992
,,,,,,06/05/2013,$70K - $90K,1,3,7558,8063
,,,,,,06/05/2013 Total,,1,3,7558,8063
,,,,,,24/05/2013,$30K - $50K,1,4,7496,8584
,,,,,,24/05/2013 Total,,1,4,7496,8584
,,,,,,03/07/2013,$50K - $70K,1,5,9125,9651
,,,,,,03/07/2013 Total,,1,5,9125,9651
,,,,,,10/07/2013,$30K - $50K,1,6,3979,9855
,,,,,,10/07/2013 Total,,1,6,3979,9855
,,,,,,26/07/2013,$50K - $70K,1,3,3325,10293
,,,,,,26/07/2013 Total,,1,3,3325,10293
,,,,,,27/07/2013,$30K - $50K,1,4,2968,10334
,,,,,,27/07/2013 Total,,1,4,2968,10334
,,,,,,03/08/2013,$30K - $50K,1,4,465,10499
,,,,,,03/08/2013 Total,,1,4,465,10499
,,,,,,15/08/2013,$30K - $50K,1,5,5909,10837
,,,,,,15/08/2013 Total,,1,5,5909,10837
,,,,,,05/11/2013,$30K - $50K,1,4,950,13073
,,,,,,05/11/2013 Total,,1,4,950,13073
,,,,,,18/12/2013,$30K - $50K,1,5,8252,13982
,,,,,,18/12/2013 Total,,1,5,8252,13982
,,,,,USA Total,,,36,150,163732,201412
,,,,OR Total,,,,36,150,163732,201412
,,,Salem Total,,,,,36,150,163732,201412
,,,San Andres,DF,Mexico,11/01/2013,$70K - $90K,1,4,6779,4978
,,,,,,11/01/2013 Total,,1,4,6779,4978
,,,,,,02/02/2013,$70K - $90K,1,4,6779,5539
,,,,,,02/02/2013 Total,,1,4,6779,5539
,,,,,,04/03/2013,$30K - $50K,1,4,7934,6393
,,,,,,04/03/2013 Total,,1,4,7934,6393
,,,,,,09/04/2013,$130K - $150K,1,3,344,7331
,,,,,,09/04/2013 Total,,1,3,344,7331
,,,,,,13/04/2013,$30K - $50K,1,4,1117,7454
,,,,,,13/04/2013 Total,,1,4,1117,7454
,,,,,,18/05/2013,$30K - $50K,1,5,5464,8392
,,,,,,18/05/2013 Total,,1,5,5464,8392
,,,,,,14/06/2013,$10K - $30K,1,3,4101,9139
,,,,,,14/06/2013 Total,,1,3,4101,9139
,,,,,,16/07/2013,$30K - $50K,1,5,911,10039
,,,,,,16/07/2013 Total,,1,5,911,10039
,,,,,,17/07/2013,$30K - $50K,1,4,3518,10063
,,,,,,17/07/2013 Total,,1,4,3518,10063
,,,,,,26/07/2013,$10K - $30K,1,3,540,10285
,,,,,,26/07/2013 Total,,1,3,540,10285
,,,,,,29/07/2013,$10K - $30K,1,5,4101,10382
,,,,,,29/07/2013 Total,,1,5,4101,10382
,,,,,,01/08/2013,$50K - $70K,1,4,9484,10457
,,,,,,01/08/2013 Total,,1,4,9484,10457
,,,,,,15/09/2013,$30K - $50K,1,3,6914,11644
,,,,,,15/09/2013 Total,,1,3,6914,11644
,,,,,,17/09/2013,$90K - $110K,1,4,6222,11695
,,,,,,17/09/2013 Total,,1,4,6222,11695
,,,,,,17/10/2013,$110K - $130K,1,3,9848,12532
,,,,,,17/10/2013 Total,,1,3,9848,12532
,,,,,,19/11/2013,$50K - $70K,1,7,7452,13471
,,,,,,,$90K - $110K,1,6,6961,13470
,,,,,,19/11/2013 Total,,2,13,14413,26941
,,,,,,21/11/2013,$10K - $30K,1,6,8438,13512
,,,,,,21/11/2013 Total,,1,6,8438,13512
,,,,,Mexico Total,,,18,77,96907,176776
,,,,DF Total,,,,18,77,96907,176776
,,,San Andres Total,,,,,18,77,96907,176776
,,,San Diego,CA,USA,03/07/2012,$50K - $70K,1,5,595,2323
,,,,,,03/07/2012 Total,,1,5,595,2323
,,,,,,23/07/2012,$70K - $90K,1,2,2747,2560
,,,,,,23/07/2012 Total,,1,2,2747,2560
,,,,,,24/09/2012,$50K - $70K,1,3,547,3314
,,,,,,24/09/2012 Total,,1,3,547,3314
,,,,,,21/12/2012,$50K - $70K,1,4,1795,4519
,,,,,,21/12/2012 Total,,1,4,1795,4519
,,,,,,25/12/2012,$10K - $30K,1,2,1410,4582
,,,,,,25/12/2012 Total,,1,2,1410,4582
,,,,,,15/01/2013,$30K - $50K,1,3,1616,5068
,,,,,,15/01/2013 Total,,1,3,1616,5068
,,,,,,25/01/2013,$50K - $70K,1,3,7140,5333
,,,,,,25/01/2013 Total,,1,3,7140,5333
,,,,,,06/03/2013,$10K - $30K,1,2,3859,6450
,,,,,,06/03/2013 Total,,1,2,3859,6450
,,,,,,17/03/2013,$30K - $50K,1,5,529,6749
,,,,,,,$50K - $70K,1,2,6865,6747
,,,,,,17/03/2013 Total,,2,7,7394,13496
,,,,,,10/05/2013,$30K - $50K,1,4,8080,8210
,,,,,,10/05/2013 Total,,1,4,8080,8210
,,,,,,16/05/2013,$30K - $50K,1,6,796,8358
,,,,,,16/05/2013 Total,,1,6,796,8358
,,,,,,19/05/2013,$10K - $30K,1,6,3527,8429
,,,,,,19/05/2013 Total,,1,6,3527,8429
,,,,,,20/05/2013,$90K - $110K,1,5,8034,8441
,,,,,,20/05/2013 Total,,1,5,8034,8441
,,,,,,29/05/2013,$50K - $70K,1,5,3228,8727
,,,,,,29/05/2013 Total,,1,5,3228,8727
,,,,,,25/07/2013,$110K - $130K,1,6,5498,10272
,,,,,,25/07/2013 Total,,1,6,5498,10272
,,,,,,31/08/2013,$110K - $130K,1,6,5631,11227
,,,,,,31/08/2013 Total,,1,6,5631,11227
,,,,,,09/10/2013,$30K - $50K,1,4,6274,12299
,,,,,,09/10/2013 Total,,1,4,6274,12299
,,,,,,10/10/2013,$30K - $50K,1,4,4334,12327
,,,,,,10/10/2013 Total,,1,4,4334,12327
,,,,,,17/11/2013,$10K - $30K,1,5,6948,13408
,,,,,,17/11/2013 Total,,1,5,6948,13408
,,,,,USA Total,,,20,82,79453,149343
,,,,CA Total,,,,20,82,79453,149343
,,,San Diego Total,,,,,20,82,79453,149343
,,,San Francisco,CA,USA,10/12/2012,$70K - $90K,1,1,5822,4328
,,,,,,10/12/2012 Total,,1,1,5822,4328
,,,,,,22/12/2012,$70K - $90K,1,1,1184,4530
,,,,,,22/12/2012 Total,,1,1,1184,4530
,,,,,,01/01/2013,$30K - $50K,1,2,4681,4739
,,,,,,01/01/2013 Total,,1,2,4681,4739
,,,,,,30/07/2013,$50K - $70K,1,1,3757,10407
,,,,,,30/07/2013 Total,,1,1,3757,10407
,,,,,USA Total,,,4,5,15444,24004
,,,,CA Total,,,,4,5,15444,24004
,,,San Francisco Total,,,,,4,5,15444,24004
,,,Seattle,WA,USA,02/02/2012,$70K - $90K,1,5,9736,309
,,,,,,02/02/2012 Total,,1,5,9736,309
,,,,,,12/02/2012,$50K - $70K,1,6,7781,434
,,,,,,12/02/2012 Total,,1,6,7781,434
,,,,,,19/02/2012,$130K - $150K,1,4,8765,520
,,,,,,19/02/2012 Total,,1,4,8765,520
,,,,,,28/02/2012,$30K - $50K,1,2,5647,616
,,,,,,28/02/2012 Total,,1,2,5647,616
,,,,,,21/03/2012,$10K - $30K,1,4,3942,947
,,,,,,21/03/2012 Total,,1,4,3942,947
,,,,,,28/03/2012,$30K - $50K,1,4,1655,1046
,,,,,,28/03/2012 Total,,1,4,1655,1046
,,,,,,24/05/2012,$10K - $30K,1,4,2471,1836
,,,,,,24/05/2012 Total,,1,4,2471,1836
,,,,,,24/06/2012,$10K - $30K,1,4,7510,2202
,,,,,,,$90K - $110K,1,5,5545,2201
,,,,,,24/06/2012 Total,,2,9,13055,4403
,,,,,,08/07/2012,$30K - $50K,1,5,1130,2362
,,,,,,08/07/2012 Total,,1,5,1130,2362
,,,,,,10/07/2012,$10K - $30K,1,4,7791,2388
,,,,,,10/07/2012 Total,,1,4,7791,2388
,,,,,,31/07/2012,$70K - $90K,1,3,8329,2661
,,,,,,31/07/2012 Total,,1,3,8329,2661
,,,,,,06/10/2012,$50K - $70K,1,4,8665,3471
,,,,,,06/10/2012 Total,,1,4,8665,3471
,,,,,,19/10/2012,$30K - $50K,1,5,4712,3623
,,,,,,19/10/2012 Total,,1,5,4712,3623
,,,,,,24/10/2012,$50K - $70K,1,6,771,3678
,,,,,,24/10/2012 Total,,1,6,771,3678
,,,,,,11/12/2012,$10K - $30K,1,3,6478,4357
,,,,,,11/12/2012 Total,,1,3,6478,4357
,,,,,,30/01/2013,$10K - $30K,1,5,5952,5446
,,,,,,30/01/2013 Total,,1,5,5952,5446
,,,,,,28/03/2013,$30K - $50K,1,4,5726,7021
,,,,,,,$50K - $70K,1,5,6933,7022
,,,,,,,$70K - $90K,1,5,9944,7018
,,,,,,28/03/2013 Total,,3,14,22603,21061
,,,,,,20/04/2013,$50K - $70K,1,4,2973,7642
,,,,,,20/04/2013 Total,,1,4,2973,7642
,,,,,,26/04/2013,$70K - $90K,1,5,1161,7810
,,,,,,26/04/2013 Total,,1,5,1161,7810
,,,,,,08/05/2013,$110K - $130K,1,4,4137,8134
,,,,,,08/05/2013 Total,,1,4,4137,8134
,,,,,,02/07/2013,$30K - $50K,1,3,5643,9630
,,,,,,02/07/2013 Total,,1,3,5643,9630
,,,,,,06/07/2013,$30K - $50K,1,5,8229,9728
,,,,,,06/07/2013 Total,,1,5,8229,9728
,,,,,,12/09/2013,$70K - $90K,1,3,1646,11556
,,,,,,12/09/2013 Total,,1,3,1646,11556
,,,,,USA Total,,,26,111,143272,113658
,,,,WA Total,,,,26,111,143272,113658
,,,Seattle Total,,,,,26,111,143272,113658
,,,Spokane,WA,USA,14/02/2012,$70K - $90K,1,4,8351,455
,,,,,,14/02/2012 Total,,1,4,8351,455
,,,,,,18/03/2012,$90K - $110K,1,6,430,892
,,,,,,18/03/2012 Total,,1,6,430,892
,,,,,,01/05/2012,$30K - $50K,1,3,7702,1533
,,,,,,01/05/2012 Total,,1,3,7702,1533
,,,,,,25/08/2012,$70K - $90K,1,5,8351,2967
,,,,,,25/08/2012 Total,,1,5,8351,2967
,,,,,,25/09/2012,$30K - $50K,1,4,378,3317
,,,,,,25/09/2012 Total,,1,4,378,3317
,,,,,,29/11/2012,$30K - $50K,1,4,5295,4170
,,,,,,29/11/2012 Total,,1,4,5295,4170
,,,,,,19/12/2012,$70K - $90K,1,4,8351,4480
,,,,,,19/12/2012 Total,,1,4,8351,4480
,,,,,,19/02/2013,$130K - $150K,1,6,4767,6038
,,,,,,19/02/2013 Total,,1,6,4767,6038
,,,,,,27/02/2013,$90K - $110K,1,6,430,6261
,,,,,,27/02/2013 Total,,1,6,430,6261
,,,,,,03/03/2013,$30K - $50K,1,3,1297,6365
,,,,,,03/03/2013 Total,,1,3,1297,6365
,,,,,,11/07/2013,$30K - $50K,1,5,4397,9878
,,,,,,11/07/2013 Total,,1,5,4397,9878
,,,,,,21/09/2013,$90K - $110K,1,3,430,11792
,,,,,,21/09/2013 Total,,1,3,430,11792
,,,,,,26/10/2013,$30K - $50K,1,2,378,12776
,,,,,,26/10/2013 Total,,1,2,378,12776
,,,,,,25/11/2013,$130K - $150K,1,4,1850,13609
,,,,,,25/11/2013 Total,,1,4,1850,13609
,,,,,USA Total,,,14,59,52407,84533
,,,,WA Total,,,,14,59,52407,84533
,,,Spokane Total,,,,,14,59,52407,84533
,,,Tacoma,WA,USA,12/01/2012,$30K - $50K,1,4,4315,93
,,,,,,12/01/2012 Total,,1,4,4315,93
,,,,,,19/01/2012,$10K - $30K,1,2,5238,165
,,,,,,19/01/2012 Total,,1,2,5238,165
,,,,,,04/02/2012,$10K - $30K,1,4,4649,352
,,,,,,04/02/2012 Total,,1,4,4649,352
,,,,,,18/02/2012,$30K - $50K,1,3,5026,510
,,,,,,18/02/2012 Total,,1,3,5026,510
,,,,,,20/02/2012,$30K - $50K,1,4,5026,536
,,,,,,20/02/2012 Total,,1,4,5026,536
,,,,,,27/02/2012,$10K - $30K,1,3,7920,610
,,,,,,27/02/2012 Total,,1,3,7920,610
,,,,,,09/03/2012,$30K - $50K,1,4,5219,770
,,,,,,09/03/2012 Total,,1,4,5219,770
,,,,,,01/05/2012,$90K - $110K,1,2,2426,1536
,,,,,,01/05/2012 Total,,1,2,2426,1536
,,,,,,02/05/2012,$10K - $30K,1,4,4700,1553
,,,,,,02/05/2012 Total,,1,4,4700,1553
,,,,,,04/05/2012,$90K - $110K,1,4,6854,1574
,,,,,,04/05/2012 Total,,1,4,6854,1574
,,,,,,15/05/2012,$30K - $50K,1,2,8059,1731
,,,,,,15/05/2012 Total,,1,2,8059,1731
,,,,,,23/05/2012,$30K - $50K,1,3,4873,1828
,,,,,,23/05/2012 Total,,1,3,4873,1828
,,,,,,27/06/2012,$130K - $150K,1,4,5984,2245
,,,,,,27/06/2012 Total,,1,4,5984,2245
,,,,,,07/07/2012,$30K - $50K,1,3,4846,2355
,,,,,,07/07/2012 Total,,1,3,4846,2355
,,,,,,14/07/2012,$30K - $50K,1,6,6647,2444
,,,,,,14/07/2012 Total,,1,6,6647,2444
,,,,,,17/07/2012,$50K - $70K,1,2,4118,2480
,,,,,,17/07/2012 Total,,1,2,4118,2480
,,,,,,03/08/2012,$130K - $150K,1,5,5984,2689
,,,,,,03/08/2012 Total,,1,5,5984,2689
,,,,,,30/11/2012,$10K - $30K,1,5,7920,4177
,,,,,,,$30K - $50K,1,5,5026,4184
,,,,,,30/11/2012 Total,,2,10,12946,8361
,,,,,,12/12/2012,$30K - $50K,1,4,5219,4383
,,,,,,12/12/2012 Total,,1,4,5219,4383
,,,,,,21/12/2012,$30K - $50K,2,7,9207,9026
,,,,,,21/12/2012 Total,,2,7,9207,9026
,,,,,,26/12/2012,$70K - $90K,1,4,8189,4606
,,,,,,26/12/2012 Total,,1,4,8189,4606
,,,,,,01/01/2013,$50K - $70K,1,3,9745,4744
,,,,,,01/01/2013 Total,,1,3,9745,4744
,,,,,,05/01/2013,$70K - $90K,1,4,6666,4825
,,,,,,05/01/2013 Total,,1,4,6666,4825
,,,,,,11/02/2013,$10K - $30K,1,5,2143,5784
,,,,,,11/02/2013 Total,,1,5,2143,5784
,,,,,,17/02/2013,$90K - $110K,1,5,6854,5970
,,,,,,17/02/2013 Total,,1,5,6854,5970
,,,,,,24/02/2013,$30K - $50K,1,4,4497,6196
,,,,,,24/02/2013 Total,,1,4,4497,6196
,,,,,,17/03/2013,$30K - $50K,1,3,4221,6743
,,,,,,17/03/2013 Total,,1,3,4221,6743
,,,,,,29/03/2013,$10K - $30K,1,3,3231,7041
,,,,,,29/03/2013 Total,,1,3,3231,7041
,,,,,,30/03/2013,$30K - $50K,1,4,4846,7061
,,,,,,30/03/2013 Total,,1,4,4846,7061
,,,,,,15/04/2013,$30K - $50K,1,4,5895,7491
,,,,,,15/04/2013 Total,,1,4,5895,7491
,,,,,,22/06/2013,$50K - $70K,1,4,1352,9355
,,,,,,22/06/2013 Total,,1,4,1352,9355
,,,,,,27/06/2013,$10K - $30K,1,2,6047,9490
,,,,,,27/06/2013 Total,,1,2,6047,9490
,,,,,,04/07/2013,$30K - $50K,1,4,4858,9683
,,,,,,04/07/2013 Total,,1,4,4858,9683
,,,,,,01/09/2013,$10K - $30K,1,6,9461,11280
,,,,,,01/09/2013 Total,,1,6,9461,11280
,,,,,,09/10/2013,$10K - $30K,1,5,6047,12304
,,,,,,09/10/2013 Total,,1,5,6047,12304
,,,,,,28/10/2013,$30K - $50K,1,5,4497,12857
,,,,,,28/10/2013 Total,,1,5,4497,12857
,,,,,,07/11/2013,$50K - $70K,1,3,4364,13121
,,,,,,07/11/2013 Total,,1,3,4364,13121
,,,,,,28/11/2013,$10K - $30K,1,6,7920,13670
,,,,,,28/11/2013 Total,,1,6,7920,13670
,,,,,USA Total,,,40,154,220089,197462
,,,,WA Total,,,,40,154,220089,197462
,,,Tacoma Total,,,,,40,154,220089,197462
,,,Vancouver,BC,Canada,27/12/2012,$30K - $50K,1,3,6593,4635
,,,,,,27/12/2012 Total,,1,3,6593,4635
,,,,,,03/02/2013,$70K - $90K,1,6,1799,5586
,,,,,,03/02/2013 Total,,1,6,1799,5586
,,,,,,11/02/2013,$30K - $50K,1,5,9808,5805
,,,,,,11/02/2013 Total,,1,5,9808,5805
,,,,,,12/02/2013,$50K - $70K,1,2,867,5830
,,,,,,12/02/2013 Total,,1,2,867,5830
,,,,,,17/02/2013,$30K - $50K,1,3,8488,5981
,,,,,,17/02/2013 Total,,1,3,8488,5981
,,,,,,28/02/2013,$50K - $70K,1,4,5207,6311
,,,,,,28/02/2013 Total,,1,4,5207,6311
,,,,,,29/05/2013,$30K - $50K,1,3,5290,8707
,,,,,,29/05/2013 Total,,1,3,5290,8707
,,,,,,03/06/2013,$30K - $50K,1,3,7364,8839
,,,,,,03/06/2013 Total,,1,3,7364,8839
,,,,,,10/07/2013,$110K - $130K,1,3,2946,9866
,,,,,,10/07/2013 Total,,1,3,2946,9866
,,,,,,12/07/2013,$30K - $50K,1,4,8375,9920
,,,,,,12/07/2013 Total,,1,4,8375,9920
,,,,,,01/09/2013,$10K - $30K,1,2,144,11268
,,,,,,01/09/2013 Total,,1,2,144,11268
,,,,,,18/09/2013,$70K - $90K,1,4,9294,11711
,,,,,,18/09/2013 Total,,1,4,9294,11711
,,,,,,20/09/2013,$30K - $50K,1,5,7615,11777
,,,,,,20/09/2013 Total,,1,5,7615,11777
,,,,,,13/10/2013,$70K - $90K,1,3,6722,12427
,,,,,,13/10/2013 Total,,1,3,6722,12427
,,,,,,01/11/2013,$10K - $30K,1,3,1777,12969
,,,,,,01/11/2013 Total,,1,3,1777,12969
,,,,,Canada Total,,,15,53,82289,131632
,,,,BC Total,,,,15,53,82289,131632
,,,Vancouver Total,,,,,15,53,82289,131632
,,,Victoria,BC,Canada,06/01/2013,$50K - $70K,1,3,7240,4866
,,,,,,06/01/2013 Total,,1,3,7240,4866
,,,,,,27/03/2013,$30K - $50K,1,5,2309,6976
,,,,,,27/03/2013 Total,,1,5,2309,6976
,,,,,,01/09/2013,$110K - $130K,1,6,309,11258
,,,,,,01/09/2013 Total,,1,6,309,11258
,,,,,,24/11/2013,$130K - $150K,1,3,8761,13576
,,,,,,24/11/2013 Total,,1,3,8761,13576
,,,,,Canada Total,,,4,17,18619,36676
,,,,BC Total,,,,4,17,18619,36676
,,,Victoria Total,,,,,4,17,18619,36676
,,,Walla Walla,WA,USA,25/01/2012,$30K - $50K,1,2,4457,217
,,,,,,25/01/2012 Total,,1,2,4457,217
,,,,,,16/08/2012,$10K - $30K,1,3,3286,2846
,,,,,,16/08/2012 Total,,1,3,3286,2846
,,,,,,21/08/2012,$130K - $150K,1,2,6759,2923
,,,,,,21/08/2012 Total,,1,2,6759,2923
,,,,,,07/01/2013,$30K - $50K,1,2,5956,4878
,,,,,,07/01/2013 Total,,1,2,5956,4878
,,,,,,20/01/2013,$30K - $50K,1,3,4516,5208
,,,,,,20/01/2013 Total,,1,3,4516,5208
,,,,,,10/04/2013,$50K - $70K,1,4,5350,7385
,,,,,,10/04/2013 Total,,1,4,5350,7385
,,,,,,14/07/2013,$50K - $70K,1,4,5350,9973
,,,,,,14/07/2013 Total,,1,4,5350,9973
,,,,,,01/10/2013,$110K - $130K,1,4,1765,12096
,,,,,,01/10/2013 Total,,1,4,1765,12096
,,,,,USA Total,,,8,24,37439,45526
,,,,WA Total,,,,8,24,37439,45526
,,,Walla Walla Total,,,,,8,24,37439,45526
,,,Yakima,WA,USA,20/03/2012,$30K - $50K,1,3,2171,934
,,,,,,20/03/2012 Total,,1,3,2171,934
,,,,,,31/03/2012,$150K +,1,3,7370,1102
,,,,,,31/03/2012 Total,,1,3,7370,1102
,,,,,,08/11/2012,$10K - $30K,1,4,463,3886
,,,,,,08/11/2012 Total,,1,4,463,3886
,,,,,,18/11/2012,$30K - $50K,1,3,7171,4013
,,,,,,18/11/2012 Total,,1,3,7171,4013
,,,,,,09/02/2013,$50K - $70K,1,5,7190,5734
,,,,,,09/02/2013 Total,,1,5,7190,5734
,,,,,,18/04/2013,$30K - $50K,1,6,3928,7569
,,,,,,18/04/2013 Total,,1,6,3928,7569
,,,,,,25/07/2013,$90K - $110K,1,2,1097,10282
,,,,,,25/07/2013 Total,,1,2,1097,10282
,,,,,,06/10/2013,$90K - $110K,1,4,1097,12211
,,,,,,06/10/2013 Total,,1,4,1097,12211
,,,,,USA Total,,,8,30,30487,45731
,,,,WA Total,,,,8,30,30487,45731
,,,Yakima Total,,,,,8,30,30487,45731
,,S Total,,,,,,405,1618,2065726,2715860
,M Total,,,,,,,794,3200,4103851,5429316
Snack Foods Total,,,,,,,,1600,6487,8158046,10964897
Specialty,F,M,Acapulco,Guerrero,Mexico,16/01/2013,$50K - $70K,1,7,4350,5103
,,,,,,16/01/2013 Total,,1,7,4350,5103
,,,,,Mexico Total,,,1,7,4350,5103
,,,,Guerrero Total,,,,1,7,4350,5103
,,,Acapulco Total,,,,,1,7,4350,5103
,,,Beverly Hills,CA,USA,29/01/2012,$10K - $30K,1,3,5079,265
,,,,,,29/01/2012 Total,,1,3,5079,265
,,,,,,15/05/2012,$90K - $110K,1,4,10120,1721
,,,,,,15/05/2012 Total,,1,4,10120,1721
,,,,,,01/08/2012,$10K - $30K,1,4,5307,2670
,,,,,,01/08/2012 Total,,1,4,5307,2670
,,,,,,05/10/2012,$10K - $30K,1,5,6617,3462
,,,,,,05/10/2012 Total,,1,5,6617,3462
,,,,,,08/11/2012,$30K - $50K,1,6,727,3878
,,,,,,08/11/2012 Total,,1,6,727,3878
,,,,,,11/12/2012,$110K - $130K,1,5,8272,4348
,,,,,,11/12/2012 Total,,1,5,8272,4348
,,,,,,31/01/2013,$130K - $150K,1,4,2654,5470
,,,,,,31/01/2013 Total,,1,4,2654,5470
,,,,,,17/09/2013,$30K - $50K,1,5,3449,11700
,,,,,,17/09/2013 Total,,1,5,3449,11700
,,,,,,22/11/2013,$10K - $30K,1,3,9055,13536
,,,,,,22/11/2013 Total,,1,3,9055,13536
,,,,,USA Total,,,9,39,51280,47050
,,,,CA Total,,,,9,39,51280,47050
,,,Beverly Hills Total,,,,,9,39,51280,47050
,,,Bremerton,WA,USA,15/03/2012,$30K - $50K,1,3,7366,854
,,,,,,15/03/2012 Total,,1,3,7366,854
,,,,,,31/03/2013,$70K - $90K,1,6,1281,7113
,,,,,,31/03/2013 Total,,1,6,1281,7113
,,,,,USA Total,,,2,9,8647,7967
,,,,WA Total,,,,2,9,8647,7967
,,,Bremerton Total,,,,,2,9,8647,7967
,,,Camacho,Zacatecas,Mexico,30/04/2013,$70K - $90K,1,5,2551,7909
,,,,,,30/04/2013 Total,,1,5,2551,7909
,,,,,,01/08/2013,$30K - $50K,1,3,4202,10452
,,,,,,01/08/2013 Total,,1,3,4202,10452
,,,,,,23/08/2013,$130K - $150K,1,4,3174,11017
,,,,,,23/08/2013 Total,,1,4,3174,11017
,,,,,,30/11/2013,$110K - $130K,1,3,2175,13733
,,,,,,30/11/2013 Total,,1,3,2175,13733
,,,,,,18/12/2013,$70K - $90K,1,2,4807,13975
,,,,,,18/12/2013 Total,,1,2,4807,13975
,,,,,Mexico Total,,,5,17,16909,57086
,,,,Zacatecas Total,,,,5,17,16909,57086
,,,Camacho Total,,,,,5,17,16909,57086
,,,Hidalgo,Zacatecas,Mexico,19/07/2013,$130K - $150K,1,7,8522,10113
,,,,,,19/07/2013 Total,,1,7,8522,10113
,,,,,,16/08/2013,$30K - $50K,1,4,7134,10849
,,,,,,,$70K - $90K,1,4,4226,10851
,,,,,,16/08/2013 Total,,2,8,11360,21700
,,,,,,19/11/2013,$90K - $110K,1,4,4026,13456
,,,,,,19/11/2013 Total,,1,4,4026,13456
,,,,,Mexico Total,,,4,19,23908,45269
,,,,Zacatecas Total,,,,4,19,23908,45269
,,,Hidalgo Total,,,,,4,19,23908,45269
,,,Los Angeles,CA,USA,08/02/2012,$50K - $70K,1,2,8634,394
,,,,,,08/02/2012 Total,,1,2,8634,394
,,,,,,03/03/2012,$10K - $30K,1,5,8730,676
,,,,,,03/03/2012 Total,,1,5,8730,676
,,,,,,30/05/2012,$30K - $50K,1,4,5990,1920
,,,,,,30/05/2012 Total,,1,4,5990,1920
,,,,,,15/06/2012,$10K - $30K,1,4,6617,2093
,,,,,,15/06/2012 Total,,1,4,6617,2093
,,,,,,29/04/2013,$30K - $50K,1,4,1079,7897
,,,,,,29/04/2013 Total,,1,4,1079,7897
,,,,,,08/06/2013,$50K - $70K,1,3,9931,8999
,,,,,,08/06/2013 Total,,1,3,9931,8999
,,,,,,26/07/2013,$50K - $70K,1,6,2362,10298
,,,,,,26/07/2013 Total,,1,6,2362,10298
,,,,,,20/08/2013,$10K - $30K,1,5,5345,10971
,,,,,,20/08/2013 Total,,1,5,5345,10971
,,,,,,08/10/2013,$30K - $50K,1,2,9387,12278
,,,,,,08/10/2013 Total,,1,2,9387,12278
,,,,,USA Total,,,9,35,58075,55526
,,,,CA Total,,,,9,35,58075,55526
,,,Los Angeles Total,,,,,9,35,58075,55526
,,,Merida,Yucatan,Mexico,07/02/2013,$10K - $30K,1,4,1753,5691
,,,,,,07/02/2013 Total,,1,4,1753,5691
,,,,,,15/03/2013,$30K - $50K,1,3,10001,6687
,,,,,,15/03/2013 Total,,1,3,10001,6687
,,,,,,10/04/2013,$50K - $70K,1,4,244,7364
,,,,,,10/04/2013 Total,,1,4,244,7364
,,,,,,27/05/2013,$10K - $30K,1,4,3857,8654
,,,,,,27/05/2013 Total,,1,4,3857,8654
,,,,,,07/08/2013,$30K - $50K,1,7,3753,10602
,,,,,,07/08/2013 Total,,1,7,3753,10602
,,,,,,17/08/2013,$10K - $30K,1,5,3857,10890
,,,,,,17/08/2013 Total,,1,5,3857,10890
,,,,,Mexico Total,,,6,27,23465,49888
,,,,Yucatan Total,,,,6,27,23465,49888
,,,Merida Total,,,,,6,27,23465,49888
,,,Mexico City,DF,Mexico,23/01/2013,$50K - $70K,1,6,3335,5273
,,,,,,23/01/2013 Total,,1,6,3335,5273
,,,,,,02/05/2013,$50K - $70K,1,3,3377,7952
,,,,,,02/05/2013 Total,,1,3,3377,7952
,,,,,Mexico Total,,,2,9,6712,13225
,,,,DF Total,,,,2,9,6712,13225
,,,Mexico City Total,,,,,2,9,6712,13225
,,,Orizaba,Veracruz,Mexico,10/04/2013,$30K - $50K,1,2,3601,7383
,,,,,,10/04/2013 Total,,1,2,3601,7383
,,,,,,14/11/2013,$70K - $90K,1,5,4198,13326
,,,,,,14/11/2013 Total,,1,5,4198,13326
,,,,,,30/11/2013,$30K - $50K,1,5,4284,13724
,,,,,,30/11/2013 Total,,1,5,4284,13724
,,,,,Mexico Total,,,3,12,12083,34433
,,,,Veracruz Total,,,,3,12,12083,34433
,,,Orizaba Total,,,,,3,12,12083,34433
,,,Portland,OR,USA,03/03/2013,$70K - $90K,1,6,7852,6375
,,,,,,03/03/2013 Total,,1,6,7852,6375
,,,,,,01/12/2013,$90K - $110K,1,5,2047,13755
,,,,,,01/12/2013 Total,,1,5,2047,13755
,,,,,USA Total,,,2,11,9899,20130
,,,,OR Total,,,,2,11,9899,20130
,,,Portland Total,,,,,2,11,9899,20130
,,,Salem,OR,USA,25/04/2012,$30K - $50K,1,3,392,1469
,,,,,,25/04/2012 Total,,1,3,392,1469
,,,,,,03/12/2012,$30K - $50K,1,5,5760,4236
,,,,,,03/12/2012 Total,,1,5,5760,4236
,,,,,USA Total,,,2,8,6152,5705
,,,,OR Total,,,,2,8,6152,5705
,,,Salem Total,,,,,2,8,6152,5705
,,,San Andres,DF,Mexico,11/07/2013,$70K - $90K,1,2,9359,9892
,,,,,,11/07/2013 Total,,1,2,9359,9892
,,,,,Mexico Total,,,1,2,9359,9892
,,,,DF Total,,,,1,2,9359,9892
,,,San Andres Total,,,,,1,2,9359,9892
,,,San Diego,CA,USA,01/02/2013,$10K - $30K,1,2,5667,5506
,,,,,,01/02/2013 Total,,1,2,5667,5506
,,,,,,11/09/2013,$110K - $130K,1,5,2168,11543
,,,,,,11/09/2013 Total,,1,5,2168,11543
,,,,,USA Total,,,2,7,7835,17049
,,,,CA Total,,,,2,7,7835,17049
,,,San Diego Total,,,,,2,7,7835,17049
,,,Seattle,WA,USA,17/06/2012,$50K - $70K,1,4,4007,2119
,,,,,,17/06/2012 Total,,1,4,4007,2119
,,,,,,23/10/2012,$50K - $70K,1,3,847,3665
,,,,,,23/10/2012 Total,,1,3,847,3665
,,,,,,12/12/2012,$30K - $50K,1,6,2183,4372
,,,,,,12/12/2012 Total,,1,6,2183,4372
,,,,,,18/03/2013,$10K - $30K,1,6,3250,6768
,,,,,,18/03/2013 Total,,1,6,3250,6768
,,,,,,28/03/2013,$30K - $50K,1,3,7965,7017
,,,,,,28/03/2013 Total,,1,3,7965,7017
,,,,,,04/06/2013,$30K - $50K,1,3,4848,8871
,,,,,,04/06/2013 Total,,1,3,4848,8871
,,,,,,18/06/2013,$30K - $50K,1,3,3749,9255
,,,,,,18/06/2013 Total,,1,3,3749,9255
,,,,,,11/12/2013,$50K - $70K,1,4,9110,13911
,,,,,,11/12/2013 Total,,1,4,9110,13911
,,,,,USA Total,,,8,32,35959,55978
,,,,WA Total,,,,8,32,35959,55978
,,,Seattle Total,,,,,8,32,35959,55978
,,,Spokane,WA,USA,08/10/2012,$30K - $50K,1,4,2201,3508
,,,,,,08/10/2012 Total,,1,4,2201,3508
,,,,,,21/11/2012,$50K - $70K,1,4,3021,4062
,,,,,,21/11/2012 Total,,1,4,3021,4062
,,,,,,31/01/2013,$70K - $90K,1,5,976,5475
,,,,,,31/01/2013 Total,,1,5,976,5475
,,,,,,31/10/2013,$150K +,1,5,4727,12918
,,,,,,31/10/2013 Total,,1,5,4727,12918
,,,,,USA Total,,,4,18,10925,25963
,,,,WA Total,,,,4,18,10925,25963
,,,Spokane Total,,,,,4,18,10925,25963
,,,Tacoma,WA,USA,10/02/2012,$50K - $70K,1,3,9752,416
,,,,,,10/02/2012 Total,,1,3,9752,416
,,,,,,28/03/2012,$110K - $130K,1,6,7065,1048
,,,,,,28/03/2012 Total,,1,6,7065,1048
,,,,,,17/11/2012,$50K - $70K,1,5,9752,3990
,,,,,,17/11/2012 Total,,1,5,9752,3990
,,,,,,18/04/2013,$30K - $50K,1,5,2084,7578
,,,,,,18/04/2013 Total,,1,5,2084,7578
,,,,,,22/05/2013,$30K - $50K,1,5,1004,8521
,,,,,,22/05/2013 Total,,1,5,1004,8521
,,,,,,24/05/2013,$30K - $50K,1,5,6690,8587
,,,,,,24/05/2013 Total,,1,5,6690,8587
,,,,,,30/08/2013,$30K - $50K,1,2,6347,11202
,,,,,,30/08/2013 Total,,1,2,6347,11202
,,,,,USA Total,,,7,31,42694,41342
,,,,WA Total,,,,7,31,42694,41342
,,,Tacoma Total,,,,,7,31,42694,41342
,,,Vancouver,BC,Canada,15/02/2013,$30K - $50K,1,4,4598,5926
,,,,,,15/02/2013 Total,,1,4,4598,5926
,,,,,,22/04/2013,$130K - $150K,1,5,2651,7692
,,,,,,22/04/2013 Total,,1,5,2651,7692
,,,,,,15/05/2013,$10K - $30K,1,5,1501,8314
,,,,,,15/05/2013 Total,,1,5,1501,8314
,,,,,,08/07/2013,$70K - $90K,1,3,6915,9813
,,,,,,08/07/2013 Total,,1,3,6915,9813
,,,,,,18/07/2013,$30K - $50K,1,2,9880,10094
,,,,,,18/07/2013 Total,,1,2,9880,10094
,,,,,,06/08/2013,$30K - $50K,1,3,518,10585
,,,,,,06/08/2013 Total,,1,3,518,10585
,,,,,Canada Total,,,6,22,26063,52424
,,,,BC Total,,,,6,22,26063,52424
,,,Vancouver Total,,,,,6,22,26063,52424
,,,Victoria,BC,Canada,01/11/2013,$50K - $70K,1,5,6895,12958
,,,,,,01/11/2013 Total,,1,5,6895,12958
,,,,,Canada Total,,,1,5,6895,12958
,,,,BC Total,,,,1,5,6895,12958
,,,Victoria Total,,,,,1,5,6895,12958
,,M Total,,,,,,74,310,361210,556988
,,S,Acapulco,Guerrero,Mexico,02/02/2013,$50K - $70K,1,4,5065,5545
,,,,,,02/02/2013 Total,,1,4,5065,5545
,,,,,,21/10/2013,$10K - $30K,1,4,6358,12644
,,,,,,21/10/2013 Total,,1,4,6358,12644
,,,,,Mexico Total,,,2,8,11423,18189
,,,,Guerrero Total,,,,2,8,11423,18189
,,,Acapulco Total,,,,,2,8,11423,18189
,,,Bellingham,WA,USA,13/08/2012,$10K - $30K,1,3,4730,2821
,,,,,,13/08/2012 Total,,1,3,4730,2821
,,,,,,18/11/2012,$130K - $150K,1,2,8185,4007
,,,,,,18/11/2012 Total,,1,2,8185,4007
,,,,,,04/06/2013,$30K - $50K,1,2,1503,8884
,,,,,,04/06/2013 Total,,1,2,1503,8884
,,,,,USA Total,,,3,7,14418,15712
,,,,WA Total,,,,3,7,14418,15712
,,,Bellingham Total,,,,,3,7,14418,15712
,,,Beverly Hills,CA,USA,21/09/2013,$10K - $30K,1,6,7602,11806
,,,,,,21/09/2013 Total,,1,6,7602,11806
,,,,,USA Total,,,1,6,7602,11806
,,,,CA Total,,,,1,6,7602,11806
,,,Beverly Hills Total,,,,,1,6,7602,11806
,,,Bremerton,WA,USA,15/06/2013,$10K - $30K,1,4,7810,9170
,,,,,,15/06/2013 Total,,1,4,7810,9170
,,,,,,14/10/2013,$50K - $70K,1,4,571,12440
,,,,,,14/10/2013 Total,,1,4,571,12440
,,,,,USA Total,,,2,8,8381,21610
,,,,WA Total,,,,2,8,8381,21610
,,,Bremerton Total,,,,,2,8,8381,21610
,,,Camacho,Zacatecas,Mexico,15/01/2013,$50K - $70K,1,5,7328,5082
,,,,,,15/01/2013 Total,,1,5,7328,5082
,,,,,,18/04/2013,$10K - $30K,1,6,5294,7559
,,,,,,18/04/2013 Total,,1,6,5294,7559
,,,,,,23/05/2013,$130K - $150K,1,3,4374,8542
,,,,,,23/05/2013 Total,,1,3,4374,8542
,,,,,,01/09/2013,$50K - $70K,1,4,7328,11275
,,,,,,01/09/2013 Total,,1,4,7328,11275
,,,,,Mexico Total,,,4,18,24324,32458
,,,,Zacatecas Total,,,,4,18,24324,32458
,,,Camacho Total,,,,,4,18,24324,32458
,,,Guadalajara,Jalisco,Mexico,06/02/2013,$10K - $30K,1,4,4323,5664
,,,,,,06/02/2013 Total,,1,4,4323,5664
,,,,,,29/11/2013,$30K - $50K,1,2,6507,13697
,,,,,,29/11/2013 Total,,1,2,6507,13697
,,,,,Mexico Total,,,2,6,10830,19361
,,,,Jalisco Total,,,,2,6,10830,19361
,,,Guadalajara Total,,,,,2,6,10830,19361
,,,Hidalgo,Zacatecas,Mexico,25/01/2013,$50K - $70K,1,3,1972,5335
,,,,,,25/01/2013 Total,,1,3,1972,5335
,,,,,,29/03/2013,$130K - $150K,1,4,5740,7043
,,,,,,29/03/2013 Total,,1,4,5740,7043
,,,,,,21/06/2013,$10K - $30K,1,2,1853,9331
,,,,,,21/06/2013 Total,,1,2,1853,9331
,,,,,,09/07/2013,$30K - $50K,1,3,7782,9833
,,,,,,09/07/2013 Total,,1,3,7782,9833
,,,,,,17/07/2013,$50K - $70K,1,5,7633,10054
,,,,,,17/07/2013 Total,,1,5,7633,10054
,,,,,,16/08/2013,$90K - $110K,1,4,1942,10862
,,,,,,16/08/2013 Total,,1,4,1942,10862
,,,,,,10/10/2013,$30K - $50K,1,6,7782,12337
,,,,,,10/10/2013 Total,,1,6,7782,12337
,,,,,,13/10/2013,$70K - $90K,1,5,4049,12411
,,,,,,13/10/2013 Total,,1,5,4049,12411
,,,,,,02/11/2013,$10K - $30K,1,3,3858,12981
,,,,,,02/11/2013 Total,,1,3,3858,12981
,,,,,Mexico Total,,,9,35,42611,90187
,,,,Zacatecas Total,,,,9,35,42611,90187
,,,Hidalgo Total,,,,,9,35,42611,90187
,,,Los Angeles,CA,USA,20/03/2012,$30K - $50K,1,3,4357,940
,,,,,,20/03/2012 Total,,1,3,4357,940
,,,,,,07/12/2012,$10K - $30K,1,4,1656,4286
,,,,,,07/12/2012 Total,,1,4,1656,4286
,,,,,,02/03/2013,$70K - $90K,1,5,7324,6345
,,,,,,02/03/2013 Total,,1,5,7324,6345
,,,,,,21/03/2013,$30K - $50K,1,6,5023,6833
,,,,,,21/03/2013 Total,,1,6,5023,6833
,,,,,,30/06/2013,$150K +,1,3,6849,9582
,,,,,,30/06/2013 Total,,1,3,6849,9582
,,,,,USA Total,,,5,21,25209,27986
,,,,CA Total,,,,5,21,25209,27986
,,,Los Angeles Total,,,,,5,21,25209,27986
,,,Merida,Yucatan,Mexico,26/03/2013,$30K - $50K,1,5,4068,6949
,,,,,,26/03/2013 Total,,1,5,4068,6949
,,,,,,16/04/2013,$30K - $50K,1,5,4068,7518
,,,,,,16/04/2013 Total,,1,5,4068,7518
,,,,,,14/06/2013,$50K - $70K,1,5,5129,9130
,,,,,,14/06/2013 Total,,1,5,5129,9130
,,,,,,31/07/2013,$70K - $90K,1,3,5102,10413
,,,,,,31/07/2013 Total,,1,3,5102,10413
,,,,,,14/09/2013,$10K - $30K,1,4,1930,11628
,,,,,,14/09/2013 Total,,1,4,1930,11628
,,,,,Mexico Total,,,5,22,20297,45638
,,,,Yucatan Total,,,,5,22,20297,45638
,,,Merida Total,,,,,5,22,20297,45638
,,,Mexico City,DF,Mexico,13/05/2013,$10K - $30K,1,4,5594,8266
,,,,,,13/05/2013 Total,,1,4,5594,8266
,,,,,Mexico Total,,,1,4,5594,8266
,,,,DF Total,,,,1,4,5594,8266
,,,Mexico City Total,,,,,1,4,5594,8266
,,,Orizaba,Veracruz,Mexico,27/02/2013,$70K - $90K,1,4,4485,6270
,,,,,,27/02/2013 Total,,1,4,4485,6270
,,,,,,12/04/2013,$50K - $70K,1,2,8228,7422
,,,,,,12/04/2013 Total,,1,2,8228,7422
,,,,,,10/12/2013,$30K - $50K,1,4,8077,13887
,,,,,,10/12/2013 Total,,1,4,8077,13887
,,,,,Mexico Total,,,3,10,20790,27579
,,,,Veracruz Total,,,,3,10,20790,27579
,,,Orizaba Total,,,,,3,10,20790,27579
,,,Salem,OR,USA,26/01/2012,$30K - $50K,1,6,3799,223
,,,,,,26/01/2012 Total,,1,6,3799,223
,,,,,,28/04/2012,$50K - $70K,1,4,7189,1502
,,,,,,28/04/2012 Total,,1,4,7189,1502
,,,,,,02/05/2012,$30K - $50K,1,5,2443,1550
,,,,,,02/05/2012 Total,,1,5,2443,1550
,,,,,,15/07/2012,$10K - $30K,1,6,4490,2456
,,,,,,15/07/2012 Total,,1,6,4490,2456
,,,,,,06/12/2012,$50K - $70K,1,5,7274,4281
,,,,,,06/12/2012 Total,,1,5,7274,4281
,,,,,,18/12/2012,$10K - $30K,1,5,4490,4471
,,,,,,18/12/2012 Total,,1,5,4490,4471
,,,,,,24/01/2013,$50K - $70K,1,5,1706,5286
,,,,,,24/01/2013 Total,,1,5,1706,5286
,,,,,,20/04/2013,$130K - $150K,1,5,4431,7626
,,,,,,20/04/2013 Total,,1,5,4431,7626
,,,,,,21/05/2013,$30K - $50K,1,4,3776,8485
,,,,,,21/05/2013 Total,,1,4,3776,8485
,,,,,,17/08/2013,$50K - $70K,1,3,4619,10884
,,,,,,17/08/2013 Total,,1,3,4619,10884
,,,,,,25/08/2013,$50K - $70K,1,3,9014,11097
,,,,,,25/08/2013 Total,,1,3,9014,11097
,,,,,,11/10/2013,$10K - $30K,1,4,6544,12348
,,,,,,11/10/2013 Total,,1,4,6544,12348
,,,,,USA Total,,,12,55,59775,70209
,,,,OR Total,,,,12,55,59775,70209
,,,Salem Total,,,,,12,55,59775,70209
,,,San Andres,DF,Mexico,15/01/2013,$30K - $50K,1,5,7685,5077
,,,,,,15/01/2013 Total,,1,5,7685,5077
,,,,,,09/07/2013,$10K - $30K,1,3,7013,9835
,,,,,,09/07/2013 Total,,1,3,7013,9835
,,,,,,27/09/2013,$10K - $30K,1,5,2273,11977
,,,,,,27/09/2013 Total,,1,5,2273,11977
,,,,,Mexico Total,,,3,13,16971,26889
,,,,DF Total,,,,3,13,16971,26889
,,,San Andres Total,,,,,3,13,16971,26889
,,,San Diego,CA,USA,31/03/2012,$30K - $50K,1,7,1261,1095
,,,,,,31/03/2012 Total,,1,7,1261,1095
,,,,,,09/07/2012,$70K - $90K,1,4,5543,2375
,,,,,,09/07/2012 Total,,1,4,5543,2375
,,,,,,07/05/2013,$70K - $90K,1,5,9394,8097
,,,,,,07/05/2013 Total,,1,5,9394,8097
,,,,,USA Total,,,3,16,16198,11567
,,,,CA Total,,,,3,16,16198,11567
,,,San Diego Total,,,,,3,16,16198,11567
,,,San Francisco,CA,USA,20/01/2012,$30K - $50K,1,1,8830,170
,,,,,,20/01/2012 Total,,1,1,8830,170
,,,,,,04/06/2012,$30K - $50K,1,3,5052,1981
,,,,,,04/06/2012 Total,,1,3,5052,1981
,,,,,,12/12/2012,$90K - $110K,1,2,8944,4382
,,,,,,12/12/2012 Total,,1,2,8944,4382
,,,,,USA Total,,,3,6,22826,6533
,,,,CA Total,,,,3,6,22826,6533
,,,San Francisco Total,,,,,3,6,22826,6533
,,,Seattle,WA,USA,15/10/2012,$30K - $50K,1,5,3932,3594
,,,,,,15/10/2012 Total,,1,5,3932,3594
,,,,,,25/04/2013,$30K - $50K,1,5,7003,7779
,,,,,,25/04/2013 Total,,1,5,7003,7779
,,,,,,18/06/2013,$30K - $50K,1,5,7201,9258
,,,,,,18/06/2013 Total,,1,5,7201,9258
,,,,,USA Total,,,3,15,18136,20631
,,,,WA Total,,,,3,15,18136,20631
,,,Seattle Total,,,,,3,15,18136,20631
,,,Spokane,WA,USA,27/08/2012,$30K - $50K,1,4,1720,2993
,,,,,,27/08/2012 Total,,1,4,1720,2993
,,,,,,24/12/2012,$10K - $30K,1,4,2448,4573
,,,,,,24/12/2012 Total,,1,4,2448,4573
,,,,,USA Total,,,2,8,4168,7566
,,,,WA Total,,,,2,8,4168,7566
,,,Spokane Total,,,,,2,8,4168,7566
,,,Tacoma,WA,USA,17/03/2012,$110K - $130K,1,4,6423,875
,,,,,,17/03/2012 Total,,1,4,6423,875
,,,,,,17/06/2012,$30K - $50K,1,5,1813,2120
,,,,,,17/06/2012 Total,,1,5,1813,2120
,,,,,,20/07/2012,$70K - $90K,1,2,5419,2529
,,,,,,20/07/2012 Total,,1,2,5419,2529
,,,,,,16/09/2012,$30K - $50K,1,3,8472,3233
,,,,,,16/09/2012 Total,,1,3,8472,3233
,,,,,,27/11/2012,$30K - $50K,1,5,4340,4134
,,,,,,27/11/2012 Total,,1,5,4340,4134
,,,,,,15/01/2013,$10K - $30K,1,4,5050,5072
,,,,,,15/01/2013 Total,,1,4,5050,5072
,,,,,,13/03/2013,$110K - $130K,1,4,7580,6636
,,,,,,13/03/2013 Total,,1,4,7580,6636
,,,,,,02/06/2013,$30K - $50K,1,3,5125,8822
,,,,,,02/06/2013 Total,,1,3,5125,8822
,,,,,,13/10/2013,$70K - $90K,1,6,5419,12425
,,,,,,13/10/2013 Total,,1,6,5419,12425
,,,,,,26/12/2013,$10K - $30K,1,4,5050,14041
,,,,,,26/12/2013 Total,,1,4,5050,14041
,,,,,USA Total,,,10,40,54691,59887
,,,,WA Total,,,,10,40,54691,59887
,,,Tacoma Total,,,,,10,40,54691,59887
,,,Vancouver,BC,Canada,18/04/2013,$30K - $50K,1,3,1367,7577
,,,,,,18/04/2013 Total,,1,3,1367,7577
,,,,,,05/05/2013,$10K - $30K,1,4,3904,8039
,,,,,,05/05/2013 Total,,1,4,3904,8039
,,,,,,12/05/2013,$30K - $50K,1,5,5089,8255
,,,,,,12/05/2013 Total,,1,5,5089,8255
,,,,,,11/07/2013,$10K - $30K,1,4,3016,9877
,,,,,,11/07/2013 Total,,1,4,3016,9877
,,,,,,11/08/2013,$30K - $50K,1,4,6030,10708
,,,,,,11/08/2013 Total,,1,4,6030,10708
,,,,,Canada Total,,,5,20,19406,44456
,,,,BC Total,,,,5,20,19406,44456
,,,Vancouver Total,,,,,5,20,19406,44456
,,,Walla Walla,WA,USA,16/08/2012,$10K - $30K,1,1,8970,2847
,,,,,,16/08/2012 Total,,1,1,8970,2847
,,,,,USA Total,,,1,1,8970,2847
,,,,WA Total,,,,1,1,8970,2847
,,,Walla Walla Total,,,,,1,1,8970,2847
,,,Yakima,WA,USA,03/01/2013,$30K - $50K,1,5,6324,4778
,,,,,,03/01/2013 Total,,1,5,6324,4778
,,,,,USA Total,,,1,5,6324,4778
,,,,WA Total,,,,1,5,6324,4778
,,,Yakima Total,,,,,1,5,6324,4778
,,S Total,,,,,,80,324,418944,574155
,F Total,,,,,,,154,634,780154,1131143
,M,M,Acapulco,Guerrero,Mexico,17/01/2013,$10K - $30K,1,4,3277,5124
,,,,,,17/01/2013 Total,,1,4,3277,5124
,,,,,,31/07/2013,$30K - $50K,1,4,7976,10418
,,,,,,31/07/2013 Total,,1,4,7976,10418
,,,,,,30/08/2013,$10K - $30K,1,7,3168,11226
,,,,,,30/08/2013 Total,,1,7,3168,11226
,,,,,Mexico Total,,,3,15,14421,26768
,,,,Guerrero Total,,,,3,15,14421,26768
,,,Acapulco Total,,,,,3,15,14421,26768
,,,Bellingham,WA,USA,03/01/2013,$130K - $150K,1,3,9205,4793
,,,,,,03/01/2013 Total,,1,3,9205,4793
,,,,,,11/03/2013,$30K - $50K,1,3,10093,6588
,,,,,,11/03/2013 Total,,1,3,10093,6588
,,,,,,27/10/2013,$70K - $90K,1,2,6814,12806
,,,,,,27/10/2013 Total,,1,2,6814,12806
,,,,,USA Total,,,3,8,26112,24187
,,,,WA Total,,,,3,8,26112,24187
,,,Bellingham Total,,,,,3,8,26112,24187
,,,Beverly Hills,CA,USA,05/03/2013,$70K - $90K,1,5,9390,6441
,,,,,,05/03/2013 Total,,1,5,9390,6441
,,,,,USA Total,,,1,5,9390,6441
,,,,CA Total,,,,1,5,9390,6441
,,,Beverly Hills Total,,,,,1,5,9390,6441
,,,Bremerton,WA,USA,23/04/2012,$30K - $50K,1,4,7377,1439
,,,,,,23/04/2012 Total,,1,4,7377,1439
,,,,,,20/07/2012,$70K - $90K,1,3,3878,2525
,,,,,,20/07/2012 Total,,1,3,3878,2525
,,,,,,12/01/2013,$30K - $50K,1,4,924,4998
,,,,,,12/01/2013 Total,,1,4,924,4998
,,,,,,13/01/2013,$110K - $130K,1,5,2556,5028
,,,,,,13/01/2013 Total,,1,5,2556,5028
,,,,,,09/02/2013,$50K - $70K,1,4,4618,5738
,,,,,,09/02/2013 Total,,1,4,4618,5738
,,,,,,30/03/2013,$10K - $30K,1,4,5738,7066
,,,,,,30/03/2013 Total,,1,4,5738,7066
,,,,,,21/04/2013,$50K - $70K,1,2,4903,7669
,,,,,,21/04/2013 Total,,1,2,4903,7669
,,,,,,07/07/2013,$10K - $30K,1,6,9642,9766
,,,,,,07/07/2013 Total,,1,6,9642,9766
,,,,,USA Total,,,8,32,39636,44229
,,,,WA Total,,,,8,32,39636,44229
,,,Bremerton Total,,,,,8,32,39636,44229
,,,Camacho,Zacatecas,Mexico,24/12/2012,$50K - $70K,1,5,1295,4574
,,,,,,24/12/2012 Total,,1,5,1295,4574
,,,,,Mexico Total,,,1,5,1295,4574
,,,,Zacatecas Total,,,,1,5,1295,4574
,,,Camacho Total,,,,,1,5,1295,4574
,,,Hidalgo,Zacatecas,Mexico,01/01/2013,$30K - $50K,1,4,1222,4748
,,,,,,01/01/2013 Total,,1,4,1222,4748
,,,,,Mexico Total,,,1,4,1222,4748
,,,,Zacatecas Total,,,,1,4,1222,4748
,,,Hidalgo Total,,,,,1,4,1222,4748
,,,Los Angeles,CA,USA,14/02/2012,$10K - $30K,1,4,4909,461
,,,,,,14/02/2012 Total,,1,4,4909,461
,,,,,,11/02/2013,$50K - $70K,1,5,4633,5807
,,,,,,11/02/2013 Total,,1,5,4633,5807
,,,,,,12/03/2013,$10K - $30K,1,5,3587,6606
,,,,,,12/03/2013 Total,,1,5,3587,6606
,,,,,USA Total,,,3,14,13129,12874
,,,,CA Total,,,,3,14,13129,12874
,,,Los Angeles Total,,,,,3,14,13129,12874
,,,Merida,Yucatan,Mexico,04/03/2013,$90K - $110K,1,6,6193,6409
,,,,,,04/03/2013 Total,,1,6,6193,6409
,,,,,Mexico Total,,,1,6,6193,6409
,,,,Yucatan Total,,,,1,6,6193,6409
,,,Merida Total,,,,,1,6,6193,6409
,,,Mexico City,DF,Mexico,14/04/2013,$90K - $110K,1,3,6780,7473
,,,,,,14/04/2013 Total,,1,3,6780,7473
,,,,,,29/04/2013,$10K - $30K,1,6,6685,7878
,,,,,,29/04/2013 Total,,1,6,6685,7878
,,,,,Mexico Total,,,2,9,13465,15351
,,,,DF Total,,,,2,9,13465,15351
,,,Mexico City Total,,,,,2,9,13465,15351
,,,Orizaba,Veracruz,Mexico,29/01/2013,$110K - $130K,1,4,2329,5432
,,,,,,29/01/2013 Total,,1,4,2329,5432
,,,,,,04/05/2013,$30K - $50K,1,4,7860,8025
,,,,,,04/05/2013 Total,,1,4,7860,8025
,,,,,Mexico Total,,,2,8,10189,13457
,,,,Veracruz Total,,,,2,8,10189,13457
,,,Orizaba Total,,,,,2,8,10189,13457
,,,Portland,OR,USA,03/04/2012,$70K - $90K,1,3,5724,1136
,,,,,,03/04/2012 Total,,1,3,5724,1136
,,,,,,22/10/2012,$50K - $70K,1,3,2673,3653
,,,,,,22/10/2012 Total,,1,3,2673,3653
,,,,,,18/04/2013,$50K - $70K,1,7,5664,7580
,,,,,,18/04/2013 Total,,1,7,5664,7580
,,,,,USA Total,,,3,13,14061,12369
,,,,OR Total,,,,3,13,14061,12369
,,,Portland Total,,,,,3,13,14061,12369
,,,Salem,OR,USA,03/06/2012,$30K - $50K,1,3,3302,1965
,,,,,,03/06/2012 Total,,1,3,3302,1965
,,,,,,01/09/2012,$30K - $50K,1,3,3213,3043
,,,,,,01/09/2012 Total,,1,3,3213,3043
,,,,,,03/03/2013,$10K - $30K,1,4,3113,6376
,,,,,,03/03/2013 Total,,1,4,3113,6376
,,,,,,02/04/2013,$30K - $50K,1,5,4508,7146
,,,,,,02/04/2013 Total,,1,5,4508,7146
,,,,,USA Total,,,4,15,14136,18530
,,,,OR Total,,,,4,15,14136,18530
,,,Salem Total,,,,,4,15,14136,18530
,,,San Andres,DF,Mexico,02/02/2013,$30K - $50K,1,5,2480,5561
,,,,,,02/02/2013 Total,,1,5,2480,5561
,,,,,,23/05/2013,$50K - $70K,1,4,1169,8543
,,,,,,23/05/2013 Total,,1,4,1169,8543
,,,,,,29/06/2013,$50K - $70K,1,4,8115,9558
,,,,,,29/06/2013 Total,,1,4,8115,9558
,,,,,,12/10/2013,$30K - $50K,1,4,876,12384
,,,,,,12/10/2013 Total,,1,4,876,12384
,,,,,,14/11/2013,$30K - $50K,1,3,2051,13343
,,,,,,14/11/2013 Total,,1,3,2051,13343
,,,,,Mexico Total,,,5,20,14691,49389
,,,,DF Total,,,,5,20,14691,49389
,,,San Andres Total,,,,,5,20,14691,49389
,,,San Diego,CA,USA,07/11/2012,$50K - $70K,1,5,1890,3874
,,,,,,07/11/2012 Total,,1,5,1890,3874
,,,,,,30/07/2013,$150K +,1,5,2260,10405
,,,,,,30/07/2013 Total,,1,5,2260,10405
,,,,,,26/08/2013,$10K - $30K,1,4,55,11117
,,,,,,26/08/2013 Total,,1,4,55,11117
,,,,,,20/11/2013,$30K - $50K,1,6,360,13482
,,,,,,20/11/2013 Total,,1,6,360,13482
,,,,,USA Total,,,4,20,4565,38878
,,,,CA Total,,,,4,20,4565,38878
,,,San Diego Total,,,,,4,20,4565,38878
,,,Seattle,WA,USA,08/02/2012,$30K - $50K,1,5,5925,401
,,,,,,08/02/2012 Total,,1,5,5925,401
,,,,,,12/10/2012,$10K - $30K,1,4,4545,3553
,,,,,,12/10/2012 Total,,1,4,4545,3553
,,,,,,14/02/2013,$30K - $50K,1,5,2698,5893
,,,,,,14/02/2013 Total,,1,5,2698,5893
,,,,,USA Total,,,3,14,13168,9847
,,,,WA Total,,,,3,14,13168,9847
,,,Seattle Total,,,,,3,14,13168,9847
,,,Spokane,WA,USA,17/07/2012,$70K - $90K,1,6,2570,2492
,,,,,,17/07/2012 Total,,1,6,2570,2492
,,,,,,05/09/2012,$50K - $70K,1,5,1567,3092
,,,,,,05/09/2012 Total,,1,5,1567,3092
,,,,,,16/12/2012,$10K - $30K,1,5,9728,4432
,,,,,,16/12/2012 Total,,1,5,9728,4432
,,,,,,02/02/2013,$150K +,1,2,1690,5534
,,,,,,02/02/2013 Total,,1,2,1690,5534
,,,,,USA Total,,,4,18,15555,15550
,,,,WA Total,,,,4,18,15555,15550
,,,Spokane Total,,,,,4,18,15555,15550
,,,Tacoma,WA,USA,04/11/2012,$10K - $30K,1,5,4029,3822
,,,,,,04/11/2012 Total,,1,5,4029,3822
,,,,,,15/07/2013,$30K - $50K,1,6,7514,10019
,,,,,,15/07/2013 Total,,1,6,7514,10019
,,,,,,23/09/2013,$50K - $70K,1,5,782,11882
,,,,,,23/09/2013 Total,,1,5,782,11882
,,,,,USA Total,,,3,16,12325,25723
,,,,WA Total,,,,3,16,12325,25723
,,,Tacoma Total,,,,,3,16,12325,25723
,,,Vancouver,BC,Canada,06/02/2013,$30K - $50K,1,3,10177,5674
,,,,,,06/02/2013 Total,,1,3,10177,5674
,,,,,,11/05/2013,$30K - $50K,1,3,8145,8219
,,,,,,11/05/2013 Total,,1,3,8145,8219
,,,,,,30/06/2013,$10K - $30K,1,5,8729,9577
,,,,,,30/06/2013 Total,,1,5,8729,9577
,,,,,,26/07/2013,$30K - $50K,1,5,10178,10303
,,,,,,26/07/2013 Total,,1,5,10178,10303
,,,,,,09/11/2013,$110K - $130K,1,7,2516,13176
,,,,,,09/11/2013 Total,,1,7,2516,13176
,,,,,Canada Total,,,5,23,39745,46949
,,,,BC Total,,,,5,23,39745,46949
,,,Vancouver Total,,,,,5,23,39745,46949
,,,Yakima,WA,USA,19/03/2012,$10K - $30K,1,3,1977,911
,,,,,,19/03/2012 Total,,1,3,1977,911
,,,,,,23/01/2013,$10K - $30K,1,4,3267,5263
,,,,,,23/01/2013 Total,,1,4,3267,5263
,,,,,USA Total,,,2,7,5244,6174
,,,,WA Total,,,,2,7,5244,6174
,,,Yakima Total,,,,,2,7,5244,6174
,,M Total,,,,,,58,252,268542,382447
,,S,Acapulco,Guerrero,Mexico,10/11/2013,$50K - $70K,1,3,6187,13209
,,,,,,10/11/2013 Total,,1,3,6187,13209
,,,,,,22/11/2013,$130K - $150K,1,5,4020,13537
,,,,,,22/11/2013 Total,,1,5,4020,13537
,,,,,Mexico Total,,,2,8,10207,26746
,,,,Guerrero Total,,,,2,8,10207,26746
,,,Acapulco Total,,,,,2,8,10207,26746
,,,Bellingham,WA,USA,13/03/2012,$110K - $130K,1,4,6319,836
,,,,,,13/03/2012 Total,,1,4,6319,836
,,,,,USA Total,,,1,4,6319,836
,,,,WA Total,,,,1,4,6319,836
,,,Bellingham Total,,,,,1,4,6319,836
,,,Beverly Hills,CA,USA,02/04/2012,$30K - $50K,1,3,7474,1125
,,,,,,02/04/2012 Total,,1,3,7474,1125
,,,,,,17/11/2013,$70K - $90K,1,3,2106,13410
,,,,,,17/11/2013 Total,,1,3,2106,13410
,,,,,USA Total,,,2,6,9580,14535
,,,,CA Total,,,,2,6,9580,14535
,,,Beverly Hills Total,,,,,2,6,9580,14535
,,,Bremerton,WA,USA,24/02/2012,$10K - $30K,1,4,1005,575
,,,,,,24/02/2012 Total,,1,4,1005,575
,,,,,,22/06/2012,$50K - $70K,1,4,905,2185
,,,,,,22/06/2012 Total,,1,4,905,2185
,,,,,,28/06/2012,$30K - $50K,1,3,5831,2264
,,,,,,28/06/2012 Total,,1,3,5831,2264
,,,,,,05/08/2012,$50K - $70K,1,3,905,2716
,,,,,,05/08/2012 Total,,1,3,905,2716
,,,,,,03/06/2013,$10K - $30K,1,6,1005,8852
,,,,,,03/06/2013 Total,,1,6,1005,8852
,,,,,,09/08/2013,$50K - $70K,1,5,3065,10675
,,,,,,09/08/2013 Total,,1,5,3065,10675
,,,,,,29/11/2013,$30K - $50K,1,4,3693,13704
,,,,,,29/11/2013 Total,,1,4,3693,13704
,,,,,USA Total,,,7,29,16409,40971
,,,,WA Total,,,,7,29,16409,40971
,,,Bremerton Total,,,,,7,29,16409,40971
,,,Camacho,Zacatecas,Mexico,25/11/2013,$70K - $90K,1,4,3366,13602
,,,,,,25/11/2013 Total,,1,4,3366,13602
,,,,,Mexico Total,,,1,4,3366,13602
,,,,Zacatecas Total,,,,1,4,3366,13602
,,,Camacho Total,,,,,1,4,3366,13602
,,,Hidalgo,Zacatecas,Mexico,29/04/2013,$30K - $50K,1,5,1770,7902
,,,,,,29/04/2013 Total,,1,5,1770,7902
,,,,,,18/05/2013,$10K - $30K,1,5,8915,8393
,,,,,,18/05/2013 Total,,1,5,8915,8393
,,,,,,10/08/2013,$30K - $50K,1,4,4419,10700
,,,,,,10/08/2013 Total,,1,4,4419,10700
,,,,,,01/11/2013,$30K - $50K,1,4,2528,12955
,,,,,,01/11/2013 Total,,1,4,2528,12955
,,,,,Mexico Total,,,4,18,17632,39950
,,,,Zacatecas Total,,,,4,18,17632,39950
,,,Hidalgo Total,,,,,4,18,17632,39950
,,,Los Angeles,CA,USA,03/03/2012,$10K - $30K,1,5,7439,679
,,,,,,03/03/2012 Total,,1,5,7439,679
,,,,,,29/04/2013,$30K - $50K,1,3,8151,7900
,,,,,,29/04/2013 Total,,1,3,8151,7900
,,,,,USA Total,,,2,8,15590,8579
,,,,CA Total,,,,2,8,15590,8579
,,,Los Angeles Total,,,,,2,8,15590,8579
,,,Merida,Yucatan,Mexico,13/05/2013,$10K - $30K,1,3,6440,8277
,,,,,,13/05/2013 Total,,1,3,6440,8277
,,,,,,14/07/2013,$10K - $30K,1,6,9443,9964
,,,,,,14/07/2013 Total,,1,6,9443,9964
,,,,,,01/09/2013,$30K - $50K,1,3,9610,11274
,,,,,,01/09/2013 Total,,1,3,9610,11274
,,,,,Mexico Total,,,3,12,25493,29515
,,,,Yucatan Total,,,,3,12,25493,29515
,,,Merida Total,,,,,3,12,25493,29515
,,,Mexico City,DF,Mexico,13/08/2013,$50K - $70K,1,3,8486,10788
,,,,,,13/08/2013 Total,,1,3,8486,10788
,,,,,,21/10/2013,$130K - $150K,1,3,9854,12651
,,,,,,21/10/2013 Total,,1,3,9854,12651
,,,,,Mexico Total,,,2,6,18340,23439
,,,,DF Total,,,,2,6,18340,23439
,,,Mexico City Total,,,,,2,6,18340,23439
,,,Orizaba,Veracruz,Mexico,21/12/2012,$130K - $150K,1,3,7376,4526
,,,,,,21/12/2012 Total,,1,3,7376,4526
,,,,,,29/05/2013,$50K - $70K,1,3,4319,8722
,,,,,,29/05/2013 Total,,1,3,4319,8722
,,,,,,29/08/2013,$30K - $50K,1,4,3957,11194
,,,,,,29/08/2013 Total,,1,4,3957,11194
,,,,,,12/10/2013,$50K - $70K,1,2,1183,12400
,,,,,,12/10/2013 Total,,1,2,1183,12400
,,,,,Mexico Total,,,4,12,16835,36842
,,,,Veracruz Total,,,,4,12,16835,36842
,,,Orizaba Total,,,,,4,12,16835,36842
,,,Portland,OR,USA,15/10/2012,$30K - $50K,1,5,9080,3587
,,,,,,15/10/2012 Total,,1,5,9080,3587
,,,,,,06/01/2013,$70K - $90K,1,4,1241,4851
,,,,,,06/01/2013 Total,,1,4,1241,4851
,,,,,,28/07/2013,$70K - $90K,1,6,3359,10363
,,,,,,28/07/2013 Total,,1,6,3359,10363
,,,,,,02/12/2013,$10K - $30K,1,4,3319,13779
,,,,,,02/12/2013 Total,,1,4,3319,13779
,,,,,,04/12/2013,$10K - $30K,1,5,3319,13819
,,,,,,04/12/2013 Total,,1,5,3319,13819
,,,,,USA Total,,,5,24,20318,46399
,,,,OR Total,,,,5,24,20318,46399
,,,Portland Total,,,,,5,24,20318,46399
,,,Salem,OR,USA,05/01/2012,$50K - $70K,1,3,9125,59
,,,,,,05/01/2012 Total,,1,3,9125,59
,,,,,,05/03/2012,$30K - $50K,1,3,8843,713
,,,,,,05/03/2012 Total,,1,3,8843,713
,,,,,,24/05/2012,$70K - $90K,1,6,7780,1838
,,,,,,24/05/2012 Total,,1,6,7780,1838
,,,,,,06/08/2012,$10K - $30K,1,3,3463,2731
,,,,,,06/08/2012 Total,,1,3,3463,2731
,,,,,,20/08/2012,$110K - $130K,1,5,5610,2900
,,,,,,20/08/2012 Total,,1,5,5610,2900
,,,,,,20/10/2012,$90K - $110K,1,2,1153,3639
,,,,,,20/10/2012 Total,,1,2,1153,3639
,,,,,,18/12/2012,$70K - $90K,1,5,9236,4475
,,,,,,18/12/2012 Total,,1,5,9236,4475
,,,,,,01/02/2013,$10K - $30K,1,4,9863,5510
,,,,,,01/02/2013 Total,,1,4,9863,5510
,,,,,,22/02/2013,$30K - $50K,1,5,5909,6105
,,,,,,22/02/2013 Total,,1,5,5909,6105
,,,,,,27/02/2013,$130K - $150K,1,5,4779,6272
,,,,,,27/02/2013 Total,,1,5,4779,6272
,,,,,,19/03/2013,$130K - $150K,1,4,1253,6787
,,,,,,19/03/2013 Total,,1,4,1253,6787
,,,,,,16/05/2013,$70K - $90K,1,4,625,8340
,,,,,,16/05/2013 Total,,1,4,625,8340
,,,,,,30/05/2013,$130K - $150K,1,5,5869,8754
,,,,,,30/05/2013 Total,,1,5,5869,8754
,,,,,,28/06/2013,$110K - $130K,1,4,7444,9528
,,,,,,28/06/2013 Total,,1,4,7444,9528
,,,,,,11/07/2013,$30K - $50K,1,3,2147,9885
,,,,,,11/07/2013 Total,,1,3,2147,9885
,,,,,,16/11/2013,$30K - $50K,1,5,9747,13401
,,,,,,16/11/2013 Total,,1,5,9747,13401
,,,,,USA Total,,,16,66,92846,90937
,,,,OR Total,,,,16,66,92846,90937
,,,Salem Total,,,,,16,66,92846,90937
,,,San Andres,DF,Mexico,23/01/2013,$30K - $50K,1,7,732,5272
,,,,,,23/01/2013 Total,,1,7,732,5272
,,,,,,17/04/2013,$90K - $110K,1,3,9806,7550
,,,,,,17/04/2013 Total,,1,3,9806,7550
,,,,,,29/05/2013,$30K - $50K,1,4,568,8716
,,,,,,29/05/2013 Total,,1,4,568,8716
,,,,,,30/08/2013,$90K - $110K,1,3,6222,11220
,,,,,,30/08/2013 Total,,1,3,6222,11220
,,,,,,14/09/2013,$10K - $30K,1,3,8438,11617
,,,,,,14/09/2013 Total,,1,3,8438,11617
,,,,,,28/11/2013,$30K - $50K,1,5,7934,13668
,,,,,,28/11/2013 Total,,1,5,7934,13668
,,,,,,03/12/2013,$70K - $90K,1,5,3330,13800
,,,,,,03/12/2013 Total,,1,5,3330,13800
,,,,,Mexico Total,,,7,30,37030,71843
,,,,DF Total,,,,7,30,37030,71843
,,,San Andres Total,,,,,7,30,37030,71843
,,,San Diego,CA,USA,05/07/2012,$10K - $30K,1,6,9099,2343
,,,,,,05/07/2012 Total,,1,6,9099,2343
,,,,,,15/09/2012,$30K - $50K,1,4,834,3214
,,,,,,15/09/2012 Total,,1,4,834,3214
,,,,,,13/10/2012,$150K +,1,5,4370,3560
,,,,,,13/10/2012 Total,,1,5,4370,3560
,,,,,,09/11/2012,$110K - $130K,1,4,6766,3897
,,,,,,09/11/2012 Total,,1,4,6766,3897
,,,,,,27/11/2012,$10K - $30K,1,4,7664,4147
,,,,,,27/11/2012 Total,,1,4,7664,4147
,,,,,,01/02/2013,$130K - $150K,1,5,2735,5496
,,,,,,01/02/2013 Total,,1,5,2735,5496
,,,,,,29/09/2013,$30K - $50K,1,4,3041,12039
,,,,,,29/09/2013 Total,,1,4,3041,12039
,,,,,,16/10/2013,$50K - $70K,1,5,547,12511
,,,,,,16/10/2013 Total,,1,5,547,12511
,,,,,USA Total,,,8,37,35056,47207
,,,,CA Total,,,,8,37,35056,47207
,,,San Diego Total,,,,,8,37,35056,47207
,,,Seattle,WA,USA,10/03/2012,$10K - $30K,1,6,5814,781
,,,,,,10/03/2012 Total,,1,6,5814,781
,,,,,,09/06/2013,$50K - $70K,1,3,1131,9029
,,,,,,09/06/2013 Total,,1,3,1131,9029
,,,,,,31/08/2013,$70K - $90K,1,4,4454,11241
,,,,,,31/08/2013 Total,,1,4,4454,11241
,,,,,USA Total,,,3,13,11399,21051
,,,,WA Total,,,,3,13,11399,21051
,,,Seattle Total,,,,,3,13,11399,21051
,,,Spokane,WA,USA,18/03/2013,$70K - $90K,1,5,8351,6757
,,,,,,18/03/2013 Total,,1,5,8351,6757
,,,,,,30/09/2013,$30K - $50K,1,3,4397,12075
,,,,,,30/09/2013 Total,,1,3,4397,12075
,,,,,USA Total,,,2,8,12748,18832
,,,,WA Total,,,,2,8,12748,18832
,,,Spokane Total,,,,,2,8,12748,18832
,,,Tacoma,WA,USA,25/03/2012,$30K - $50K,1,5,3000,1002
,,,,,,25/03/2012 Total,,1,5,3000,1002
,,,,,,04/06/2012,$30K - $50K,1,4,4522,1989
,,,,,,04/06/2012 Total,,1,4,4522,1989
,,,,,,27/07/2013,$130K - $150K,1,4,1328,10317
,,,,,,27/07/2013 Total,,1,4,1328,10317
,,,,,USA Total,,,3,13,8850,13308
,,,,WA Total,,,,3,13,8850,13308
,,,Tacoma Total,,,,,3,13,8850,13308
,,,Vancouver,BC,Canada,18/09/2013,$30K - $50K,1,3,1262,11709
,,,,,,18/09/2013 Total,,1,3,1262,11709
,,,,,,29/09/2013,$50K - $70K,1,5,5687,12050
,,,,,,29/09/2013 Total,,1,5,5687,12050
,,,,,Canada Total,,,2,8,6949,23759
,,,,BC Total,,,,2,8,6949,23759
,,,Vancouver Total,,,,,2,8,6949,23759
,,,Walla Walla,WA,USA,09/05/2012,$130K - $150K,1,3,1696,1660
,,,,,,09/05/2012 Total,,1,3,1696,1660
,,,,,USA Total,,,1,3,1696,1660
,,,,WA Total,,,,1,3,1696,1660
,,,Walla Walla Total,,,,,1,3,1696,1660
,,,Yakima,WA,USA,01/07/2012,$50K - $70K,1,3,7190,2293
,,,,,,01/07/2012 Total,,1,3,7190,2293
,,,,,,18/11/2013,$10K - $30K,1,4,7696,13447
,,,,,,18/11/2013 Total,,1,4,7696,13447
,,,,,USA Total,,,2,7,14886,15740
,,,,WA Total,,,,2,7,14886,15740
,,,Yakima Total,,,,,2,7,14886,15740
,,S Total,,,,,,77,316,381549,585751
,M Total,,,,,,,135,568,650091,968198
Specialty Total,,,,,,,,289,1202,1430245,2099341
Starchy Foods,F,M,Acapulco,Guerrero,Mexico,11/10/2013,$10K - $30K,1,5,680,12351
,,,,,,11/10/2013 Total,,1,5,680,12351
,,,,,Mexico Total,,,1,5,680,12351
,,,,Guerrero Total,,,,1,5,680,12351
,,,Acapulco Total,,,,,1,5,680,12351
,,,Beverly Hills,CA,USA,11/02/2012,$70K - $90K,1,6,8984,427
,,,,,,11/02/2012 Total,,1,6,8984,427
,,,,,,31/10/2012,$50K - $70K,1,4,2404,3771
,,,,,,31/10/2012 Total,,1,4,2404,3771
,,,,,,06/12/2012,$10K - $30K,1,4,7584,4277
,,,,,,06/12/2012 Total,,1,4,7584,4277
,,,,,,13/03/2013,$10K - $30K,1,4,937,6640
,,,,,,13/03/2013 Total,,1,4,937,6640
,,,,,,02/11/2013,$110K - $130K,1,4,5054,12989
,,,,,,02/11/2013 Total,,1,4,5054,12989
,,,,,USA Total,,,5,22,24963,28104
,,,,CA Total,,,,5,22,24963,28104
,,,Beverly Hills Total,,,,,5,22,24963,28104
,,,Bremerton,WA,USA,17/01/2012,$50K - $70K,1,5,8731,140
,,,,,,17/01/2012 Total,,1,5,8731,140
,,,,,,24/10/2013,$30K - $50K,1,5,2756,12738
,,,,,,24/10/2013 Total,,1,5,2756,12738
,,,,,USA Total,,,2,10,11487,12878
,,,,WA Total,,,,2,10,11487,12878
,,,Bremerton Total,,,,,2,10,11487,12878
,,,Camacho,Zacatecas,Mexico,24/02/2013,$30K - $50K,1,5,4355,6182
,,,,,,24/02/2013 Total,,1,5,4355,6182
,,,,,,09/07/2013,$50K - $70K,1,6,1125,9821
,,,,,,09/07/2013 Total,,1,6,1125,9821
,,,,,,10/12/2013,$110K - $130K,1,5,2175,13897
,,,,,,10/12/2013 Total,,1,5,2175,13897
,,,,,Mexico Total,,,3,16,7655,29900
,,,,Zacatecas Total,,,,3,16,7655,29900
,,,Camacho Total,,,,,3,16,7655,29900
,,,Hidalgo,Zacatecas,Mexico,15/01/2013,$90K - $110K,1,6,4026,5089
,,,,,,15/01/2013 Total,,1,6,4026,5089
,,,,,,25/02/2013,$10K - $30K,1,3,4256,6204
,,,,,,25/02/2013 Total,,1,3,4256,6204
,,,,,,21/04/2013,$130K - $150K,1,4,7069,7653
,,,,,,21/04/2013 Total,,1,4,7069,7653
,,,,,,19/08/2013,$10K - $30K,1,4,4256,10930
,,,,,,19/08/2013 Total,,1,4,4256,10930
,,,,,,25/09/2013,$30K - $50K,1,4,1495,11928
,,,,,,25/09/2013 Total,,1,4,1495,11928
,,,,,,21/11/2013,$30K - $50K,1,6,7134,13508
,,,,,,21/11/2013 Total,,1,6,7134,13508
,,,,,Mexico Total,,,6,27,28236,55312
,,,,Zacatecas Total,,,,6,27,28236,55312
,,,Hidalgo Total,,,,,6,27,28236,55312
,,,Los Angeles,CA,USA,01/01/2013,$30K - $50K,1,2,4422,4728
,,,,,,01/01/2013 Total,,1,2,4422,4728
,,,,,,11/07/2013,$50K - $70K,1,4,3503,9888
,,,,,,11/07/2013 Total,,1,4,3503,9888
,,,,,,06/12/2013,$30K - $50K,1,6,2001,13834
,,,,,,06/12/2013 Total,,1,6,2001,13834
,,,,,USA Total,,,3,12,9926,28450
,,,,CA Total,,,,3,12,9926,28450
,,,Los Angeles Total,,,,,3,12,9926,28450
,,,Merida,Yucatan,Mexico,15/01/2013,$30K - $50K,1,4,9249,5078
,,,,,,15/01/2013 Total,,1,4,9249,5078
,,,,,,21/02/2013,$30K - $50K,1,4,10001,6098
,,,,,,21/02/2013 Total,,1,4,10001,6098
,,,,,,06/05/2013,$10K - $30K,1,2,7356,8074
,,,,,,06/05/2013 Total,,1,2,7356,8074
,,,,,,16/07/2013,$70K - $90K,1,4,6075,10045
,,,,,,16/07/2013 Total,,1,4,6075,10045
,,,,,,12/08/2013,$70K - $90K,1,5,9844,10756
,,,,,,12/08/2013 Total,,1,5,9844,10756
,,,,,,08/09/2013,$30K - $50K,1,4,10001,11437
,,,,,,08/09/2013 Total,,1,4,10001,11437
,,,,,,20/11/2013,$10K - $30K,1,4,2139,13488
,,,,,,20/11/2013 Total,,1,4,2139,13488
,,,,,Mexico Total,,,7,27,54665,64976
,,,,Yucatan Total,,,,7,27,54665,64976
,,,Merida Total,,,,,7,27,54665,64976
,,,Orizaba,Veracruz,Mexico,08/07/2013,$10K - $30K,1,3,3234,9814
,,,,,,08/07/2013 Total,,1,3,3234,9814
,,,,,,16/07/2013,$50K - $70K,1,6,1265,10021
,,,,,,16/07/2013 Total,,1,6,1265,10021
,,,,,,21/11/2013,$70K - $90K,1,5,1402,13497
,,,,,,21/11/2013 Total,,1,5,1402,13497
,,,,,Mexico Total,,,3,14,5901,33332
,,,,Veracruz Total,,,,3,14,5901,33332
,,,Orizaba Total,,,,,3,14,5901,33332
,,,Portland,OR,USA,24/02/2012,$10K - $30K,1,5,8737,577
,,,,,,24/02/2012 Total,,1,5,8737,577
,,,,,,27/12/2012,$70K - $90K,1,5,6947,4628
,,,,,,27/12/2012 Total,,1,5,6947,4628
,,,,,,11/02/2013,$70K - $90K,1,5,7852,5808
,,,,,,11/02/2013 Total,,1,5,7852,5808
,,,,,,31/08/2013,$30K - $50K,1,5,7884,11236
,,,,,,31/08/2013 Total,,1,5,7884,11236
,,,,,,25/09/2013,$30K - $50K,1,4,8850,11938
,,,,,,25/09/2013 Total,,1,4,8850,11938
,,,,,,08/11/2013,$130K - $150K,1,3,5702,13155
,,,,,,08/11/2013 Total,,1,3,5702,13155
,,,,,USA Total,,,6,27,45972,47342
,,,,OR Total,,,,6,27,45972,47342
,,,Portland Total,,,,,6,27,45972,47342
,,,Salem,OR,USA,27/01/2012,$70K - $90K,1,5,3153,239
,,,,,,27/01/2012 Total,,1,5,3153,239
,,,,,,05/04/2012,$110K - $130K,1,3,9788,1170
,,,,,,05/04/2012 Total,,1,3,9788,1170
,,,,,,24/07/2012,$30K - $50K,1,4,10145,2574
,,,,,,24/07/2012 Total,,1,4,10145,2574
,,,,,,02/08/2012,$10K - $30K,1,4,5088,2676
,,,,,,02/08/2012 Total,,1,4,5088,2676
,,,,,,02/12/2012,$70K - $90K,1,5,9668,4217
,,,,,,02/12/2012 Total,,1,5,9668,4217
,,,,,,01/10/2013,$30K - $50K,1,5,3748,12110
,,,,,,01/10/2013 Total,,1,5,3748,12110
,,,,,,13/11/2013,$30K - $50K,1,2,8140,13292
,,,,,,13/11/2013 Total,,1,2,8140,13292
,,,,,USA Total,,,7,28,49730,36278
,,,,OR Total,,,,7,28,49730,36278
,,,Salem Total,,,,,7,28,49730,36278
,,,San Andres,DF,Mexico,19/02/2013,$30K - $50K,1,4,8813,6028
,,,,,,19/02/2013 Total,,1,4,8813,6028
,,,,,,20/05/2013,$30K - $50K,1,5,4796,8469
,,,,,,20/05/2013 Total,,1,5,4796,8469
,,,,,,22/08/2013,$130K - $150K,1,6,8989,11003
,,,,,,22/08/2013 Total,,1,6,8989,11003
,,,,,,24/08/2013,$10K - $30K,1,4,8867,11065
,,,,,,24/08/2013 Total,,1,4,8867,11065
,,,,,Mexico Total,,,4,19,31465,36565
,,,,DF Total,,,,4,19,31465,36565
,,,San Andres Total,,,,,4,19,31465,36565
,,,San Diego,CA,USA,11/01/2012,$110K - $130K,1,4,7493,87
,,,,,,11/01/2012 Total,,1,4,7493,87
,,,,,,06/04/2012,$30K - $50K,1,6,7266,1179
,,,,,,06/04/2012 Total,,1,6,7266,1179
,,,,,,31/03/2013,$110K - $130K,1,4,6262,7120
,,,,,,31/03/2013 Total,,1,4,6262,7120
,,,,,,20/05/2013,$110K - $130K,1,4,1755,8464
,,,,,,20/05/2013 Total,,1,4,1755,8464
,,,,,,02/11/2013,$70K - $90K,1,5,7914,12994
,,,,,,02/11/2013 Total,,1,5,7914,12994
,,,,,USA Total,,,5,23,30690,29844
,,,,CA Total,,,,5,23,30690,29844
,,,San Diego Total,,,,,5,23,30690,29844
,,,Seattle,WA,USA,01/04/2012,$30K - $50K,1,3,7768,1107
,,,,,,01/04/2012 Total,,1,3,7768,1107
,,,,,,04/11/2012,$30K - $50K,1,2,968,3833
,,,,,,04/11/2012 Total,,1,2,968,3833
,,,,,,05/03/2013,$10K - $30K,1,5,3250,6442
,,,,,,05/03/2013 Total,,1,5,3250,6442
,,,,,,20/06/2013,$110K - $130K,1,3,9415,9320
,,,,,,20/06/2013 Total,,1,3,9415,9320
,,,,,,02/08/2013,$50K - $70K,1,4,9323,10473
,,,,,,02/08/2013 Total,,1,4,9323,10473
,,,,,USA Total,,,5,17,30724,31175
,,,,WA Total,,,,5,17,30724,31175
,,,Seattle Total,,,,,5,17,30724,31175
,,,Spokane,WA,USA,03/11/2012,$130K - $150K,1,3,1491,3816
,,,,,,03/11/2012 Total,,1,3,1491,3816
,,,,,,06/03/2013,$130K - $150K,1,6,1491,6449
,,,,,,06/03/2013 Total,,1,6,1491,6449
,,,,,,28/08/2013,$150K +,1,7,4727,11162
,,,,,,28/08/2013 Total,,1,7,4727,11162
,,,,,USA Total,,,3,16,7709,21427
,,,,WA Total,,,,3,16,7709,21427
,,,Spokane Total,,,,,3,16,7709,21427
,,,Tacoma,WA,USA,05/02/2012,$10K - $30K,1,6,8551,356
,,,,,,05/02/2012 Total,,1,6,8551,356
,,,,,,25/06/2012,$30K - $50K,1,2,1497,2232
,,,,,,25/06/2012 Total,,1,2,1497,2232
,,,,,,07/09/2012,$30K - $50K,1,3,1497,3117
,,,,,,07/09/2012 Total,,1,3,1497,3117
,,,,,,15/12/2012,$50K - $70K,1,5,1024,4412
,,,,,,15/12/2012 Total,,1,5,1024,4412
,,,,,,26/12/2012,$70K - $90K,1,2,6313,4605
,,,,,,26/12/2012 Total,,1,2,6313,4605
,,,,,,11/08/2013,$50K - $70K,1,5,8181,10735
,,,,,,11/08/2013 Total,,1,5,8181,10735
,,,,,USA Total,,,6,23,27063,25457
,,,,WA Total,,,,6,23,27063,25457
,,,Tacoma Total,,,,,6,23,27063,25457
,,,Vancouver,BC,Canada,12/05/2013,$70K - $90K,1,5,8621,8238
,,,,,,12/05/2013 Total,,1,5,8621,8238
,,,,,Canada Total,,,1,5,8621,8238
,,,,BC Total,,,,1,5,8621,8238
,,,Vancouver Total,,,,,1,5,8621,8238
,,,Walla Walla,WA,USA,29/07/2012,$110K - $130K,1,4,612,2633
,,,,,,29/07/2012 Total,,1,4,612,2633
,,,,,,09/09/2013,$10K - $30K,1,2,1896,11465
,,,,,,09/09/2013 Total,,1,2,1896,11465
,,,,,USA Total,,,2,6,2508,14098
,,,,WA Total,,,,2,6,2508,14098
,,,Walla Walla Total,,,,,2,6,2508,14098
,,,Yakima,WA,USA,21/05/2012,$50K - $70K,1,3,5019,1800
,,,,,,21/05/2012 Total,,1,3,5019,1800
,,,,,,03/11/2012,$70K - $90K,1,5,9169,3810
,,,,,,03/11/2012 Total,,1,5,9169,3810
,,,,,USA Total,,,2,8,14188,5610
,,,,WA Total,,,,2,8,14188,5610
,,,Yakima Total,,,,,2,8,14188,5610
,,M Total,,,,,,71,305,392183,521337
,,S,Acapulco,Guerrero,Mexico,16/03/2013,$30K - $50K,1,2,4878,6723
,,,,,,16/03/2013 Total,,1,2,4878,6723
,,,,,,06/06/2013,$30K - $50K,1,4,5578,8920
,,,,,,06/06/2013 Total,,1,4,5578,8920
,,,,,Mexico Total,,,2,6,10456,15643
,,,,Guerrero Total,,,,2,6,10456,15643
,,,Acapulco Total,,,,,2,6,10456,15643
,,,Beverly Hills,CA,USA,27/04/2012,$130K - $150K,1,3,4568,1484
,,,,,,27/04/2012 Total,,1,3,4568,1484
,,,,,,06/11/2012,$10K - $30K,1,4,6717,3868
,,,,,,06/11/2012 Total,,1,4,6717,3868
,,,,,,26/11/2012,$30K - $50K,1,4,9217,4125
,,,,,,26/11/2012 Total,,1,4,9217,4125
,,,,,,27/01/2013,$50K - $70K,1,5,751,5372
,,,,,,27/01/2013 Total,,1,5,751,5372
,,,,,,14/03/2013,$30K - $50K,1,6,405,6650
,,,,,,14/03/2013 Total,,1,6,405,6650
,,,,,,24/08/2013,$130K - $150K,1,5,4568,11047
,,,,,,24/08/2013 Total,,1,5,4568,11047
,,,,,USA Total,,,6,27,26226,32546
,,,,CA Total,,,,6,27,26226,32546
,,,Beverly Hills Total,,,,,6,27,26226,32546
,,,Bremerton,WA,USA,02/02/2012,$10K - $30K,1,4,7413,319
,,,,,,02/02/2012 Total,,1,4,7413,319
,,,,,,28/10/2012,$10K - $30K,1,4,2368,3732
,,,,,,28/10/2012 Total,,1,4,2368,3732
,,,,,,08/02/2013,$30K - $50K,1,2,99,5702
,,,,,,08/02/2013 Total,,1,2,99,5702
,,,,,,26/02/2013,$10K - $30K,1,4,355,6235
,,,,,,26/02/2013 Total,,1,4,355,6235
,,,,,,02/04/2013,$30K - $50K,1,6,181,7159
,,,,,,02/04/2013 Total,,1,6,181,7159
,,,,,,21/04/2013,$10K - $30K,1,4,878,7654
,,,,,,21/04/2013 Total,,1,4,878,7654
,,,,,,06/09/2013,$50K - $70K,1,4,8647,11389
,,,,,,06/09/2013 Total,,1,4,8647,11389
,,,,,,30/09/2013,$30K - $50K,1,4,1070,12080
,,,,,,30/09/2013 Total,,1,4,1070,12080
,,,,,USA Total,,,8,32,21011,54270
,,,,WA Total,,,,8,32,21011,54270
,,,Bremerton Total,,,,,8,32,21011,54270
,,,Camacho,Zacatecas,Mexico,14/01/2013,$50K - $70K,1,5,7328,5042
,,,,,,14/01/2013 Total,,1,5,7328,5042
,,,,,,23/04/2013,$50K - $70K,1,5,4174,7708
,,,,,,23/04/2013 Total,,1,5,4174,7708
,,,,,,05/08/2013,$50K - $70K,1,4,8405,10566
,,,,,,05/08/2013 Total,,1,4,8405,10566
,,,,,Mexico Total,,,3,14,19907,23316
,,,,Zacatecas Total,,,,3,14,19907,23316
,,,Camacho Total,,,,,3,14,19907,23316
,,,Guadalajara,Jalisco,Mexico,13/02/2013,$10K - $30K,1,1,8626,5861
,,,,,,13/02/2013 Total,,1,1,8626,5861
,,,,,Mexico Total,,,1,1,8626,5861
,,,,Jalisco Total,,,,1,1,8626,5861
,,,Guadalajara Total,,,,,1,1,8626,5861
,,,Hidalgo,Zacatecas,Mexico,16/03/2013,$50K - $70K,1,2,7633,6730
,,,,,,16/03/2013 Total,,1,2,7633,6730
,,,,,,03/06/2013,$30K - $50K,1,3,5148,8855
,,,,,,03/06/2013 Total,,1,3,5148,8855
,,,,,Mexico Total,,,2,5,12781,15585
,,,,Zacatecas Total,,,,2,5,12781,15585
,,,Hidalgo Total,,,,,2,5,12781,15585
,,,Los Angeles,CA,USA,28/06/2012,$30K - $50K,1,5,1414,2254
,,,,,,28/06/2012 Total,,1,5,1414,2254
,,,,,,01/02/2013,$30K - $50K,1,5,3233,5493
,,,,,,01/02/2013 Total,,1,5,3233,5493
,,,,,USA Total,,,2,10,4647,7747
,,,,CA Total,,,,2,10,4647,7747
,,,Los Angeles Total,,,,,2,10,4647,7747
,,,Merida,Yucatan,Mexico,01/01/2013,$30K - $50K,1,3,5512,4745
,,,,,,01/01/2013 Total,,1,3,5512,4745
,,,,,,09/04/2013,$30K - $50K,1,3,4495,7348
,,,,,,09/04/2013 Total,,1,3,4495,7348
,,,,,,14/05/2013,$10K - $30K,1,3,10008,8284
,,,,,,14/05/2013 Total,,1,3,10008,8284
,,,,,,24/09/2013,$30K - $50K,1,5,5512,11912
,,,,,,24/09/2013 Total,,1,5,5512,11912
,,,,,Mexico Total,,,4,14,25527,32289
,,,,Yucatan Total,,,,4,14,25527,32289
,,,Merida Total,,,,,4,14,25527,32289
,,,Orizaba,Veracruz,Mexico,31/01/2013,$10K - $30K,1,2,2439,5486
,,,,,,31/01/2013 Total,,1,2,2439,5486
,,,,,,15/05/2013,$50K - $70K,1,5,1614,8329
,,,,,,15/05/2013 Total,,1,5,1614,8329
,,,,,,28/05/2013,$10K - $30K,1,5,9349,8695
,,,,,,28/05/2013 Total,,1,5,9349,8695
,,,,,,16/06/2013,$90K - $110K,1,3,6812,9205
,,,,,,16/06/2013 Total,,1,3,6812,9205
,,,,,Mexico Total,,,4,15,20214,31715
,,,,Veracruz Total,,,,4,15,20214,31715
,,,Orizaba Total,,,,,4,15,20214,31715
,,,Portland,OR,USA,12/03/2012,$30K - $50K,1,5,3586,802
,,,,,,12/03/2012 Total,,1,5,3586,802
,,,,,,19/07/2012,$10K - $30K,1,5,837,2519
,,,,,,19/07/2012 Total,,1,5,837,2519
,,,,,,26/01/2013,$70K - $90K,1,3,4010,5350
,,,,,,26/01/2013 Total,,1,3,4010,5350
,,,,,USA Total,,,3,13,8433,8671
,,,,OR Total,,,,3,13,8433,8671
,,,Portland Total,,,,,3,13,8433,8671
,,,Salem,OR,USA,13/03/2012,$50K - $70K,1,5,9396,830
,,,,,,13/03/2012 Total,,1,5,9396,830
,,,,,,19/05/2012,$50K - $70K,1,3,5855,1772
,,,,,,19/05/2012 Total,,1,3,5855,1772
,,,,,,30/12/2012,$30K - $50K,1,4,7365,4681
,,,,,,30/12/2012 Total,,1,4,7365,4681
,,,,,,03/01/2013,$30K - $50K,1,5,4938,4787
,,,,,,03/01/2013 Total,,1,5,4938,4787
,,,,,,26/10/2013,$130K - $150K,1,4,2075,12781
,,,,,,26/10/2013 Total,,1,4,2075,12781
,,,,,,19/11/2013,$30K - $50K,1,2,3776,13459
,,,,,,19/11/2013 Total,,1,2,3776,13459
,,,,,USA Total,,,6,23,33405,38310
,,,,OR Total,,,,6,23,33405,38310
,,,Salem Total,,,,,6,23,33405,38310
,,,San Andres,DF,Mexico,17/07/2013,$50K - $70K,1,5,5488,10064
,,,,,,17/07/2013 Total,,1,5,5488,10064
,,,,,Mexico Total,,,1,5,5488,10064
,,,,DF Total,,,,1,5,5488,10064
,,,San Andres Total,,,,,1,5,5488,10064
,,,San Diego,CA,USA,29/04/2013,$30K - $50K,1,5,1856,7881
,,,,,,29/04/2013 Total,,1,5,1856,7881
,,,,,,21/10/2013,$30K - $50K,1,3,6501,12652
,,,,,,21/10/2013 Total,,1,3,6501,12652
,,,,,USA Total,,,2,8,8357,20533
,,,,CA Total,,,,2,8,8357,20533
,,,San Diego Total,,,,,2,8,8357,20533
,,,Seattle,WA,USA,19/01/2012,$30K - $50K,1,4,1249,159
,,,,,,19/01/2012 Total,,1,4,1249,159
,,,,,,03/05/2012,$30K - $50K,1,3,2041,1557
,,,,,,03/05/2012 Total,,1,3,2041,1557
,,,,,,17/07/2012,$50K - $70K,1,4,5614,2496
,,,,,,17/07/2012 Total,,1,4,5614,2496
,,,,,,28/05/2013,$30K - $50K,1,7,7857,8699
,,,,,,28/05/2013 Total,,1,7,7857,8699
,,,,,,08/09/2013,$10K - $30K,1,3,28,11433
,,,,,,08/09/2013 Total,,1,3,28,11433
,,,,,USA Total,,,5,21,16789,24344
,,,,WA Total,,,,5,21,16789,24344
,,,Seattle Total,,,,,5,21,16789,24344
,,,Spokane,WA,USA,18/11/2012,$10K - $30K,1,6,9928,4014
,,,,,,18/11/2012 Total,,1,6,9928,4014
,,,,,,02/05/2013,$30K - $50K,1,4,1720,7953
,,,,,,02/05/2013 Total,,1,4,1720,7953
,,,,,,25/12/2013,$10K - $30K,1,5,4094,14039
,,,,,,25/12/2013 Total,,1,5,4094,14039
,,,,,USA Total,,,3,15,15742,26006
,,,,WA Total,,,,3,15,15742,26006
,,,Spokane Total,,,,,3,15,15742,26006
,,,Tacoma,WA,USA,06/06/2012,$50K - $70K,1,3,8359,2009
,,,,,,06/06/2012 Total,,1,3,8359,2009
,,,,,,02/01/2013,$50K - $70K,1,4,602,4770
,,,,,,02/01/2013 Total,,1,4,602,4770
,,,,,USA Total,,,2,7,8961,6779
,,,,WA Total,,,,2,7,8961,6779
,,,Tacoma Total,,,,,2,7,8961,6779
,,,Vancouver,BC,Canada,04/03/2013,$10K - $30K,1,2,2557,6395
,,,,,,04/03/2013 Total,,1,2,2557,6395
,,,,,,13/03/2013,$30K - $50K,1,4,8533,6645
,,,,,,13/03/2013 Total,,1,4,8533,6645
,,,,,,17/04/2013,$110K - $130K,1,4,6230,7535
,,,,,,17/04/2013 Total,,1,4,6230,7535
,,,,,,13/07/2013,$30K - $50K,1,3,1929,9938
,,,,,,13/07/2013 Total,,1,3,1929,9938
,,,,,,05/08/2013,$10K - $30K,1,3,2300,10560
,,,,,,05/08/2013 Total,,1,3,2300,10560
,,,,,,27/10/2013,$10K - $30K,1,6,6402,12815
,,,,,,27/10/2013 Total,,1,6,6402,12815
,,,,,Canada Total,,,6,22,27951,53888
,,,,BC Total,,,,6,22,27951,53888
,,,Vancouver Total,,,,,6,22,27951,53888
,,,Walla Walla,WA,USA,28/10/2012,$70K - $90K,1,2,4643,3731
,,,,,,28/10/2012 Total,,1,2,4643,3731
,,,,,USA Total,,,1,2,4643,3731
,,,,WA Total,,,,1,2,4643,3731
,,,Walla Walla Total,,,,,1,2,4643,3731
,,,Yakima,WA,USA,03/10/2012,$30K - $50K,1,5,8746,3420
,,,,,,03/10/2012 Total,,1,5,8746,3420
,,,,,,03/03/2013,$50K - $70K,1,5,10073,6362
,,,,,,03/03/2013 Total,,1,5,10073,6362
,,,,,USA Total,,,2,10,18819,9782
,,,,WA Total,,,,2,10,18819,9782
,,,Yakima Total,,,,,2,10,18819,9782
,,S Total,,,,,,63,250,297983,421080
,F Total,,,,,,,134,555,690166,942417
,M,M,Acapulco,Guerrero,Mexico,08/06/2013,$10K - $30K,1,4,6093,8973
,,,,,,08/06/2013 Total,,1,4,6093,8973
,,,,,,25/06/2013,$70K - $90K,1,5,6944,9454
,,,,,,25/06/2013 Total,,1,5,6944,9454
,,,,,,05/10/2013,$10K - $30K,1,4,8491,12205
,,,,,,05/10/2013 Total,,1,4,8491,12205
,,,,,Mexico Total,,,3,13,21528,30632
,,,,Guerrero Total,,,,3,13,21528,30632
,,,Acapulco Total,,,,,3,13,21528,30632
,,,Bellingham,WA,USA,17/12/2012,$150K +,1,5,9684,4446
,,,,,,17/12/2012 Total,,1,5,9684,4446
,,,,,,04/04/2013,$30K - $50K,1,2,7656,7221
,,,,,,04/04/2013 Total,,1,2,7656,7221
,,,,,USA Total,,,2,7,17340,11667
,,,,WA Total,,,,2,7,17340,11667
,,,Bellingham Total,,,,,2,7,17340,11667
,,,Beverly Hills,CA,USA,11/04/2012,$110K - $130K,1,5,5532,1257
,,,,,,11/04/2012 Total,,1,5,5532,1257
,,,,,,27/08/2012,$50K - $70K,1,3,399,2996
,,,,,,27/08/2012 Total,,1,3,399,2996
,,,,,,10/03/2013,$130K - $150K,1,7,10080,6575
,,,,,,10/03/2013 Total,,1,7,10080,6575
,,,,,,24/10/2013,$30K - $50K,1,5,7757,12733
,,,,,,24/10/2013 Total,,1,5,7757,12733
,,,,,USA Total,,,4,20,23768,23561
,,,,CA Total,,,,4,20,23768,23561
,,,Beverly Hills Total,,,,,4,20,23768,23561
,,,Bremerton,WA,USA,16/03/2012,$30K - $50K,1,4,924,862
,,,,,,16/03/2012 Total,,1,4,924,862
,,,,,,06/11/2012,$70K - $90K,1,5,4075,3863
,,,,,,06/11/2012 Total,,1,5,4075,3863
,,,,,,11/05/2013,$50K - $70K,1,5,4903,8224
,,,,,,11/05/2013 Total,,1,5,4903,8224
,,,,,USA Total,,,3,14,9902,12949
,,,,WA Total,,,,3,14,9902,12949
,,,Bremerton Total,,,,,3,14,9902,12949
,,,Hidalgo,Zacatecas,Mexico,27/05/2013,$130K - $150K,1,3,7152,8664
,,,,,,27/05/2013 Total,,1,3,7152,8664
,,,,,Mexico Total,,,1,3,7152,8664
,,,,Zacatecas Total,,,,1,3,7152,8664
,,,Hidalgo Total,,,,,1,3,7152,8664
,,,Los Angeles,CA,USA,15/01/2012,$30K - $50K,1,5,9044,121
,,,,,,15/01/2012 Total,,1,5,9044,121
,,,,,,02/05/2012,$50K - $70K,1,4,8046,1545
,,,,,,02/05/2012 Total,,1,4,8046,1545
,,,,,,21/06/2012,$30K - $50K,1,7,2658,2164
,,,,,,21/06/2012 Total,,1,7,2658,2164
,,,,,,12/07/2013,$50K - $70K,1,5,6542,9909
,,,,,,12/07/2013 Total,,1,5,6542,9909
,,,,,USA Total,,,4,21,26290,13739
,,,,CA Total,,,,4,21,26290,13739
,,,Los Angeles Total,,,,,4,21,26290,13739
,,,Merida,Yucatan,Mexico,30/12/2012,$30K - $50K,1,3,2099,4696
,,,,,,30/12/2012 Total,,1,3,2099,4696
,,,,,,23/02/2013,$10K - $30K,1,3,8928,6154
,,,,,,23/02/2013 Total,,1,3,8928,6154
,,,,,,16/03/2013,$10K - $30K,1,4,6394,6717
,,,,,,16/03/2013 Total,,1,4,6394,6717
,,,,,,19/10/2013,$30K - $50K,1,4,8710,12587
,,,,,,19/10/2013 Total,,1,4,8710,12587
,,,,,Mexico Total,,,4,14,26131,30154
,,,,Yucatan Total,,,,4,14,26131,30154
,,,Merida Total,,,,,4,14,26131,30154
,,,Orizaba,Veracruz,Mexico,18/03/2013,$30K - $50K,1,3,9573,6760
,,,,,,18/03/2013 Total,,1,3,9573,6760
,,,,,,25/10/2013,$30K - $50K,1,3,8287,12764
,,,,,,25/10/2013 Total,,1,3,8287,12764
,,,,,Mexico Total,,,2,6,17860,19524
,,,,Veracruz Total,,,,2,6,17860,19524
,,,Orizaba Total,,,,,2,6,17860,19524
,,,Portland,OR,USA,22/05/2012,$50K - $70K,1,6,4116,1821
,,,,,,22/05/2012 Total,,1,6,4116,1821
,,,,,,06/10/2012,$50K - $70K,1,2,1201,3474
,,,,,,06/10/2012 Total,,1,2,1201,3474
,,,,,,21/05/2013,$30K - $50K,1,3,6181,8490
,,,,,,21/05/2013 Total,,1,3,6181,8490
,,,,,USA Total,,,3,11,11498,13785
,,,,OR Total,,,,3,11,11498,13785
,,,Portland Total,,,,,3,11,11498,13785
,,,Salem,OR,USA,30/01/2012,$30K - $50K,1,5,3599,272
,,,,,,30/01/2012 Total,,1,5,3599,272
,,,,,,02/04/2012,$110K - $130K,1,4,7319,1127
,,,,,,02/04/2012 Total,,1,4,7319,1127
,,,,,,16/06/2012,$10K - $30K,1,4,4948,2102
,,,,,,16/06/2012 Total,,1,4,4948,2102
,,,,,,27/12/2012,$30K - $50K,1,3,1773,4622
,,,,,,27/12/2012 Total,,1,3,1773,4622
,,,,,,15/05/2013,$110K - $130K,1,2,4425,8320
,,,,,,15/05/2013 Total,,1,2,4425,8320
,,,,,,16/08/2013,$50K - $70K,1,5,8367,10860
,,,,,,16/08/2013 Total,,1,5,8367,10860
,,,,,USA Total,,,6,23,30431,27303
,,,,OR Total,,,,6,23,30431,27303
,,,Salem Total,,,,,6,23,30431,27303
,,,San Andres,DF,Mexico,24/05/2013,$50K - $70K,1,7,8115,8566
,,,,,,24/05/2013 Total,,1,7,8115,8566
,,,,,,09/06/2013,$50K - $70K,1,4,6855,9019
,,,,,,09/06/2013 Total,,1,4,6855,9019
,,,,,,03/07/2013,$30K - $50K,1,3,9945,9644
,,,,,,03/07/2013 Total,,1,3,9945,9644
,,,,,Mexico Total,,,3,14,24915,27229
,,,,DF Total,,,,3,14,24915,27229
,,,San Andres Total,,,,,3,14,24915,27229
,,,San Diego,CA,USA,01/04/2013,$90K - $110K,1,5,9251,7137
,,,,,,01/04/2013 Total,,1,5,9251,7137
,,,,,,08/05/2013,$10K - $30K,1,5,8529,8150
,,,,,,08/05/2013 Total,,1,5,8529,8150
,,,,,USA Total,,,2,10,17780,15287
,,,,CA Total,,,,2,10,17780,15287
,,,San Diego Total,,,,,2,10,17780,15287
,,,Seattle,WA,USA,16/09/2012,$150K +,1,5,9567,3224
,,,,,,16/09/2012 Total,,1,5,9567,3224
,,,,,,02/11/2012,$50K - $70K,1,5,6172,3797
,,,,,,02/11/2012 Total,,1,5,6172,3797
,,,,,,23/01/2013,$90K - $110K,1,6,7117,5274
,,,,,,23/01/2013 Total,,1,6,7117,5274
,,,,,,01/02/2013,$10K - $30K,1,5,831,5515
,,,,,,01/02/2013 Total,,1,5,831,5515
,,,,,,26/05/2013,$10K - $30K,1,5,3890,8642
,,,,,,26/05/2013 Total,,1,5,3890,8642
,,,,,,09/07/2013,$130K - $150K,1,5,1172,9830
,,,,,,09/07/2013 Total,,1,5,1172,9830
,,,,,,25/09/2013,$10K - $30K,1,3,4545,11915
,,,,,,25/09/2013 Total,,1,3,4545,11915
,,,,,,28/11/2013,$50K - $70K,1,4,4215,13680
,,,,,,28/11/2013 Total,,1,4,4215,13680
,,,,,,03/12/2013,$30K - $50K,1,6,4877,13797
,,,,,,03/12/2013 Total,,1,6,4877,13797
,,,,,USA Total,,,9,44,42386,75674
,,,,WA Total,,,,9,44,42386,75674
,,,Seattle Total,,,,,9,44,42386,75674
,,,Spokane,WA,USA,03/03/2012,$110K - $130K,1,4,6712,673
,,,,,,03/03/2012 Total,,1,4,6712,673
,,,,,,11/06/2012,$50K - $70K,1,3,2553,2046
,,,,,,11/06/2012 Total,,1,3,2553,2046
,,,,,,22/12/2012,$70K - $90K,1,3,2570,4542
,,,,,,22/12/2012 Total,,1,3,2570,4542
,,,,,,28/01/2013,$10K - $30K,1,4,5432,5396
,,,,,,28/01/2013 Total,,1,4,5432,5396
,,,,,,05/02/2013,$70K - $90K,1,5,2570,5641
,,,,,,05/02/2013 Total,,1,5,2570,5641
,,,,,,08/05/2013,$70K - $90K,1,5,2570,8160
,,,,,,08/05/2013 Total,,1,5,2570,8160
,,,,,,23/06/2013,$10K - $30K,1,4,8427,9400
,,,,,,23/06/2013 Total,,1,4,8427,9400
,,,,,,17/07/2013,$50K - $70K,1,3,1567,10058
,,,,,,17/07/2013 Total,,1,3,1567,10058
,,,,,,23/09/2013,$30K - $50K,1,5,9631,11884
,,,,,,23/09/2013 Total,,1,5,9631,11884
,,,,,,16/11/2013,$130K - $150K,1,4,8452,13393
,,,,,,16/11/2013 Total,,1,4,8452,13393
,,,,,USA Total,,,10,40,50484,71193
,,,,WA Total,,,,10,40,50484,71193
,,,Spokane Total,,,,,10,40,50484,71193
,,,Tacoma,WA,USA,17/02/2012,$30K - $50K,1,3,2742,500
,,,,,,17/02/2012 Total,,1,3,2742,500
,,,,,,29/04/2012,$30K - $50K,1,6,448,1515
,,,,,,29/04/2012 Total,,1,6,448,1515
,,,,,,08/07/2012,$10K - $30K,1,5,8963,2367
,,,,,,08/07/2012 Total,,1,5,8963,2367
,,,,,,20/07/2012,$70K - $90K,1,4,614,2524
,,,,,,20/07/2012 Total,,1,4,614,2524
,,,,,,04/08/2012,$50K - $70K,1,7,7241,2701
,,,,,,04/08/2012 Total,,1,7,7241,2701
,,,,,,08/10/2012,$30K - $50K,1,6,7514,3513
,,,,,,08/10/2012 Total,,1,6,7514,3513
,,,,,,03/12/2012,$10K - $30K,1,5,5256,4231
,,,,,,03/12/2012 Total,,1,5,5256,4231
,,,,,,01/01/2013,$30K - $50K,1,6,1983,4735
,,,,,,01/01/2013 Total,,1,6,1983,4735
,,,,,,15/01/2013,$90K - $110K,1,3,6168,5073
,,,,,,15/01/2013 Total,,1,3,6168,5073
,,,,,,21/01/2013,$90K - $110K,1,3,6681,5219
,,,,,,21/01/2013 Total,,1,3,6681,5219
,,,,,,01/04/2013,$10K - $30K,1,5,9937,7125
,,,,,,01/04/2013 Total,,1,5,9937,7125
,,,,,,21/08/2013,$30K - $50K,1,4,1003,10974
,,,,,,21/08/2013 Total,,1,4,1003,10974
,,,,,USA Total,,,12,57,58550,50477
,,,,WA Total,,,,12,57,58550,50477
,,,Tacoma Total,,,,,12,57,58550,50477
,,,Vancouver,BC,Canada,03/09/2013,$50K - $70K,1,6,952,11327
,,,,,,03/09/2013 Total,,1,6,952,11327
,,,,,Canada Total,,,1,6,952,11327
,,,,BC Total,,,,1,6,952,11327
,,,Vancouver Total,,,,,1,6,952,11327
,,,Victoria,BC,Canada,12/02/2013,$10K - $30K,1,4,7552,5822
,,,,,,12/02/2013 Total,,1,4,7552,5822
,,,,,Canada Total,,,1,4,7552,5822
,,,,BC Total,,,,1,4,7552,5822
,,,Victoria Total,,,,,1,4,7552,5822
,,,Yakima,WA,USA,29/08/2013,$110K - $130K,1,4,3725,11191
,,,,,,29/08/2013 Total,,1,4,3725,11191
,,,,,,04/11/2013,$70K - $90K,1,4,2077,13048
,,,,,,04/11/2013 Total,,1,4,2077,13048
,,,,,USA Total,,,2,8,5802,24239
,,,,WA Total,,,,2,8,5802,24239
,,,Yakima Total,,,,,2,8,5802,24239
,,M Total,,,,,,72,315,400321,473226
,,S,Acapulco,Guerrero,Mexico,25/02/2013,$30K - $50K,1,6,2814,6209
,,,,,,25/02/2013 Total,,1,6,2814,6209
,,,,,,15/04/2013,$10K - $30K,1,5,3823,7488
,,,,,,15/04/2013 Total,,1,5,3823,7488
,,,,,Mexico Total,,,2,11,6637,13697
,,,,Guerrero Total,,,,2,11,6637,13697
,,,Acapulco Total,,,,,2,11,6637,13697
,,,Beverly Hills,CA,USA,01/04/2012,$30K - $50K,1,5,868,1114
,,,,,,01/04/2012 Total,,1,5,868,1114
,,,,,,02/12/2012,$50K - $70K,1,3,3157,4218
,,,,,,02/12/2012 Total,,1,3,3157,4218
,,,,,,04/12/2012,$10K - $30K,1,4,5471,4244
,,,,,,04/12/2012 Total,,1,4,5471,4244
,,,,,,18/07/2013,$30K - $50K,1,3,1391,10105
,,,,,,18/07/2013 Total,,1,3,1391,10105
,,,,,,14/10/2013,$70K - $90K,1,4,6964,12451
,,,,,,14/10/2013 Total,,1,4,6964,12451
,,,,,USA Total,,,5,19,17851,32132
,,,,CA Total,,,,5,19,17851,32132
,,,Beverly Hills Total,,,,,5,19,17851,32132
,,,Bremerton,WA,USA,06/02/2012,$30K - $50K,1,4,5944,376
,,,,,,06/02/2012 Total,,1,4,5944,376
,,,,,,27/04/2012,$10K - $30K,1,5,6832,1492
,,,,,,27/04/2012 Total,,1,5,6832,1492
,,,,,,02/08/2012,$30K - $50K,1,4,1430,2687
,,,,,,02/08/2012 Total,,1,4,1430,2687
,,,,,,14/08/2012,$110K - $130K,1,4,9324,2832
,,,,,,14/08/2012 Total,,1,4,9324,2832
,,,,,,04/12/2012,$30K - $50K,1,5,5158,4253
,,,,,,04/12/2012 Total,,1,5,5158,4253
,,,,,,04/06/2013,$70K - $90K,1,6,1124,8866
,,,,,,04/06/2013 Total,,1,6,1124,8866
,,,,,,05/11/2013,$10K - $30K,1,4,1633,13074
,,,,,,05/11/2013 Total,,1,4,1633,13074
,,,,,USA Total,,,7,32,31445,33580
,,,,WA Total,,,,7,32,31445,33580
,,,Bremerton Total,,,,,7,32,31445,33580
,,,Camacho,Zacatecas,Mexico,13/01/2013,$50K - $70K,1,6,6111,5020
,,,,,,13/01/2013 Total,,1,6,6111,5020
,,,,,,28/01/2013,$10K - $30K,1,4,4742,5401
,,,,,,28/01/2013 Total,,1,4,4742,5401
,,,,,,11/02/2013,$50K - $70K,1,5,8846,5800
,,,,,,11/02/2013 Total,,1,5,8846,5800
,,,,,,16/05/2013,$50K - $70K,1,2,7337,8338
,,,,,,16/05/2013 Total,,1,2,7337,8338
,,,,,,05/09/2013,$30K - $50K,1,3,3584,11370
,,,,,,05/09/2013 Total,,1,3,3584,11370
,,,,,,17/09/2013,$10K - $30K,1,3,2446,11703
,,,,,,17/09/2013 Total,,1,3,2446,11703
,,,,,Mexico Total,,,6,23,33066,47632
,,,,Zacatecas Total,,,,6,23,33066,47632
,,,Camacho Total,,,,,6,23,33066,47632
,,,Guadalajara,Jalisco,Mexico,14/04/2013,$30K - $50K,1,4,9178,7464
,,,,,,14/04/2013 Total,,1,4,9178,7464
,,,,,Mexico Total,,,1,4,9178,7464
,,,,Jalisco Total,,,,1,4,9178,7464
,,,Guadalajara Total,,,,,1,4,9178,7464
,,,Hidalgo,Zacatecas,Mexico,29/08/2013,$10K - $30K,1,4,4953,11184
,,,,,,29/08/2013 Total,,1,4,4953,11184
,,,,,Mexico Total,,,1,4,4953,11184
,,,,Zacatecas Total,,,,1,4,4953,11184
,,,Hidalgo Total,,,,,1,4,4953,11184
,,,Los Angeles,CA,USA,11/05/2012,$10K - $30K,1,4,3039,1682
,,,,,,11/05/2012 Total,,1,4,3039,1682
,,,,,,10/08/2012,$150K +,1,3,2957,2780
,,,,,,10/08/2012 Total,,1,3,2957,2780
,,,,,,08/02/2013,$30K - $50K,1,5,2572,5719
,,,,,,08/02/2013 Total,,1,5,2572,5719
,,,,,,06/12/2013,$50K - $70K,1,6,6490,13833
,,,,,,06/12/2013 Total,,1,6,6490,13833
,,,,,USA Total,,,4,18,15058,24014
,,,,CA Total,,,,4,18,15058,24014
,,,Los Angeles Total,,,,,4,18,15058,24014
,,,Merida,Yucatan,Mexico,06/04/2013,$70K - $90K,1,3,4647,7266
,,,,,,06/04/2013 Total,,1,3,4647,7266
,,,,,,03/05/2013,$10K - $30K,1,4,6464,7994
,,,,,,03/05/2013 Total,,1,4,6464,7994
,,,,,,12/10/2013,$70K - $90K,1,5,3864,12386
,,,,,,12/10/2013 Total,,1,5,3864,12386
,,,,,Mexico Total,,,3,12,14975,27646
,,,,Yucatan Total,,,,3,12,14975,27646
,,,Merida Total,,,,,3,12,14975,27646
,,,Mexico City,DF,Mexico,24/08/2013,$30K - $50K,1,4,8380,11059
,,,,,,24/08/2013 Total,,1,4,8380,11059
,,,,,Mexico Total,,,1,4,8380,11059
,,,,DF Total,,,,1,4,8380,11059
,,,Mexico City Total,,,,,1,4,8380,11059
,,,Orizaba,Veracruz,Mexico,10/04/2013,$50K - $70K,1,2,4235,7384
,,,,,,10/04/2013 Total,,1,2,4235,7384
,,,,,,28/07/2013,$30K - $50K,1,4,8203,10348
,,,,,,28/07/2013 Total,,1,4,8203,10348
,,,,,Mexico Total,,,2,6,12438,17732
,,,,Veracruz Total,,,,2,6,12438,17732
,,,Orizaba Total,,,,,2,6,12438,17732
,,,Portland,OR,USA,13/02/2012,$70K - $90K,1,3,7433,449
,,,,,,13/02/2012 Total,,1,3,7433,449
,,,,,,29/02/2012,$30K - $50K,1,6,3049,640
,,,,,,29/02/2012 Total,,1,6,3049,640
,,,,,,20/05/2012,$30K - $50K,1,3,8255,1792
,,,,,,20/05/2012 Total,,1,3,8255,1792
,,,,,,07/12/2012,$10K - $30K,1,5,8968,4292
,,,,,,07/12/2012 Total,,1,5,8968,4292
,,,,,,02/04/2013,$10K - $30K,1,4,5894,7151
,,,,,,02/04/2013 Total,,1,4,5894,7151
,,,,,,04/07/2013,$10K - $30K,1,6,591,9681
,,,,,,04/07/2013 Total,,1,6,591,9681
,,,,,,28/07/2013,$10K - $30K,1,4,5500,10346
,,,,,,28/07/2013 Total,,1,4,5500,10346
,,,,,USA Total,,,7,31,39690,34351
,,,,OR Total,,,,7,31,39690,34351
,,,Portland Total,,,,,7,31,39690,34351
,,,Salem,OR,USA,21/08/2012,$10K - $30K,1,4,7457,2913
,,,,,,21/08/2012 Total,,1,4,7457,2913
,,,,,,19/10/2012,$10K - $30K,1,5,187,3631
,,,,,,19/10/2012 Total,,1,5,187,3631
,,,,,,06/02/2013,$110K - $130K,1,5,780,5673
,,,,,,06/02/2013 Total,,1,5,780,5673
,,,,,USA Total,,,3,14,8424,12217
,,,,OR Total,,,,3,14,8424,12217
,,,Salem Total,,,,,3,14,8424,12217
,,,San Andres,DF,Mexico,27/12/2013,$10K - $30K,1,2,8338,14048
,,,,,,27/12/2013 Total,,1,2,8338,14048
,,,,,Mexico Total,,,1,2,8338,14048
,,,,DF Total,,,,1,2,8338,14048
,,,San Andres Total,,,,,1,2,8338,14048
,,,San Diego,CA,USA,31/08/2013,$90K - $110K,1,3,6167,11228
,,,,,,31/08/2013 Total,,1,3,6167,11228
,,,,,USA Total,,,1,3,6167,11228
,,,,CA Total,,,,1,3,6167,11228
,,,San Diego Total,,,,,1,3,6167,11228
,,,Seattle,WA,USA,13/09/2012,$50K - $70K,1,4,9030,3188
,,,,,,13/09/2012 Total,,1,4,9030,3188
,,,,,,10/01/2013,$10K - $30K,1,2,1473,4947
,,,,,,10/01/2013 Total,,1,2,1473,4947
,,,,,,27/04/2013,$130K - $150K,1,4,1864,7841
,,,,,,27/04/2013 Total,,1,4,1864,7841
,,,,,,09/09/2013,$50K - $70K,1,5,9345,11463
,,,,,,09/09/2013 Total,,1,5,9345,11463
,,,,,USA Total,,,4,15,21712,27439
,,,,WA Total,,,,4,15,21712,27439
,,,Seattle Total,,,,,4,15,21712,27439
,,,Spokane,WA,USA,01/05/2012,$30K - $50K,1,3,378,1534
,,,,,,01/05/2012 Total,,1,3,378,1534
,,,,,,06/07/2012,$130K - $150K,1,4,4767,2353
,,,,,,06/07/2012 Total,,1,4,4767,2353
,,,,,,20/01/2013,$10K - $30K,1,4,2769,5202
,,,,,,20/01/2013 Total,,1,4,2769,5202
,,,,,,22/04/2013,$30K - $50K,1,3,7702,7678
,,,,,,22/04/2013 Total,,1,3,7702,7678
,,,,,,14/09/2013,$50K - $70K,1,2,1415,11607
,,,,,,14/09/2013 Total,,1,2,1415,11607
,,,,,USA Total,,,5,16,17031,28374
,,,,WA Total,,,,5,16,17031,28374
,,,Spokane Total,,,,,5,16,17031,28374
,,,Tacoma,WA,USA,03/02/2012,$130K - $150K,1,5,5984,333
,,,,,,03/02/2012 Total,,1,5,5984,333
,,,,,,09/04/2012,$110K - $130K,1,5,7059,1223
,,,,,,09/04/2012 Total,,1,5,7059,1223
,,,,,,14/04/2013,$10K - $30K,1,6,9461,7465
,,,,,,14/04/2013 Total,,1,6,9461,7465
,,,,,,02/12/2013,$10K - $30K,1,4,4700,13764
,,,,,,02/12/2013 Total,,1,4,4700,13764
,,,,,USA Total,,,4,20,27204,22785
,,,,WA Total,,,,4,20,27204,22785
,,,Tacoma Total,,,,,4,20,27204,22785
,,,Vancouver,BC,Canada,07/02/2013,$30K - $50K,1,4,243,5677
,,,,,,07/02/2013 Total,,1,4,243,5677
,,,,,,23/04/2013,$30K - $50K,1,4,4561,7721
,,,,,,23/04/2013 Total,,1,4,4561,7721
,,,,,,18/05/2013,$10K - $30K,1,4,9962,8412
,,,,,,18/05/2013 Total,,1,4,9962,8412
,,,,,,25/05/2013,$10K - $30K,1,4,1936,8607
,,,,,,25/05/2013 Total,,1,4,1936,8607
,,,,,,01/06/2013,$10K - $30K,1,3,1395,8812
,,,,,,01/06/2013 Total,,1,3,1395,8812
,,,,,,31/08/2013,$150K +,1,3,8827,11231
,,,,,,31/08/2013 Total,,1,3,8827,11231
,,,,,,08/10/2013,$70K - $90K,1,4,4033,12291
,,,,,,08/10/2013 Total,,1,4,4033,12291
,,,,,Canada Total,,,7,26,30957,62751
,,,,BC Total,,,,7,26,30957,62751
,,,Vancouver Total,,,,,7,26,30957,62751
,,,Victoria,BC,Canada,17/10/2013,$110K - $130K,1,3,5571,12520
,,,,,,17/10/2013 Total,,1,3,5571,12520
,,,,,Canada Total,,,1,3,5571,12520
,,,,BC Total,,,,1,3,5571,12520
,,,Victoria Total,,,,,1,3,5571,12520
,,,Walla Walla,WA,USA,21/08/2013,$30K - $50K,1,2,5956,10972
,,,,,,21/08/2013 Total,,1,2,5956,10972
,,,,,USA Total,,,1,2,5956,10972
,,,,WA Total,,,,1,2,5956,10972
,,,Walla Walla Total,,,,,1,2,5956,10972
,,,Yakima,WA,USA,14/02/2012,$10K - $30K,1,6,4351,464
,,,,,,14/02/2012 Total,,1,6,4351,464
,,,,,,02/10/2012,$90K - $110K,1,4,8311,3405
,,,,,,02/10/2012 Total,,1,4,8311,3405
,,,,,,27/10/2012,$10K - $30K,1,8,4351,3712
,,,,,,27/10/2012 Total,,1,8,4351,3712
,,,,,,06/01/2013,$70K - $90K,1,5,921,4869
,,,,,,06/01/2013 Total,,1,5,921,4869
,,,,,,28/06/2013,$50K - $70K,1,5,4803,9521
,,,,,,28/06/2013 Total,,1,5,4803,9521
,,,,,USA Total,,,5,28,22737,21971
,,,,WA Total,,,,5,28,22737,21971
,,,Yakima Total,,,,,5,28,22737,21971
,,S Total,,,,,,71,293,347768,484796
,M Total,,,,,,,143,608,748089,958022
Starchy Foods Total,,,,,,,,277,1163,1438255,1900439
Vegetables,F,M,Acapulco,Guerrero,Mexico,28/02/2013,$10K - $30K,1,4,8231,6287
,,,,,,28/02/2013 Total,,1,4,8231,6287
,,,,,,09/03/2013,$10K - $30K,1,4,10114,6544
,,,,,,09/03/2013 Total,,1,4,10114,6544
,,,,,,24/03/2013,$70K - $90K,1,4,1002,6908
,,,,,,24/03/2013 Total,,1,4,1002,6908
,,,,,,04/04/2013,$30K - $50K,1,4,1553,7203
,,,,,,04/04/2013 Total,,1,4,1553,7203
,,,,,,07/04/2013,$30K - $50K,1,5,1553,7273
,,,,,,07/04/2013 Total,,1,5,1553,7273
,,,,,,13/05/2013,$30K - $50K,1,3,9754,8262
,,,,,,13/05/2013 Total,,1,3,9754,8262
,,,,,,28/05/2013,$50K - $70K,1,3,1277,8679
,,,,,,28/05/2013 Total,,1,3,1277,8679
,,,,,,21/06/2013,$70K - $90K,1,3,8474,9327
,,,,,,21/06/2013 Total,,1,3,8474,9327
,,,,,,19/07/2013,$30K - $50K,1,5,3032,10133
,,,,,,19/07/2013 Total,,1,5,3032,10133
,,,,,,29/07/2013,$10K - $30K,1,3,9425,10387
,,,,,,29/07/2013 Total,,1,3,9425,10387
,,,,,,11/11/2013,$70K - $90K,1,3,1002,13245
,,,,,,11/11/2013 Total,,1,3,1002,13245
,,,,,Mexico Total,,,11,41,55417,94248
,,,,Guerrero Total,,,,11,41,55417,94248
,,,Acapulco Total,,,,,11,41,55417,94248
,,,Bellingham,WA,USA,17/05/2012,$110K - $130K,1,1,1934,1747
,,,,,,17/05/2012 Total,,1,1,1934,1747
,,,,,,28/07/2012,$70K - $90K,1,2,9517,2616
,,,,,,28/07/2012 Total,,1,2,9517,2616
,,,,,,05/12/2012,$30K - $50K,1,3,2872,4267
,,,,,,05/12/2012 Total,,1,3,2872,4267
,,,,,,08/01/2013,$30K - $50K,1,1,2320,4901
,,,,,,08/01/2013 Total,,1,1,2320,4901
,,,,,,13/01/2013,$30K - $50K,1,3,2965,5022
,,,,,,13/01/2013 Total,,1,3,2965,5022
,,,,,,16/07/2013,$90K - $110K,1,1,10028,10037
,,,,,,16/07/2013 Total,,1,1,10028,10037
,,,,,USA Total,,,6,11,29636,28590
,,,,WA Total,,,,6,11,29636,28590
,,,Bellingham Total,,,,,6,11,29636,28590
,,,Beverly Hills,CA,USA,01/02/2012,$30K - $50K,1,7,1379,300
,,,,,,01/02/2012 Total,,1,7,1379,300
,,,,,,02/02/2012,$110K - $130K,1,5,4825,306
,,,,,,02/02/2012 Total,,1,5,4825,306
,,,,,,26/05/2012,$50K - $70K,1,4,9931,1867
,,,,,,26/05/2012 Total,,1,4,9931,1867
,,,,,,04/06/2012,$70K - $90K,1,3,6236,1980
,,,,,,04/06/2012 Total,,1,3,6236,1980
,,,,,,05/06/2012,$10K - $30K,1,5,7731,1994
,,,,,,05/06/2012 Total,,1,5,7731,1994
,,,,,,12/06/2012,$70K - $90K,1,5,5301,2070
,,,,,,12/06/2012 Total,,1,5,5301,2070
,,,,,,11/07/2012,$10K - $30K,1,3,7856,2407
,,,,,,11/07/2012 Total,,1,3,7856,2407
,,,,,,25/07/2012,$50K - $70K,1,4,2688,2584
,,,,,,25/07/2012 Total,,1,4,2688,2584
,,,,,,19/08/2012,$30K - $50K,1,4,5095,2883
,,,,,,19/08/2012 Total,,1,4,5095,2883
,,,,,,24/10/2012,$30K - $50K,1,4,2751,3685
,,,,,,24/10/2012 Total,,1,4,2751,3685
,,,,,,11/11/2012,$30K - $50K,1,5,4030,3912
,,,,,,11/11/2012 Total,,1,5,4030,3912
,,,,,,15/12/2012,$10K - $30K,1,4,8730,4411
,,,,,,15/12/2012 Total,,1,4,8730,4411
,,,,,,28/01/2013,$30K - $50K,1,4,7674,5390
,,,,,,28/01/2013 Total,,1,4,7674,5390
,,,,,,30/01/2013,$90K - $110K,1,4,5508,5438
,,,,,,30/01/2013 Total,,1,4,5508,5438
,,,,,,21/02/2013,$30K - $50K,1,4,9422,6093
,,,,,,21/02/2013 Total,,1,4,9422,6093
,,,,,,05/03/2013,$30K - $50K,1,4,5531,6421
,,,,,,05/03/2013 Total,,1,4,5531,6421
,,,,,,08/03/2013,$30K - $50K,1,4,6788,6502
,,,,,,08/03/2013 Total,,1,4,6788,6502
,,,,,,13/04/2013,$110K - $130K,1,2,1175,7434
,,,,,,13/04/2013 Total,,1,2,1175,7434
,,,,,,14/04/2013,$30K - $50K,1,5,2828,7467
,,,,,,14/04/2013 Total,,1,5,2828,7467
,,,,,,19/04/2013,$50K - $70K,1,2,9931,7598
,,,,,,19/04/2013 Total,,1,2,9931,7598
,,,,,,21/04/2013,$50K - $70K,1,5,5626,7661
,,,,,,21/04/2013 Total,,1,5,5626,7661
,,,,,,23/06/2013,$10K - $30K,1,6,3532,9381
,,,,,,23/06/2013 Total,,1,6,3532,9381
,,,,,,25/07/2013,$50K - $70K,1,5,2393,10274
,,,,,,25/07/2013 Total,,1,5,2393,10274
,,,,,,22/11/2013,$50K - $70K,1,6,6299,13534
,,,,,,22/11/2013 Total,,1,6,6299,13534
,,,,,,12/12/2013,$10K - $30K,1,5,3532,13920
,,,,,,12/12/2013 Total,,1,5,3532,13920
,,,,,USA Total,,,25,109,136792,135512
,,,,CA Total,,,,25,109,136792,135512
,,,Beverly Hills Total,,,,,25,109,136792,135512
,,,Bremerton,WA,USA,05/01/2012,$30K - $50K,1,5,3533,61
,,,,,,05/01/2012 Total,,1,5,3533,61
,,,,,,26/01/2012,$150K +,1,5,5358,226
,,,,,,26/01/2012 Total,,1,5,5358,226
,,,,,,28/02/2012,$150K +,1,5,5358,631
,,,,,,28/02/2012 Total,,1,5,5358,631
,,,,,,07/03/2012,$30K - $50K,1,4,1551,734
,,,,,,07/03/2012 Total,,1,4,1551,734
,,,,,,18/04/2012,$30K - $50K,1,6,2878,1364
,,,,,,18/04/2012 Total,,1,6,2878,1364
,,,,,,26/05/2012,$50K - $70K,1,4,8731,1859
,,,,,,26/05/2012 Total,,1,4,8731,1859
,,,,,,04/08/2012,$50K - $70K,1,3,4541,2703
,,,,,,04/08/2012 Total,,1,3,4541,2703
,,,,,,19/09/2012,$50K - $70K,1,3,9524,3273
,,,,,,19/09/2012 Total,,1,3,9524,3273
,,,,,,03/10/2012,$70K - $90K,1,5,7909,3424
,,,,,,03/10/2012 Total,,1,5,7909,3424
,,,,,,12/10/2012,$30K - $50K,1,4,4105,3552
,,,,,,12/10/2012 Total,,1,4,4105,3552
,,,,,,24/11/2012,$30K - $50K,1,3,4606,4095
,,,,,,24/11/2012 Total,,1,3,4606,4095
,,,,,,05/12/2012,$50K - $70K,1,3,8731,4271
,,,,,,05/12/2012 Total,,1,3,8731,4271
,,,,,,15/02/2013,$30K - $50K,1,5,7366,5921
,,,,,,15/02/2013 Total,,1,5,7366,5921
,,,,,,15/04/2013,$90K - $110K,1,3,5346,7496
,,,,,,15/04/2013 Total,,1,3,5346,7496
,,,,,,02/06/2013,$50K - $70K,1,5,4541,8816
,,,,,,02/06/2013 Total,,1,5,4541,8816
,,,,,,14/06/2013,$150K +,1,4,5358,9140
,,,,,,14/06/2013 Total,,1,4,5358,9140
,,,,,,12/09/2013,$30K - $50K,1,4,1551,11547
,,,,,,12/09/2013 Total,,1,4,1551,11547
,,,,,,24/09/2013,$150K +,1,4,3593,11913
,,,,,,24/09/2013 Total,,1,4,3593,11913
,,,,,,26/09/2013,$30K - $50K,1,4,5216,11957
,,,,,,26/09/2013 Total,,1,4,5216,11957
,,,,,,29/09/2013,$30K - $50K,1,6,5216,12043
,,,,,,29/09/2013 Total,,1,6,5216,12043
,,,,,,05/10/2013,$10K - $30K,1,5,1634,12201
,,,,,,05/10/2013 Total,,1,5,1634,12201
,,,,,,17/11/2013,$150K +,1,4,5358,13418
,,,,,,17/11/2013 Total,,1,4,5358,13418
,,,,,,22/11/2013,$70K - $90K,1,5,2690,13542
,,,,,,22/11/2013 Total,,1,5,2690,13542
,,,,,,07/12/2013,$70K - $90K,1,3,2723,13849
,,,,,,07/12/2013 Total,,1,3,2723,13849
,,,,,USA Total,,,24,102,117417,158036
,,,,WA Total,,,,24,102,117417,158036
,,,Bremerton Total,,,,,24,102,117417,158036
,,,Camacho,Zacatecas,Mexico,06/01/2013,$90K - $110K,1,3,7946,4872
,,,,,,06/01/2013 Total,,1,3,7946,4872
,,,,,,21/01/2013,$50K - $70K,1,3,1125,5243
,,,,,,21/01/2013 Total,,1,3,1125,5243
,,,,,,15/02/2013,$130K - $150K,1,5,3714,5904
,,,,,,15/02/2013 Total,,1,5,3714,5904
,,,,,,02/03/2013,$90K - $110K,1,4,7946,6342
,,,,,,02/03/2013 Total,,1,4,7946,6342
,,,,,,25/03/2013,$70K - $90K,1,5,4807,6917
,,,,,,25/03/2013 Total,,1,5,4807,6917
,,,,,,27/03/2013,$30K - $50K,1,6,4571,6993
,,,,,,27/03/2013 Total,,1,6,4571,6993
,,,,,,25/04/2013,$70K - $90K,1,5,5712,7781
,,,,,,25/04/2013 Total,,1,5,5712,7781
,,,,,,01/05/2013,$130K - $150K,1,5,3174,7948
,,,,,,,$70K - $90K,1,3,3186,7946
,,,,,,01/05/2013 Total,,2,8,6360,15894
,,,,,,12/05/2013,$10K - $30K,1,4,8564,8245
,,,,,,12/05/2013 Total,,1,4,8564,8245
,,,,,,21/06/2013,$10K - $30K,1,4,4001,9345
,,,,,,21/06/2013 Total,,1,4,4001,9345
,,,,,,06/08/2013,$70K - $90K,1,2,2551,10586
,,,,,,06/08/2013 Total,,1,2,2551,10586
,,,,,,13/08/2013,$30K - $50K,1,3,2646,10765
,,,,,,13/08/2013 Total,,1,3,2646,10765
,,,,,,03/09/2013,$70K - $90K,1,3,3186,11325
,,,,,,03/09/2013 Total,,1,3,3186,11325
,,,,,,30/09/2013,$50K - $70K,1,3,8497,12076
,,,,,,30/09/2013 Total,,1,3,8497,12076
,,,,,,03/10/2013,$130K - $150K,1,4,3174,12140
,,,,,,03/10/2013 Total,,1,4,3174,12140
,,,,,,27/10/2013,$110K - $130K,1,4,2175,12813
,,,,,,27/10/2013 Total,,1,4,2175,12813
,,,,,,14/11/2013,$70K - $90K,1,4,4807,13338
,,,,,,14/11/2013 Total,,1,4,4807,13338
,,,,,,23/11/2013,$50K - $70K,1,3,5099,13555
,,,,,,23/11/2013 Total,,1,3,5099,13555
,,,,,,29/11/2013,$30K - $50K,1,6,1038,13709
,,,,,,29/11/2013 Total,,1,6,1038,13709
,,,,,,20/12/2013,$70K - $90K,1,2,5712,13999
,,,,,,20/12/2013 Total,,1,2,5712,13999
,,,,,Mexico Total,,,21,81,93631,201842
,,,,Zacatecas Total,,,,21,81,93631,201842
,,,Camacho Total,,,,,21,81,93631,201842
,,,Guadalajara,Jalisco,Mexico,07/05/2013,$50K - $70K,1,2,5073,8125
,,,,,,07/05/2013 Total,,1,2,5073,8125
,,,,,Mexico Total,,,1,2,5073,8125
,,,,Jalisco Total,,,,1,2,5073,8125
,,,Guadalajara Total,,,,,1,2,5073,8125
,,,Hidalgo,Zacatecas,Mexico,17/01/2013,$70K - $90K,1,3,6652,5122
,,,,,,17/01/2013 Total,,1,3,6652,5122
,,,,,,22/01/2013,$10K - $30K,1,3,1259,5256
,,,,,,22/01/2013 Total,,1,3,1259,5256
,,,,,,31/01/2013,$10K - $30K,1,4,1444,5473
,,,,,,31/01/2013 Total,,1,4,1444,5473
,,,,,,08/02/2013,$110K - $130K,1,3,7063,5723
,,,,,,08/02/2013 Total,,1,3,7063,5723
,,,,,,15/02/2013,$10K - $30K,1,4,1787,5907
,,,,,,15/02/2013 Total,,1,4,1787,5907
,,,,,,01/03/2013,$30K - $50K,1,4,1495,6322
,,,,,,01/03/2013 Total,,1,4,1495,6322
,,,,,,18/03/2013,$30K - $50K,1,3,2023,6764
,,,,,,18/03/2013 Total,,1,3,2023,6764
,,,,,,26/03/2013,$70K - $90K,1,6,8355,6967
,,,,,,26/03/2013 Total,,1,6,8355,6967
,,,,,,30/03/2013,$10K - $30K,1,5,3440,7086
,,,,,,30/03/2013 Total,,1,5,3440,7086
,,,,,,10/04/2013,$150K +,1,4,564,7389
,,,,,,10/04/2013 Total,,1,4,564,7389
,,,,,,22/04/2013,$30K - $50K,1,4,4620,7682
,,,,,,22/04/2013 Total,,1,4,4620,7682
,,,,,,29/04/2013,$10K - $30K,1,6,1259,7868
,,,,,,29/04/2013 Total,,1,6,1259,7868
,,,,,,13/05/2013,$130K - $150K,1,3,7069,8280
,,,,,,13/05/2013 Total,,1,3,7069,8280
,,,,,,15/05/2013,$70K - $90K,1,3,9868,8310
,,,,,,15/05/2013 Total,,1,3,9868,8310
,,,,,,19/06/2013,$10K - $30K,1,4,1787,9287
,,,,,,19/06/2013 Total,,1,4,1787,9287
,,,,,,08/07/2013,$10K - $30K,1,4,1787,9793
,,,,,,08/07/2013 Total,,1,4,1787,9793
,,,,,,11/07/2013,$30K - $50K,1,3,7134,9896
,,,,,,,$50K - $70K,1,5,789,9876
,,,,,,11/07/2013 Total,,2,8,7923,19772
,,,,,,08/08/2013,$10K - $30K,1,2,9644,10642
,,,,,,08/08/2013 Total,,1,2,9644,10642
,,,,,,10/08/2013,$50K - $70K,1,3,3317,10690
,,,,,,10/08/2013 Total,,1,3,3317,10690
,,,,,,11/08/2013,$130K - $150K,1,3,8522,10724
,,,,,,11/08/2013 Total,,1,3,8522,10724
,,,,,,14/08/2013,$30K - $50K,1,4,5114,10813
,,,,,,14/08/2013 Total,,1,4,5114,10813
,,,,,,16/08/2013,$70K - $90K,1,4,8169,10853
,,,,,,16/08/2013 Total,,1,4,8169,10853
,,,,,,21/08/2013,$30K - $50K,1,4,1871,10978
,,,,,,21/08/2013 Total,,1,4,1871,10978
,,,,,,29/08/2013,$10K - $30K,1,5,3440,11197
,,,,,,,$30K - $50K,1,6,5114,11195
,,,,,,29/08/2013 Total,,2,11,8554,22392
,,,,,,19/09/2013,$50K - $70K,1,3,4579,11747
,,,,,,19/09/2013 Total,,1,3,4579,11747
,,,,,,22/09/2013,$70K - $90K,1,3,9868,11818
,,,,,,22/09/2013 Total,,1,3,9868,11818
,,,,,,23/09/2013,$50K - $70K,1,6,4579,11860
,,,,,,23/09/2013 Total,,1,6,4579,11860
,,,,,,25/09/2013,$30K - $50K,1,5,1495,11934
,,,,,,25/09/2013 Total,,1,5,1495,11934
,,,,,,28/09/2013,$30K - $50K,1,5,7134,12036
,,,,,,28/09/2013 Total,,1,5,7134,12036
,,,,,,08/10/2013,$90K - $110K,1,2,4026,12268
,,,,,,08/10/2013 Total,,1,2,4026,12268
,,,,,,09/10/2013,$70K - $90K,1,4,7977,12303
,,,,,,09/10/2013 Total,,1,4,7977,12303
,,,,,,12/10/2013,$10K - $30K,1,4,4256,12380
,,,,,,,$30K - $50K,1,2,1495,12379
,,,,,,12/10/2013 Total,,2,6,5751,24759
,,,,,,18/10/2013,$50K - $70K,1,2,6227,12545
,,,,,,18/10/2013 Total,,1,2,6227,12545
,,,,,,26/10/2013,$110K - $130K,1,5,3808,12777
,,,,,,26/10/2013 Total,,1,5,3808,12777
,,,,,,02/11/2013,$10K - $30K,1,6,2310,12985
,,,,,,,$150K +,1,3,564,12996
,,,,,,02/11/2013 Total,,2,9,2874,25981
,,,,,,09/11/2013,$10K - $30K,1,4,1444,13169
,,,,,,09/11/2013 Total,,1,4,1444,13169
,,,,,,11/11/2013,$110K - $130K,1,5,3808,13237
,,,,,,11/11/2013 Total,,1,5,3808,13237
,,,,,,18/11/2013,$130K - $150K,1,4,8522,13446
,,,,,,18/11/2013 Total,,1,4,8522,13446
,,,,,,13/12/2013,$10K - $30K,1,6,9644,13929
,,,,,,13/12/2013 Total,,1,6,9644,13929
,,,,,Mexico Total,,,43,171,195322,433902
,,,,Zacatecas Total,,,,43,171,195322,433902
,,,Hidalgo Total,,,,,43,171,195322,433902
,,,Los Angeles,CA,USA,23/01/2012,$70K - $90K,1,5,4016,192
,,,,,,23/01/2012 Total,,1,5,4016,192
,,,,,,05/05/2012,$30K - $50K,1,5,1079,1605
,,,,,,05/05/2012 Total,,1,5,1079,1605
,,,,,,26/08/2012,$10K - $30K,1,6,1584,2978
,,,,,,26/08/2012 Total,,1,6,1584,2978
,,,,,,14/09/2012,$10K - $30K,1,5,6528,3203
,,,,,,14/09/2012 Total,,1,5,6528,3203
,,,,,,21/10/2012,$10K - $30K,1,4,5918,3646
,,,,,,21/10/2012 Total,,1,4,5918,3646
,,,,,,26/10/2012,$50K - $70K,1,6,9386,3708
,,,,,,26/10/2012 Total,,1,6,9386,3708
,,,,,,27/11/2012,$10K - $30K,1,3,9269,4136
,,,,,,27/11/2012 Total,,1,3,9269,4136
,,,,,,06/12/2012,$30K - $50K,1,4,6788,4273
,,,,,,06/12/2012 Total,,1,4,6788,4273
,,,,,,10/12/2012,$30K - $50K,1,3,9357,4342
,,,,,,10/12/2012 Total,,1,3,9357,4342
,,,,,,02/01/2013,$10K - $30K,1,6,10104,4772
,,,,,,02/01/2013 Total,,1,6,10104,4772
,,,,,,11/01/2013,$30K - $50K,1,5,8190,4967
,,,,,,11/01/2013 Total,,1,5,8190,4967
,,,,,,11/02/2013,$10K - $30K,1,2,9658,5795
,,,,,,11/02/2013 Total,,1,2,9658,5795
,,,,,,23/02/2013,$50K - $70K,1,3,5541,6138
,,,,,,23/02/2013 Total,,1,3,5541,6138
,,,,,,06/05/2013,$10K - $30K,1,6,2530,8079
,,,,,,06/05/2013 Total,,1,6,2530,8079
,,,,,,30/06/2013,$30K - $50K,1,3,2618,9579
,,,,,,30/06/2013 Total,,1,3,2618,9579
,,,,,,09/07/2013,$90K - $110K,1,3,4114,9826
,,,,,,09/07/2013 Total,,1,3,4114,9826
,,,,,,27/08/2013,$50K - $70K,1,4,364,11141
,,,,,,27/08/2013 Total,,1,4,364,11141
,,,,,USA Total,,,17,73,97044,88380
,,,,CA Total,,,,17,73,97044,88380
,,,Los Angeles Total,,,,,17,73,97044,88380
,,,Merida,Yucatan,Mexico,20/01/2013,$130K - $150K,1,4,5559,5197
,,,,,,20/01/2013 Total,,1,4,5559,5197
,,,,,,08/03/2013,$70K - $90K,1,4,9625,6495
,,,,,,08/03/2013 Total,,1,4,9625,6495
,,,,,,10/03/2013,$30K - $50K,1,3,10001,6565
,,,,,,10/03/2013 Total,,1,3,10001,6565
,,,,,,14/04/2013,$10K - $30K,1,4,2139,7469
,,,,,,14/04/2013 Total,,1,4,2139,7469
,,,,,,29/04/2013,$70K - $90K,1,3,6075,7889
,,,,,,29/04/2013 Total,,1,3,6075,7889
,,,,,,10/05/2013,$10K - $30K,1,3,8087,8195
,,,,,,10/05/2013 Total,,1,3,8087,8195
,,,,,,26/05/2013,$50K - $70K,1,6,896,8643
,,,,,,26/05/2013 Total,,1,6,896,8643
,,,,,,12/06/2013,$70K - $90K,1,4,8592,9096
,,,,,,12/06/2013 Total,,1,4,8592,9096
,,,,,,13/06/2013,$130K - $150K,1,5,8775,9122
,,,,,,13/06/2013 Total,,1,5,8775,9122
,,,,,,20/06/2013,$30K - $50K,1,4,1119,9321
,,,,,,20/06/2013 Total,,1,4,1119,9321
,,,,,,28/06/2013,$50K - $70K,1,4,244,9509
,,,,,,28/06/2013 Total,,1,4,244,9509
,,,,,,04/07/2013,$130K - $150K,1,3,8775,9677
,,,,,,04/07/2013 Total,,1,3,8775,9677
,,,,,,14/07/2013,$110K - $130K,1,5,9790,9975
,,,,,,14/07/2013 Total,,1,5,9790,9975
,,,,,,17/07/2013,$30K - $50K,1,5,2500,10062
,,,,,,17/07/2013 Total,,1,5,2500,10062
,,,,,,21/07/2013,$30K - $50K,1,4,3753,10172
,,,,,,21/07/2013 Total,,1,4,3753,10172
,,,,,,22/07/2013,$30K - $50K,1,6,3753,10202
,,,,,,22/07/2013 Total,,1,6,3753,10202
,,,,,,07/08/2013,$70K - $90K,1,4,9844,10601
,,,,,,07/08/2013 Total,,1,4,9844,10601
,,,,,,02/10/2013,$50K - $70K,1,4,9143,12125
,,,,,,02/10/2013 Total,,1,4,9143,12125
,,,,,,04/10/2013,$30K - $50K,1,4,6603,12175
,,,,,,04/10/2013 Total,,1,4,6603,12175
,,,,,,07/10/2013,$110K - $130K,1,4,9790,12243
,,,,,,07/10/2013 Total,,1,4,9790,12243
,,,,,,08/10/2013,$10K - $30K,1,3,4761,12284
,,,,,,08/10/2013 Total,,1,3,4761,12284
,,,,,,21/10/2013,$10K - $30K,1,3,4761,12625
,,,,,,21/10/2013 Total,,1,3,4761,12625
,,,,,Mexico Total,,,22,89,134585,209642
,,,,Yucatan Total,,,,22,89,134585,209642
,,,Merida Total,,,,,22,89,134585,209642
,,,Mexico City,DF,Mexico,17/04/2013,$30K - $50K,1,5,7627,7536
,,,,,,17/04/2013 Total,,1,5,7627,7536
,,,,,,05/05/2013,$30K - $50K,1,2,5838,8037
,,,,,,05/05/2013 Total,,1,2,5838,8037
,,,,,,28/05/2013,$10K - $30K,1,5,5716,8698
,,,,,,28/05/2013 Total,,1,5,5716,8698
,,,,,,26/07/2013,$30K - $50K,1,3,4187,10301
,,,,,,26/07/2013 Total,,1,3,4187,10301
,,,,,,23/10/2013,$130K - $150K,1,4,5691,12695
,,,,,,23/10/2013 Total,,1,4,5691,12695
,,,,,Mexico Total,,,5,19,29059,47267
,,,,DF Total,,,,5,19,29059,47267
,,,Mexico City Total,,,,,5,19,29059,47267
,,,Orizaba,Veracruz,Mexico,13/02/2013,$130K - $150K,1,6,4250,5844
,,,,,,13/02/2013 Total,,1,6,4250,5844
,,,,,,14/02/2013,$130K - $150K,1,2,4250,5895
,,,,,,14/02/2013 Total,,1,2,4250,5895
,,,,,,29/04/2013,$130K - $150K,1,2,7146,7872
,,,,,,29/04/2013 Total,,1,2,7146,7872
,,,,,,26/06/2013,$30K - $50K,1,6,1425,9466
,,,,,,26/06/2013 Total,,1,6,1425,9466
,,,,,,02/07/2013,$130K - $150K,1,3,7279,9626
,,,,,,02/07/2013 Total,,1,3,7279,9626
,,,,,,21/07/2013,$10K - $30K,1,3,3234,10190
,,,,,,21/07/2013 Total,,1,3,3234,10190
,,,,,,04/08/2013,$10K - $30K,1,5,3234,10526
,,,,,,04/08/2013 Total,,1,5,3234,10526
,,,,,,25/08/2013,$30K - $50K,1,3,1425,11090
,,,,,,25/08/2013 Total,,1,3,1425,11090
,,,,,Mexico Total,,,8,30,32243,70509
,,,,Veracruz Total,,,,8,30,32243,70509
,,,Orizaba Total,,,,,8,30,32243,70509
,,,Portland,OR,USA,21/02/2012,$90K - $110K,1,4,6148,544
,,,,,,21/02/2012 Total,,1,4,6148,544
,,,,,,06/03/2012,$150K +,1,3,4149,721
,,,,,,06/03/2012 Total,,1,3,4149,721
,,,,,,21/04/2012,$30K - $50K,1,7,9535,1413
,,,,,,21/04/2012 Total,,1,7,9535,1413
,,,,,,25/05/2012,$30K - $50K,1,5,3387,1847
,,,,,,25/05/2012 Total,,1,5,3387,1847
,,,,,,12/07/2012,$30K - $50K,1,4,7717,2424
,,,,,,12/07/2012 Total,,1,4,7717,2424
,,,,,,15/08/2012,$30K - $50K,1,4,4562,2838
,,,,,,15/08/2012 Total,,1,4,4562,2838
,,,,,,01/09/2012,$30K - $50K,1,2,4067,3045
,,,,,,01/09/2012 Total,,1,2,4067,3045
,,,,,,07/09/2012,$10K - $30K,1,5,4784,3115
,,,,,,07/09/2012 Total,,1,5,4784,3115
,,,,,,12/09/2012,$110K - $130K,1,6,1049,3184
,,,,,,12/09/2012 Total,,1,6,1049,3184
,,,,,,16/09/2012,$30K - $50K,1,4,9225,3226
,,,,,,16/09/2012 Total,,1,4,9225,3226
,,,,,,19/09/2012,$30K - $50K,1,3,4954,3269
,,,,,,,$70K - $90K,1,5,5912,3263
,,,,,,19/09/2012 Total,,2,8,10866,6532
,,,,,,02/10/2012,$30K - $50K,1,3,10020,3413
,,,,,,02/10/2012 Total,,1,3,10020,3413
,,,,,,13/10/2012,$30K - $50K,1,5,1669,3564
,,,,,,13/10/2012 Total,,1,5,1669,3564
,,,,,,13/11/2012,$90K - $110K,1,5,3718,3938
,,,,,,13/11/2012 Total,,1,5,3718,3938
,,,,,,22/12/2012,$70K - $90K,1,6,6947,4538
,,,,,,22/12/2012 Total,,1,6,6947,4538
,,,,,,03/02/2013,$110K - $130K,1,5,1244,5585
,,,,,,03/02/2013 Total,,1,5,1244,5585
,,,,,,14/04/2013,$10K - $30K,1,4,2686,7477
,,,,,,14/04/2013 Total,,1,4,2686,7477
,,,,,,05/05/2013,$70K - $90K,1,4,8898,8055
,,,,,,05/05/2013 Total,,1,4,8898,8055
,,,,,,29/05/2013,$30K - $50K,1,3,7717,8714
,,,,,,29/05/2013 Total,,1,3,7717,8714
,,,,,,21/07/2013,$150K +,1,3,2134,10180
,,,,,,21/07/2013 Total,,1,3,2134,10180
,,,,,,06/09/2013,$70K - $90K,1,4,7852,11384
,,,,,,06/09/2013 Total,,1,4,7852,11384
,,,,,,08/12/2013,$70K - $90K,1,3,9638,13856
,,,,,,08/12/2013 Total,,1,3,9638,13856
,,,,,USA Total,,,23,97,128012,109593
,,,,OR Total,,,,23,97,128012,109593
,,,Portland Total,,,,,23,97,128012,109593
,,,Salem,OR,USA,01/01/2012,$50K - $70K,1,5,6510,37
,,,,,,01/01/2012 Total,,1,5,6510,37
,,,,,,14/01/2012,$30K - $50K,1,4,7569,109
,,,,,,14/01/2012 Total,,1,4,7569,109
,,,,,,22/01/2012,$30K - $50K,1,4,3001,187
,,,,,,22/01/2012 Total,,1,4,3001,187
,,,,,,03/03/2012,$130K - $150K,1,4,6997,688
,,,,,,03/03/2012 Total,,1,4,6997,688
,,,,,,06/03/2012,$70K - $90K,1,3,6564,719
,,,,,,06/03/2012 Total,,1,3,6564,719
,,,,,,08/03/2012,$110K - $130K,1,2,190,753
,,,,,,08/03/2012 Total,,1,2,190,753
,,,,,,11/03/2012,$30K - $50K,1,5,4659,799
,,,,,,11/03/2012 Total,,1,5,4659,799
,,,,,,01/04/2012,$30K - $50K,1,5,6182,1110
,,,,,,01/04/2012 Total,,1,5,6182,1110
,,,,,,07/04/2012,$30K - $50K,1,5,4659,1191
,,,,,,07/04/2012 Total,,1,5,4659,1191
,,,,,,20/04/2012,$50K - $70K,1,3,169,1389
,,,,,,20/04/2012 Total,,1,3,169,1389
,,,,,,03/05/2012,$10K - $30K,1,4,3271,1563
,,,,,,03/05/2012 Total,,1,4,3271,1563
,,,,,,07/05/2012,$30K - $50K,1,2,3388,1634
,,,,,,07/05/2012 Total,,1,2,3388,1634
,,,,,,18/05/2012,$110K - $130K,1,5,7915,1763
,,,,,,18/05/2012 Total,,1,5,7915,1763
,,,,,,19/05/2012,$30K - $50K,1,5,392,1781
,,,,,,19/05/2012 Total,,1,5,392,1781
,,,,,,22/05/2012,$30K - $50K,1,2,8310,1825
,,,,,,22/05/2012 Total,,1,2,8310,1825
,,,,,,29/05/2012,$30K - $50K,1,3,8291,1900
,,,,,,29/05/2012 Total,,1,3,8291,1900
,,,,,,24/06/2012,$110K - $130K,1,2,9788,2206
,,,,,,24/06/2012 Total,,1,2,9788,2206
,,,,,,28/06/2012,$30K - $50K,1,5,8310,2253
,,,,,,28/06/2012 Total,,1,5,8310,2253
,,,,,,29/06/2012,$10K - $30K,1,3,5088,2280
,,,,,,29/06/2012 Total,,1,3,5088,2280
,,,,,,02/07/2012,$70K - $90K,1,3,6564,2302
,,,,,,02/07/2012 Total,,1,3,6564,2302
,,,,,,12/07/2012,$90K - $110K,1,4,3548,2426
,,,,,,12/07/2012 Total,,1,4,3548,2426
,,,,,,19/07/2012,$30K - $50K,1,3,5760,2520
,,,,,,19/07/2012 Total,,1,3,5760,2520
,,,,,,30/07/2012,$30K - $50K,1,5,7806,2639
,,,,,,30/07/2012 Total,,1,5,7806,2639
,,,,,,09/08/2012,$10K - $30K,1,5,5088,2774
,,,,,,09/08/2012 Total,,1,5,5088,2774
,,,,,,25/08/2012,$10K - $30K,1,5,7359,2969
,,,,,,25/08/2012 Total,,1,5,7359,2969
,,,,,,20/09/2012,$30K - $50K,1,4,8467,3283
,,,,,,20/09/2012 Total,,1,4,8467,3283
,,,,,,21/11/2012,$70K - $90K,1,6,3153,4058
,,,,,,21/11/2012 Total,,1,6,3153,4058
,,,,,,26/11/2012,$30K - $50K,1,5,6182,4127
,,,,,,26/11/2012 Total,,1,5,6182,4127
,,,,,,01/12/2012,$50K - $70K,1,4,9065,4193
,,,,,,01/12/2012 Total,,1,4,9065,4193
,,,,,,20/12/2012,$50K - $70K,1,4,9065,4501
,,,,,,20/12/2012 Total,,1,4,9065,4501
,,,,,,29/12/2012,$30K - $50K,1,6,7283,4670
,,,,,,29/12/2012 Total,,1,6,7283,4670
,,,,,,30/12/2012,$10K - $30K,1,6,2996,4692
,,,,,,30/12/2012 Total,,1,6,2996,4692
,,,,,,21/03/2013,$30K - $50K,1,4,9256,6832
,,,,,,21/03/2013 Total,,1,4,9256,6832
,,,,,,01/04/2013,$10K - $30K,1,4,3681,7143
,,,,,,01/04/2013 Total,,1,4,3681,7143
,,,,,,13/06/2013,$30K - $50K,1,4,7269,9128
,,,,,,13/06/2013 Total,,1,4,7269,9128
,,,,,,18/06/2013,$30K - $50K,1,3,7569,9271
,,,,,,18/06/2013 Total,,1,3,7569,9271
,,,,,,22/06/2013,$110K - $130K,1,2,7915,9361
,,,,,,22/06/2013 Total,,1,2,7915,9361
,,,,,,26/06/2013,$10K - $30K,1,4,1524,9475
,,,,,,26/06/2013 Total,,1,4,1524,9475
,,,,,,07/09/2013,$50K - $70K,1,5,9812,11430
,,,,,,07/09/2013 Total,,1,5,9812,11430
,,,,,,28/09/2013,$10K - $30K,1,2,8668,12029
,,,,,,28/09/2013 Total,,1,2,8668,12029
,,,,,,09/10/2013,$10K - $30K,1,4,5088,12296
,,,,,,09/10/2013 Total,,1,4,5088,12296
,,,,,,17/10/2013,$30K - $50K,1,3,5530,12513
,,,,,,17/10/2013 Total,,1,3,5530,12513
,,,,,,24/11/2013,$130K - $150K,1,4,2856,13579
,,,,,,24/11/2013 Total,,1,4,2856,13579
,,,,,USA Total,,,43,170,252757,182398
,,,,OR Total,,,,43,170,252757,182398
,,,Salem Total,,,,,43,170,252757,182398
,,,San Andres,DF,Mexico,05/02/2013,$30K - $50K,1,4,4766,5628
,,,,,,05/02/2013 Total,,1,4,4766,5628
,,,,,,24/03/2013,$110K - $130K,1,7,7155,6903
,,,,,,24/03/2013 Total,,1,7,7155,6903
,,,,,,30/04/2013,$10K - $30K,1,4,2176,7925
,,,,,,30/04/2013 Total,,1,4,2176,7925
,,,,,,29/06/2013,$10K - $30K,1,3,2191,9536
,,,,,,29/06/2013 Total,,1,3,2191,9536
,,,,,,10/07/2013,$130K - $150K,1,6,8989,9841
,,,,,,10/07/2013 Total,,1,6,8989,9841
,,,,,,14/07/2013,$30K - $50K,1,5,4224,9962
,,,,,,14/07/2013 Total,,1,5,4224,9962
,,,,,,15/07/2013,$30K - $50K,1,4,4224,9987
,,,,,,15/07/2013 Total,,1,4,4224,9987
,,,,,,21/07/2013,$10K - $30K,1,4,2191,10188
,,,,,,21/07/2013 Total,,1,4,2191,10188
,,,,,,25/08/2013,$30K - $50K,1,5,8337,11098
,,,,,,25/08/2013 Total,,1,5,8337,11098
,,,,,,03/09/2013,$70K - $90K,1,5,1448,11324
,,,,,,03/09/2013 Total,,1,5,1448,11324
,,,,,,10/09/2013,$150K +,1,3,6382,11494
,,,,,,10/09/2013 Total,,1,3,6382,11494
,,,,,,08/11/2013,$30K - $50K,1,5,4317,13143
,,,,,,08/11/2013 Total,,1,5,4317,13143
,,,,,,15/11/2013,$50K - $70K,1,6,6931,13369
,,,,,,15/11/2013 Total,,1,6,6931,13369
,,,,,,02/12/2013,$50K - $70K,1,3,3295,13770
,,,,,,02/12/2013 Total,,1,3,3295,13770
,,,,,Mexico Total,,,14,64,66626,144168
,,,,DF Total,,,,14,64,66626,144168
,,,San Andres Total,,,,,14,64,66626,144168
,,,San Diego,CA,USA,09/02/2012,$110K - $130K,1,4,7493,404
,,,,,,09/02/2012 Total,,1,4,7493,404
,,,,,,27/02/2012,$50K - $70K,1,6,8301,612
,,,,,,27/02/2012 Total,,1,6,8301,612
,,,,,,19/03/2012,$110K - $130K,1,4,2168,923
,,,,,,19/03/2012 Total,,1,4,2168,923
,,,,,,28/03/2012,$70K - $90K,1,2,7601,1044
,,,,,,28/03/2012 Total,,1,2,7601,1044
,,,,,,10/07/2012,$50K - $70K,1,5,781,2387
,,,,,,10/07/2012 Total,,1,5,781,2387
,,,,,,11/07/2012,$70K - $90K,1,4,7202,2403
,,,,,,11/07/2012 Total,,1,4,7202,2403
,,,,,,13/07/2012,$10K - $30K,1,4,3611,2435
,,,,,,13/07/2012 Total,,1,4,3611,2435
,,,,,,18/07/2012,$50K - $70K,1,6,4296,2506
,,,,,,18/07/2012 Total,,1,6,4296,2506
,,,,,,03/09/2012,$90K - $110K,1,3,8423,3069
,,,,,,03/09/2012 Total,,1,3,8423,3069
,,,,,,15/09/2012,$30K - $50K,1,3,1309,3213
,,,,,,15/09/2012 Total,,1,3,1309,3213
,,,,,,18/11/2012,$10K - $30K,1,6,4085,4010
,,,,,,18/11/2012 Total,,1,6,4085,4010
,,,,,,01/12/2012,$90K - $110K,1,4,5331,4187
,,,,,,01/12/2012 Total,,1,4,5331,4187
,,,,,,14/02/2013,$30K - $50K,2,10,6987,11782
,,,,,,14/02/2013 Total,,2,10,6987,11782
,,,,,,20/02/2013,$10K - $30K,1,4,8923,6060
,,,,,,20/02/2013 Total,,1,4,8923,6060
,,,,,,06/03/2013,$10K - $30K,1,2,8923,6451
,,,,,,06/03/2013 Total,,1,2,8923,6451
,,,,,,04/04/2013,$70K - $90K,1,4,395,7194
,,,,,,04/04/2013 Total,,1,4,395,7194
,,,,,,19/04/2013,$50K - $70K,1,3,478,7590
,,,,,,19/04/2013 Total,,1,3,478,7590
,,,,,,27/04/2013,$30K - $50K,1,3,301,7844
,,,,,,27/04/2013 Total,,1,3,301,7844
,,,,,,14/05/2013,$50K - $70K,1,3,478,8299
,,,,,,14/05/2013 Total,,1,3,478,8299
,,,,,,16/05/2013,$130K - $150K,1,4,8471,8343
,,,,,,16/05/2013 Total,,1,4,8471,8343
,,,,,,28/06/2013,$70K - $90K,1,6,6708,9516
,,,,,,28/06/2013 Total,,1,6,6708,9516
,,,,,,04/07/2013,$10K - $30K,1,4,10031,9680
,,,,,,04/07/2013 Total,,1,4,10031,9680
,,,,,,08/08/2013,$30K - $50K,1,4,8839,10624
,,,,,,08/08/2013 Total,,1,4,8839,10624
,,,,,,13/08/2013,$50K - $70K,1,2,9488,10778
,,,,,,13/08/2013 Total,,1,2,9488,10778
,,,,,,04/09/2013,$50K - $70K,1,4,7890,11347
,,,,,,04/09/2013 Total,,1,4,7890,11347
,,,,,,30/09/2013,$50K - $70K,1,2,3179,12083
,,,,,,30/09/2013 Total,,1,2,3179,12083
,,,,,,01/10/2013,$10K - $30K,1,4,4051,12112
,,,,,,01/10/2013 Total,,1,4,4051,12112
,,,,,,20/10/2013,$50K - $70K,1,3,4218,12622
,,,,,,20/10/2013 Total,,1,3,4218,12622
,,,,,,27/10/2013,$70K - $90K,1,7,5185,12821
,,,,,,27/10/2013 Total,,1,7,5185,12821
,,,,,,28/10/2013,$10K - $30K,1,3,10133,12846
,,,,,,28/10/2013 Total,,1,3,10133,12846
,,,,,,29/10/2013,$10K - $30K,1,4,197,12870
,,,,,,29/10/2013 Total,,1,4,197,12870
,,,,,,09/11/2013,$90K - $110K,1,4,4106,13184
,,,,,,09/11/2013 Total,,1,4,4106,13184
,,,,,,17/11/2013,$10K - $30K,1,5,2502,13413
,,,,,,17/11/2013 Total,,1,5,2502,13413
,,,,,,03/12/2013,$30K - $50K,1,4,1103,13784
,,,,,,03/12/2013 Total,,1,4,1103,13784
,,,,,USA Total,,,35,140,173187,258436
,,,,CA Total,,,,35,140,173187,258436
,,,San Diego Total,,,,,35,140,173187,258436
,,,San Francisco,CA,USA,02/08/2012,$50K - $70K,1,3,3563,2679
,,,,,,02/08/2012 Total,,1,3,3563,2679
,,,,,,31/08/2012,$10K - $30K,1,2,1603,3033
,,,,,,31/08/2012 Total,,1,2,1603,3033
,,,,,,05/10/2012,$30K - $50K,1,3,5628,3467
,,,,,,05/10/2012 Total,,1,3,5628,3467
,,,,,USA Total,,,3,8,10794,9179
,,,,CA Total,,,,3,8,10794,9179
,,,San Francisco Total,,,,,3,8,10794,9179
,,,Seattle,WA,USA,02/02/2012,$30K - $50K,1,5,9924,320
,,,,,,02/02/2012 Total,,1,5,9924,320
,,,,,,10/02/2012,$50K - $70K,1,3,8574,413
,,,,,,10/02/2012 Total,,1,3,8574,413
,,,,,,13/03/2012,$50K - $70K,1,5,4324,829
,,,,,,13/03/2012 Total,,1,5,4324,829
,,,,,,28/03/2012,$30K - $50K,1,6,7750,1047
,,,,,,28/03/2012 Total,,1,6,7750,1047
,,,,,,07/04/2012,$30K - $50K,1,5,7768,1193
,,,,,,07/04/2012 Total,,1,5,7768,1193
,,,,,,02/05/2012,$10K - $30K,1,5,9831,1540
,,,,,,02/05/2012 Total,,1,5,9831,1540
,,,,,,30/05/2012,$50K - $70K,1,2,7701,1914
,,,,,,30/05/2012 Total,,1,2,7701,1914
,,,,,,13/06/2012,$70K - $90K,1,6,5821,2071
,,,,,,13/06/2012 Total,,1,6,5821,2071
,,,,,,25/06/2012,$50K - $70K,1,5,9163,2230
,,,,,,25/06/2012 Total,,1,5,9163,2230
,,,,,,03/08/2012,$50K - $70K,1,3,4367,2698
,,,,,,03/08/2012 Total,,1,3,4367,2698
,,,,,,06/08/2012,$10K - $30K,1,2,7479,2735
,,,,,,06/08/2012 Total,,1,2,7479,2735
,,,,,,22/10/2012,$10K - $30K,1,5,9171,3662
,,,,,,22/10/2012 Total,,1,5,9171,3662
,,,,,,27/10/2012,$10K - $30K,1,5,7591,3717
,,,,,,27/10/2012 Total,,1,5,7591,3717
,,,,,,08/11/2012,$110K - $130K,1,3,8606,3879
,,,,,,08/11/2012 Total,,1,3,8606,3879
,,,,,,23/12/2012,$10K - $30K,1,4,9813,4556
,,,,,,23/12/2012 Total,,1,4,9813,4556
,,,,,,12/01/2013,$10K - $30K,1,5,6471,5009
,,,,,,12/01/2013 Total,,1,5,6471,5009
,,,,,,08/02/2013,$10K - $30K,1,5,2750,5718
,,,,,,08/02/2013 Total,,1,5,2750,5718
,,,,,,10/02/2013,$110K - $130K,1,4,182,5766
,,,,,,10/02/2013 Total,,1,4,182,5766
,,,,,,26/03/2013,$30K - $50K,1,4,3306,6944
,,,,,,26/03/2013 Total,,1,4,3306,6944
,,,,,,06/05/2013,$30K - $50K,1,2,8022,8069
,,,,,,06/05/2013 Total,,1,2,8022,8069
,,,,,,08/05/2013,$10K - $30K,1,4,8809,8132
,,,,,,08/05/2013 Total,,1,4,8809,8132
,,,,,,21/06/2013,$110K - $130K,1,5,6232,9333
,,,,,,21/06/2013 Total,,1,5,6232,9333
,,,,,,23/06/2013,$10K - $30K,1,6,5342,9390
,,,,,,23/06/2013 Total,,1,6,5342,9390
,,,,,,27/06/2013,$10K - $30K,1,4,8914,9496
,,,,,,27/06/2013 Total,,1,4,8914,9496
,,,,,,01/07/2013,$30K - $50K,1,3,9451,9602
,,,,,,01/07/2013 Total,,1,3,9451,9602
,,,,,,07/07/2013,$10K - $30K,1,4,7591,9769
,,,,,,07/07/2013 Total,,1,4,7591,9769
,,,,,,07/08/2013,$10K - $30K,1,4,9831,10597
,,,,,,07/08/2013 Total,,1,4,9831,10597
,,,,,,13/08/2013,$30K - $50K,1,2,5871,10769
,,,,,,13/08/2013 Total,,1,2,5871,10769
,,,,,,17/12/2013,$110K - $130K,1,3,779,13967
,,,,,,17/12/2013 Total,,1,3,779,13967
,,,,,USA Total,,,29,119,201434,155365
,,,,WA Total,,,,29,119,201434,155365
,,,Seattle Total,,,,,29,119,201434,155365
,,,Spokane,WA,USA,23/02/2012,$30K - $50K,1,6,7234,563
,,,,,,23/02/2012 Total,,1,6,7234,563
,,,,,,04/03/2012,$10K - $30K,1,5,1310,695
,,,,,,04/03/2012 Total,,1,5,1310,695
,,,,,,28/03/2012,$70K - $90K,1,5,976,1042
,,,,,,28/03/2012 Total,,1,5,976,1042
,,,,,,10/04/2012,$10K - $30K,1,6,6307,1241
,,,,,,10/04/2012 Total,,1,6,6307,1241
,,,,,,19/04/2012,$50K - $70K,1,5,9797,1381
,,,,,,19/04/2012 Total,,1,5,9797,1381
,,,,,,22/05/2012,$30K - $50K,1,5,7051,1815
,,,,,,22/05/2012 Total,,1,5,7051,1815
,,,,,,19/06/2012,$70K - $90K,1,5,2587,2139
,,,,,,19/06/2012 Total,,1,5,2587,2139
,,,,,,09/07/2012,$10K - $30K,1,4,1310,2377
,,,,,,09/07/2012 Total,,1,4,1310,2377
,,,,,,20/08/2012,$150K +,1,4,4727,2898
,,,,,,20/08/2012 Total,,1,4,4727,2898
,,,,,,18/09/2012,$50K - $70K,1,4,3021,3252
,,,,,,18/09/2012 Total,,1,4,3021,3252
,,,,,,04/10/2012,$30K - $50K,1,3,1528,3441
,,,,,,04/10/2012 Total,,1,3,1528,3441
,,,,,,18/11/2012,$30K - $50K,1,5,10173,4016
,,,,,,18/11/2012 Total,,1,5,10173,4016
,,,,,,02/12/2012,$90K - $110K,1,6,2224,4209
,,,,,,02/12/2012 Total,,1,6,2224,4209
,,,,,,03/12/2012,$90K - $110K,1,4,2224,4232
,,,,,,03/12/2012 Total,,1,4,2224,4232
,,,,,,16/12/2012,$130K - $150K,1,5,4868,4433
,,,,,,16/12/2012 Total,,1,5,4868,4433
,,,,,,19/12/2012,$30K - $50K,1,3,4391,4479
,,,,,,19/12/2012 Total,,1,3,4391,4479
,,,,,,28/01/2013,$130K - $150K,1,4,4175,5399
,,,,,,28/01/2013 Total,,1,4,4175,5399
,,,,,,23/02/2013,$70K - $90K,1,4,8511,6160
,,,,,,23/02/2013 Total,,1,4,8511,6160
,,,,,,16/03/2013,$30K - $50K,1,5,4676,6720
,,,,,,16/03/2013 Total,,1,5,4676,6720
,,,,,,31/03/2013,$70K - $90K,1,6,2378,7114
,,,,,,31/03/2013 Total,,1,6,2378,7114
,,,,,,15/04/2013,$70K - $90K,1,2,2587,7495
,,,,,,15/04/2013 Total,,1,2,2587,7495
,,,,,,29/04/2013,$90K - $110K,1,4,2224,7883
,,,,,,29/04/2013 Total,,1,4,2224,7883
,,,,,,06/05/2013,$30K - $50K,1,4,4391,8088
,,,,,,06/05/2013 Total,,1,4,4391,8088
,,,,,,06/06/2013,$30K - $50K,1,5,4676,8930
,,,,,,06/06/2013 Total,,1,5,4676,8930
,,,,,,11/06/2013,$150K +,1,5,4727,9056
,,,,,,11/06/2013 Total,,1,5,4727,9056
,,,,,,18/06/2013,$130K - $150K,1,3,4868,9264
,,,,,,18/06/2013 Total,,1,3,4868,9264
,,,,,,02/08/2013,$30K - $50K,1,4,4676,10466
,,,,,,02/08/2013 Total,,1,4,4676,10466
,,,,,,08/08/2013,$30K - $50K,1,3,2201,10650
,,,,,,08/08/2013 Total,,1,3,2201,10650
,,,,,,03/09/2013,$50K - $70K,1,5,3021,11313
,,,,,,03/09/2013 Total,,1,5,3021,11313
,,,,,,18/09/2013,$50K - $70K,1,4,8275,11717
,,,,,,18/09/2013 Total,,1,4,8275,11717
,,,,,,26/09/2013,$30K - $50K,1,6,7051,11967
,,,,,,26/09/2013 Total,,1,6,7051,11967
,,,,,,29/11/2013,$30K - $50K,1,5,4391,13707
,,,,,,29/11/2013 Total,,1,5,4391,13707
,,,,,USA Total,,,32,144,142556,188142
,,,,WA Total,,,,32,144,142556,188142
,,,Spokane Total,,,,,32,144,142556,188142
,,,Tacoma,WA,USA,17/01/2012,$70K - $90K,1,5,3334,139
,,,,,,17/01/2012 Total,,1,5,3334,139
,,,,,,08/02/2012,$90K - $110K,1,3,6001,402
,,,,,,08/02/2012 Total,,1,3,6001,402
,,,,,,09/03/2012,$30K - $50K,1,3,2787,772
,,,,,,09/03/2012 Total,,1,3,2787,772
,,,,,,10/04/2012,$30K - $50K,1,5,6690,1232
,,,,,,,$70K - $90K,1,5,3716,1236
,,,,,,10/04/2012 Total,,2,10,10406,2468
,,,,,,15/04/2012,$30K - $50K,1,6,2787,1309
,,,,,,15/04/2012 Total,,1,6,2787,1309
,,,,,,18/04/2012,$130K - $150K,1,5,7720,1358
,,,,,,18/04/2012 Total,,1,5,7720,1358
,,,,,,05/05/2012,$30K - $50K,1,4,1965,1591
,,,,,,05/05/2012 Total,,1,4,1965,1591
,,,,,,13/08/2012,$70K - $90K,1,3,4498,2827
,,,,,,13/08/2012 Total,,1,3,4498,2827
,,,,,,19/08/2012,$70K - $90K,1,4,4498,2887
,,,,,,19/08/2012 Total,,1,4,4498,2887
,,,,,,28/09/2012,$30K - $50K,1,3,1965,3360
,,,,,,28/09/2012 Total,,1,3,1965,3360
,,,,,,01/10/2012,$50K - $70K,1,2,1556,3388
,,,,,,01/10/2012 Total,,1,2,1556,3388
,,,,,,19/10/2012,$30K - $50K,1,4,2084,3624
,,,,,,19/10/2012 Total,,1,4,2084,3624
,,,,,,03/11/2012,$10K - $30K,1,4,8281,3809
,,,,,,03/11/2012 Total,,1,4,8281,3809
,,,,,,04/11/2012,$50K - $70K,1,3,1607,3834
,,,,,,04/11/2012 Total,,1,3,1607,3834
,,,,,,06/11/2012,$30K - $50K,1,6,2390,3858
,,,,,,06/11/2012 Total,,1,6,2390,3858
,,,,,,23/01/2013,$30K - $50K,1,6,1345,5282
,,,,,,23/01/2013 Total,,1,6,1345,5282
,,,,,,14/02/2013,$130K - $150K,1,4,7720,5877
,,,,,,14/02/2013 Total,,1,4,7720,5877
,,,,,,22/02/2013,$90K - $110K,1,4,6001,6109
,,,,,,22/02/2013 Total,,1,4,6001,6109
,,,,,,20/03/2013,$10K - $30K,1,3,9976,6819
,,,,,,20/03/2013 Total,,1,3,9976,6819
,,,,,,19/04/2013,$70K - $90K,1,3,6499,7594
,,,,,,19/04/2013 Total,,1,3,6499,7594
,,,,,,18/05/2013,$50K - $70K,1,4,9064,8395
,,,,,,18/05/2013 Total,,1,4,9064,8395
,,,,,,22/05/2013,$30K - $50K,1,3,1004,8522
,,,,,,22/05/2013 Total,,1,3,1004,8522
,,,,,,16/07/2013,$70K - $90K,1,3,2947,10033
,,,,,,16/07/2013 Total,,1,3,2947,10033
,,,,,,18/07/2013,$70K - $90K,1,6,8887,10083
,,,,,,18/07/2013 Total,,1,6,8887,10083
,,,,,,28/07/2013,$50K - $70K,1,3,9064,10359
,,,,,,28/07/2013 Total,,1,3,9064,10359
,,,,,,03/08/2013,$10K - $30K,1,4,8551,10518
,,,,,,03/08/2013 Total,,1,4,8551,10518
,,,,,,22/08/2013,$30K - $50K,1,3,1004,11010
,,,,,,22/08/2013 Total,,1,3,1004,11010
,,,,,,09/09/2013,$70K - $90K,1,5,6499,11468
,,,,,,09/09/2013 Total,,1,5,6499,11468
,,,,,,21/10/2013,$10K - $30K,1,7,8281,12650
,,,,,,21/10/2013 Total,,1,7,8281,12650
,,,,,,06/11/2013,$10K - $30K,2,9,6656,26192
,,,,,,06/11/2013 Total,,2,9,6656,26192
,,,,,,14/11/2013,$10K - $30K,1,5,7989,13339
,,,,,,14/11/2013 Total,,1,5,7989,13339
,,,,,USA Total,,,33,137,163366,199876
,,,,WA Total,,,,33,137,163366,199876
,,,Tacoma Total,,,,,33,137,163366,199876
,,,Vancouver,BC,Canada,25/12/2012,$10K - $30K,1,5,6618,4597
,,,,,,25/12/2012 Total,,1,5,6618,4597
,,,,,,17/03/2013,$110K - $130K,1,4,7630,6748
,,,,,,17/03/2013 Total,,1,4,7630,6748
,,,,,,16/04/2013,$30K - $50K,1,3,162,7515
,,,,,,16/04/2013 Total,,1,3,162,7515
,,,,,,09/05/2013,$50K - $70K,1,5,5108,8170
,,,,,,09/05/2013 Total,,1,5,5108,8170
,,,,,,10/05/2013,$50K - $70K,1,5,3280,8207
,,,,,,10/05/2013 Total,,1,5,3280,8207
,,,,,,11/06/2013,$70K - $90K,1,4,1877,9078
,,,,,,11/06/2013 Total,,1,4,1877,9078
,,,,,,02/07/2013,$10K - $30K,1,5,6618,9628
,,,,,,02/07/2013 Total,,1,5,6618,9628
,,,,,,04/07/2013,$10K - $30K,1,4,8400,9676
,,,,,,,$30K - $50K,1,3,3324,9670
,,,,,,04/07/2013 Total,,2,7,11724,19346
,,,,,,08/07/2013,$50K - $70K,1,6,8184,9792
,,,,,,08/07/2013 Total,,1,6,8184,9792
,,,,,,13/09/2013,$130K - $150K,1,5,5577,11576
,,,,,,13/09/2013 Total,,1,5,5577,11576
,,,,,,15/09/2013,$70K - $90K,1,4,6915,11645
,,,,,,15/09/2013 Total,,1,4,6915,11645
,,,,,,18/09/2013,$30K - $50K,1,3,6732,11707
,,,,,,18/09/2013 Total,,1,3,6732,11707
,,,,,,23/09/2013,$50K - $70K,1,6,6217,11861
,,,,,,23/09/2013 Total,,1,6,6217,11861
,,,,,,04/11/2013,$10K - $30K,1,5,10029,13043
,,,,,,04/11/2013 Total,,1,5,10029,13043
,,,,,,11/11/2013,$50K - $70K,1,5,1443,13256
,,,,,,11/11/2013 Total,,1,5,1443,13256
,,,,,,26/11/2013,$90K - $110K,1,4,8639,13628
,,,,,,26/11/2013 Total,,1,4,8639,13628
,,,,,,10/12/2013,$30K - $50K,1,6,4598,13891
,,,,,,10/12/2013 Total,,1,6,4598,13891
,,,,,,11/12/2013,$110K - $130K,1,5,6615,13910
,,,,,,11/12/2013 Total,,1,5,6615,13910
,,,,,Canada Total,,,19,87,107966,197598
,,,,BC Total,,,,19,87,107966,197598
,,,Vancouver Total,,,,,19,87,107966,197598
,,,Victoria,BC,Canada,08/04/2013,$130K - $150K,1,4,8995,7329
,,,,,,08/04/2013 Total,,1,4,8995,7329
,,,,,,18/04/2013,$10K - $30K,1,4,3689,7567
,,,,,,18/04/2013 Total,,1,4,3689,7567
,,,,,,07/09/2013,$90K - $110K,1,5,655,11405
,,,,,,07/09/2013 Total,,1,5,655,11405
,,,,,,02/10/2013,$30K - $50K,1,4,5588,12118
,,,,,,02/10/2013 Total,,1,4,5588,12118
,,,,,,11/10/2013,$70K - $90K,1,2,9413,12363
,,,,,,11/10/2013 Total,,1,2,9413,12363
,,,,,,15/11/2013,$130K - $150K,1,5,804,13351
,,,,,,15/11/2013 Total,,1,5,804,13351
,,,,,Canada Total,,,6,24,29144,64133
,,,,BC Total,,,,6,24,29144,64133
,,,Victoria Total,,,,,6,24,29144,64133
,,,Walla Walla,WA,USA,08/12/2012,$30K - $50K,1,3,10043,4315
,,,,,,08/12/2012 Total,,1,3,10043,4315
,,,,,,11/04/2013,$10K - $30K,1,5,5555,7405
,,,,,,11/04/2013 Total,,1,5,5555,7405
,,,,,,08/08/2013,$50K - $70K,1,2,7683,10645
,,,,,,08/08/2013 Total,,1,2,7683,10645
,,,,,,29/12/2013,$10K - $30K,1,3,4822,14056
,,,,,,29/12/2013 Total,,1,3,4822,14056
,,,,,USA Total,,,4,13,28103,36421
,,,,WA Total,,,,4,13,28103,36421
,,,Walla Walla Total,,,,,4,13,28103,36421
,,,Yakima,WA,USA,18/05/2012,$10K - $30K,1,3,9512,1764
,,,,,,18/05/2012 Total,,1,3,9512,1764
,,,,,,04/07/2012,$50K - $70K,1,3,10068,2328
,,,,,,04/07/2012 Total,,1,3,10068,2328
,,,,,,24/07/2012,$130K - $150K,1,4,7896,2570
,,,,,,24/07/2012 Total,,1,4,7896,2570
,,,,,,10/10/2012,$70K - $90K,1,5,5204,3534
,,,,,,10/10/2012 Total,,1,5,5204,3534
,,,,,,17/12/2012,$50K - $70K,1,3,10068,4447
,,,,,,17/12/2012 Total,,1,3,10068,4447
,,,,,,26/04/2013,$50K - $70K,1,2,400,7809
,,,,,,26/04/2013 Total,,1,2,400,7809
,,,,,,19/12/2013,$10K - $30K,1,4,2032,13986
,,,,,,19/12/2013 Total,,1,4,2032,13986
,,,,,USA Total,,,7,24,45180,36438
,,,,WA Total,,,,7,24,45180,36438
,,,Yakima Total,,,,,7,24,45180,36438
,,M Total,,,,,,431,1755,2275344,3057800
,,S,Acapulco,Guerrero,Mexico,05/02/2013,$30K - $50K,1,2,5406,5630
,,,,,,05/02/2013 Total,,1,2,5406,5630
,,,,,,27/02/2013,$30K - $50K,1,5,1805,6265
,,,,,,27/02/2013 Total,,1,5,1805,6265
,,,,,,26/03/2013,$10K - $30K,1,4,2434,6953
,,,,,,26/03/2013 Total,,1,4,2434,6953
,,,,,,10/04/2013,$70K - $90K,1,4,9953,7372
,,,,,,10/04/2013 Total,,1,4,9953,7372
,,,,,,26/04/2013,$150K +,1,2,10113,7795
,,,,,,26/04/2013 Total,,1,2,10113,7795
,,,,,,29/04/2013,$30K - $50K,1,6,8544,7891
,,,,,,29/04/2013 Total,,1,6,8544,7891
,,,,,,23/05/2013,$50K - $70K,1,3,462,8532
,,,,,,23/05/2013 Total,,1,3,462,8532
,,,,,,08/07/2013,$30K - $50K,1,4,4878,9800
,,,,,,08/07/2013 Total,,1,4,4878,9800
,,,,,,18/07/2013,$110K - $130K,1,6,6339,10103
,,,,,,18/07/2013 Total,,1,6,6339,10103
,,,,,,27/08/2013,$50K - $70K,1,2,9685,11134
,,,,,,27/08/2013 Total,,1,2,9685,11134
,,,,,,10/09/2013,$30K - $50K,1,3,5578,11510
,,,,,,10/09/2013 Total,,1,3,5578,11510
,,,,,,14/10/2013,$110K - $130K,1,3,6339,12447
,,,,,,14/10/2013 Total,,1,3,6339,12447
,,,,,,07/11/2013,$10K - $30K,1,4,2434,13139
,,,,,,07/11/2013 Total,,1,4,2434,13139
,,,,,,09/11/2013,$30K - $50K,1,6,5624,13182
,,,,,,09/11/2013 Total,,1,6,5624,13182
,,,,,Mexico Total,,,14,54,79594,131753
,,,,Guerrero Total,,,,14,54,79594,131753
,,,Acapulco Total,,,,,14,54,79594,131753
,,,Bellingham,WA,USA,06/03/2012,$30K - $50K,1,1,3211,726
,,,,,,06/03/2012 Total,,1,1,3211,726
,,,,,,04/05/2012,$30K - $50K,1,1,8908,1589
,,,,,,04/05/2012 Total,,1,1,8908,1589
,,,,,,21/12/2012,$50K - $70K,1,3,5237,4524
,,,,,,21/12/2012 Total,,1,3,5237,4524
,,,,,,23/10/2013,$10K - $30K,1,4,347,12683
,,,,,,23/10/2013 Total,,1,4,347,12683
,,,,,USA Total,,,4,9,17703,19522
,,,,WA Total,,,,4,9,17703,19522
,,,Bellingham Total,,,,,4,9,17703,19522
,,,Beverly Hills,CA,USA,31/12/2011,$70K - $90K,1,3,1953,34
,,,,,,31/12/2011 Total,,1,3,1953,34
,,,,,,27/03/2012,$130K - $150K,1,6,4568,1041
,,,,,,27/03/2012 Total,,1,6,4568,1041
,,,,,,13/05/2012,$50K - $70K,1,5,4680,1700
,,,,,,13/05/2012 Total,,1,5,4680,1700
,,,,,,14/05/2012,$50K - $70K,1,3,7619,1715
,,,,,,14/05/2012 Total,,1,3,7619,1715
,,,,,,30/06/2012,$30K - $50K,1,3,1484,2289
,,,,,,30/06/2012 Total,,1,3,1484,2289
,,,,,,26/08/2012,$50K - $70K,1,5,5393,2979
,,,,,,26/08/2012 Total,,1,5,5393,2979
,,,,,,13/09/2012,$110K - $130K,1,4,10067,3193
,,,,,,13/09/2012 Total,,1,4,10067,3193
,,,,,,26/09/2012,$30K - $50K,1,6,1085,3330
,,,,,,26/09/2012 Total,,1,6,1085,3330
,,,,,,30/10/2012,$30K - $50K,1,6,4525,3765
,,,,,,30/10/2012 Total,,1,6,4525,3765
,,,,,,31/10/2012,$30K - $50K,1,4,1133,3780
,,,,,,31/10/2012 Total,,1,4,1133,3780
,,,,,,06/11/2012,$50K - $70K,1,3,5608,3859
,,,,,,06/11/2012 Total,,1,3,5608,3859
,,,,,,18/02/2013,$10K - $30K,1,5,2206,6005
,,,,,,18/02/2013 Total,,1,5,2206,6005
,,,,,,24/03/2013,$30K - $50K,1,6,487,6911
,,,,,,24/03/2013 Total,,1,6,487,6911
,,,,,,27/03/2013,$10K - $30K,1,3,1748,6997
,,,,,,27/03/2013 Total,,1,3,1748,6997
,,,,,,08/05/2013,$70K - $90K,1,4,5848,8145
,,,,,,08/05/2013 Total,,1,4,5848,8145
,,,,,,12/05/2013,$70K - $90K,1,3,5249,8256
,,,,,,12/05/2013 Total,,1,3,5249,8256
,,,,,,13/05/2013,$30K - $50K,1,3,2709,8263
,,,,,,13/05/2013 Total,,1,3,2709,8263
,,,,,,31/05/2013,$70K - $90K,1,4,5249,8770
,,,,,,31/05/2013 Total,,1,4,5249,8770
,,,,,,19/06/2013,$90K - $110K,1,5,7832,9289
,,,,,,19/06/2013 Total,,1,5,7832,9289
,,,,,,19/09/2013,$10K - $30K,1,4,6465,11758
,,,,,,19/09/2013 Total,,1,4,6465,11758
,,,,,,21/09/2013,$10K - $30K,1,5,4819,11790
,,,,,,21/09/2013 Total,,1,5,4819,11790
,,,,,,27/09/2013,$50K - $70K,1,5,10083,12003
,,,,,,27/09/2013 Total,,1,5,10083,12003
,,,,,,29/09/2013,$150K +,1,4,7124,12066
,,,,,,29/09/2013 Total,,1,4,7124,12066
,,,,,,19/10/2013,$70K - $90K,1,4,5249,12567
,,,,,,19/10/2013 Total,,1,4,5249,12567
,,,,,,30/10/2013,$70K - $90K,1,6,8195,12898
,,,,,,30/10/2013 Total,,1,6,8195,12898
,,,,,,31/10/2013,$110K - $130K,1,4,4486,12913
,,,,,,31/10/2013 Total,,1,4,4486,12913
,,,,,,23/11/2013,$50K - $70K,1,3,9404,13565
,,,,,,23/11/2013 Total,,1,3,9404,13565
,,,,,USA Total,,,27,116,135268,189881
,,,,CA Total,,,,27,116,135268,189881
,,,Beverly Hills Total,,,,,27,116,135268,189881
,,,Bremerton,WA,USA,11/02/2012,$30K - $50K,1,3,7743,423
,,,,,,11/02/2012 Total,,1,3,7743,423
,,,,,,12/03/2012,$30K - $50K,1,3,6291,803
,,,,,,12/03/2012 Total,,1,3,6291,803
,,,,,,18/03/2012,$30K - $50K,1,4,6291,889
,,,,,,18/03/2012 Total,,1,4,6291,889
,,,,,,26/03/2012,$50K - $70K,1,5,9781,1014
,,,,,,26/03/2012 Total,,1,5,9781,1014
,,,,,,03/04/2012,$50K - $70K,1,4,4234,1150
,,,,,,03/04/2012 Total,,1,4,4234,1150
,,,,,,09/04/2012,$70K - $90K,1,5,4078,1226
,,,,,,09/04/2012 Total,,1,5,4078,1226
,,,,,,23/05/2012,$30K - $50K,1,6,4165,1833
,,,,,,23/05/2012 Total,,1,6,4165,1833
,,,,,,30/05/2012,$70K - $90K,1,5,3816,1921
,,,,,,30/05/2012 Total,,1,5,3816,1921
,,,,,,06/07/2012,$70K - $90K,1,4,3816,2351
,,,,,,06/07/2012 Total,,1,4,3816,2351
,,,,,,05/08/2012,$30K - $50K,1,4,181,2713
,,,,,,05/08/2012 Total,,1,4,181,2713
,,,,,,12/08/2012,$30K - $50K,1,5,1610,2815
,,,,,,12/08/2012 Total,,1,5,1610,2815
,,,,,,08/09/2012,$50K - $70K,1,3,6367,3128
,,,,,,08/09/2012 Total,,1,3,6367,3128
,,,,,,03/10/2012,$130K - $150K,1,4,997,3426
,,,,,,03/10/2012 Total,,1,4,997,3426
,,,,,,05/10/2012,$30K - $50K,1,4,4257,3461
,,,,,,05/10/2012 Total,,1,4,4257,3461
,,,,,,24/10/2012,$70K - $90K,1,3,4078,3683
,,,,,,24/10/2012 Total,,1,3,4078,3683
,,,,,,05/11/2012,$50K - $70K,1,5,571,3847
,,,,,,05/11/2012 Total,,1,5,571,3847
,,,,,,24/11/2012,$10K - $30K,1,4,355,4104
,,,,,,24/11/2012 Total,,1,4,355,4104
,,,,,,13/12/2012,$50K - $70K,1,2,6367,4392
,,,,,,13/12/2012 Total,,1,2,6367,4392
,,,,,,14/12/2012,$10K - $30K,1,3,2507,4394
,,,,,,14/12/2012 Total,,1,3,2507,4394
,,,,,,07/01/2013,$10K - $30K,1,5,3787,4881
,,,,,,07/01/2013 Total,,1,5,3787,4881
,,,,,,09/01/2013,$110K - $130K,1,5,5597,4928
,,,,,,09/01/2013 Total,,1,5,5597,4928
,,,,,,18/02/2013,$30K - $50K,1,4,1282,5999
,,,,,,18/02/2013 Total,,1,4,1282,5999
,,,,,,20/02/2013,$130K - $150K,1,6,10240,6071
,,,,,,20/02/2013 Total,,1,6,10240,6071
,,,,,,28/02/2013,$30K - $50K,1,4,1282,6295
,,,,,,28/02/2013 Total,,1,4,1282,6295
,,,,,,19/03/2013,$110K - $130K,1,5,5597,6794
,,,,,,19/03/2013 Total,,1,5,5597,6794
,,,,,,17/04/2013,$10K - $30K,1,3,7413,7540
,,,,,,17/04/2013 Total,,1,3,7413,7540
,,,,,,22/04/2013,$110K - $130K,1,2,3441,7683
,,,,,,22/04/2013 Total,,1,2,3441,7683
,,,,,,16/05/2013,$30K - $50K,1,3,1312,8352
,,,,,,16/05/2013 Total,,1,3,1312,8352
,,,,,,20/05/2013,$50K - $70K,1,3,8966,8471
,,,,,,20/05/2013 Total,,1,3,8966,8471
,,,,,,11/06/2013,$70K - $90K,1,4,8202,9065
,,,,,,11/06/2013 Total,,1,4,8202,9065
,,,,,,18/06/2013,$30K - $50K,1,3,1312,9259
,,,,,,18/06/2013 Total,,1,3,1312,9259
,,,,,,08/07/2013,$30K - $50K,1,3,181,9802
,,,,,,08/07/2013 Total,,1,3,181,9802
,,,,,,29/07/2013,$10K - $30K,1,4,355,10391
,,,,,,,$30K - $50K,1,3,7822,10393
,,,,,,29/07/2013 Total,,2,7,8177,20784
,,,,,,02/08/2013,$30K - $50K,1,4,1282,10492
,,,,,,02/08/2013 Total,,1,4,1282,10492
,,,,,,25/08/2013,$10K - $30K,1,4,355,11076
,,,,,,25/08/2013 Total,,1,4,355,11076
,,,,,,02/11/2013,$10K - $30K,1,4,7413,12997
,,,,,,02/11/2013 Total,,1,4,7413,12997
,,,,,,19/11/2013,$90K - $110K,1,2,753,13448
,,,,,,19/11/2013 Total,,1,2,753,13448
,,,,,USA Total,,,38,147,154097,211510
,,,,WA Total,,,,38,147,154097,211510
,,,Bremerton Total,,,,,38,147,154097,211510
,,,Camacho,Zacatecas,Mexico,29/01/2013,$30K - $50K,1,2,3909,5419
,,,,,,29/01/2013 Total,,1,2,3909,5419
,,,,,,03/02/2013,$110K - $130K,1,2,5654,5564
,,,,,,03/02/2013 Total,,1,2,5654,5564
,,,,,,08/02/2013,$30K - $50K,1,3,8973,5730
,,,,,,08/02/2013 Total,,1,3,8973,5730
,,,,,,28/02/2013,$10K - $30K,1,3,8498,6288
,,,,,,28/02/2013 Total,,1,3,8498,6288
,,,,,,12/03/2013,$10K - $30K,1,4,5294,6616
,,,,,,12/03/2013 Total,,1,4,5294,6616
,,,,,,09/04/2013,$10K - $30K,1,4,5294,7346
,,,,,,09/04/2013 Total,,1,4,5294,7346
,,,,,,20/05/2013,$10K - $30K,1,2,767,8444
,,,,,,20/05/2013 Total,,1,2,767,8444
,,,,,,22/05/2013,$30K - $50K,1,4,10048,8506
,,,,,,22/05/2013 Total,,1,4,10048,8506
,,,,,,13/08/2013,$30K - $50K,1,3,1845,10764
,,,,,,13/08/2013 Total,,1,3,1845,10764
,,,,,,04/11/2013,$50K - $70K,1,4,8405,13035
,,,,,,04/11/2013 Total,,1,4,8405,13035
,,,,,,08/11/2013,$50K - $70K,1,3,1726,13162
,,,,,,08/11/2013 Total,,1,3,1726,13162
,,,,,,23/11/2013,$50K - $70K,1,3,4174,13558
,,,,,,23/11/2013 Total,,1,3,4174,13558
,,,,,,20/12/2013,$50K - $70K,1,3,7328,13997
,,,,,,20/12/2013 Total,,1,3,7328,13997
,,,,,Mexico Total,,,13,40,71915,118429
,,,,Zacatecas Total,,,,13,40,71915,118429
,,,Camacho Total,,,,,13,40,71915,118429
,,,Guadalajara,Jalisco,Mexico,23/02/2013,$10K - $30K,1,2,8626,6173
,,,,,,23/02/2013 Total,,1,2,8626,6173
,,,,,,16/06/2013,$30K - $50K,1,3,2414,9194
,,,,,,16/06/2013 Total,,1,3,2414,9194
,,,,,,13/10/2013,$10K - $30K,1,3,9514,12414
,,,,,,13/10/2013 Total,,1,3,9514,12414
,,,,,Mexico Total,,,3,8,20554,27781
,,,,Jalisco Total,,,,3,8,20554,27781
,,,Guadalajara Total,,,,,3,8,20554,27781
,,,Hidalgo,Zacatecas,Mexico,23/01/2013,$50K - $70K,1,4,7633,5281
,,,,,,23/01/2013 Total,,1,4,7633,5281
,,,,,,27/01/2013,$10K - $30K,1,5,5348,5381
,,,,,,27/01/2013 Total,,1,5,5348,5381
,,,,,,09/02/2013,$30K - $50K,1,5,272,5754
,,,,,,,$90K - $110K,1,4,1942,5732
,,,,,,09/02/2013 Total,,2,9,2214,11486
,,,,,,11/02/2013,$30K - $50K,1,3,1284,5801
,,,,,,11/02/2013 Total,,1,3,1284,5801
,,,,,,08/03/2013,$130K - $150K,1,4,6260,6510
,,,,,,08/03/2013 Total,,1,4,6260,6510
,,,,,,10/03/2013,$30K - $50K,1,4,272,6572
,,,,,,10/03/2013 Total,,1,4,272,6572
,,,,,,12/03/2013,$10K - $30K,1,4,1853,6624
,,,,,,12/03/2013 Total,,1,4,1853,6624
,,,,,,02/04/2013,$50K - $70K,1,5,4914,7157
,,,,,,02/04/2013 Total,,1,5,4914,7157
,,,,,,10/06/2013,$90K - $110K,1,4,1942,9053
,,,,,,10/06/2013 Total,,1,4,1942,9053
,,,,,,27/06/2013,$10K - $30K,1,4,4731,9500
,,,,,,27/06/2013 Total,,1,4,4731,9500
,,,,,,10/07/2013,$30K - $50K,1,6,7782,9868
,,,,,,10/07/2013 Total,,1,6,7782,9868
,,,,,,22/07/2013,$30K - $50K,1,5,7016,10221
,,,,,,22/07/2013 Total,,1,5,7016,10221
,,,,,,01/08/2013,$70K - $90K,1,3,6934,10450
,,,,,,01/08/2013 Total,,1,3,6934,10450
,,,,,,09/08/2013,$10K - $30K,1,3,1853,10678
,,,,,,09/08/2013 Total,,1,3,1853,10678
,,,,,,12/08/2013,$30K - $50K,1,6,8697,10761
,,,,,,12/08/2013 Total,,1,6,8697,10761
,,,,,,02/09/2013,$30K - $50K,1,4,1636,11300
,,,,,,02/09/2013 Total,,1,4,1636,11300
,,,,,,23/09/2013,$130K - $150K,1,5,5740,11865
,,,,,,23/09/2013 Total,,1,5,5740,11865
,,,,,,10/10/2013,$50K - $70K,1,7,7633,12328
,,,,,,10/10/2013 Total,,1,7,7633,12328
,,,,,,23/10/2013,$70K - $90K,1,2,4049,12689
,,,,,,23/10/2013 Total,,1,2,4049,12689
,,,,,,24/10/2013,$30K - $50K,1,4,7016,12743
,,,,,,24/10/2013 Total,,1,4,7016,12743
,,,,,,01/11/2013,$130K - $150K,1,4,5740,12934
,,,,,,01/11/2013 Total,,1,4,5740,12934
,,,,,,08/11/2013,$70K - $90K,1,3,4049,13150
,,,,,,08/11/2013 Total,,1,3,4049,13150
,,,,,,27/11/2013,$70K - $90K,1,3,4325,13651
,,,,,,27/11/2013 Total,,1,3,4325,13651
,,,,,Mexico Total,,,24,101,108921,226003
,,,,Zacatecas Total,,,,24,101,108921,226003
,,,Hidalgo Total,,,,,24,101,108921,226003
,,,Los Angeles,CA,USA,18/01/2012,$10K - $30K,1,4,1748,146
,,,,,,18/01/2012 Total,,1,4,1748,146
,,,,,,14/03/2012,$30K - $50K,1,6,8125,846
,,,,,,14/03/2012 Total,,1,6,8125,846
,,,,,,20/03/2012,$30K - $50K,1,4,4357,927
,,,,,,20/03/2012 Total,,1,4,4357,927
,,,,,,21/03/2012,$50K - $70K,1,4,751,946
,,,,,,21/03/2012 Total,,1,4,751,946
,,,,,,22/03/2012,$10K - $30K,1,4,6537,961
,,,,,,22/03/2012 Total,,1,4,6537,961
,,,,,,09/04/2012,$90K - $110K,1,5,7832,1216
,,,,,,09/04/2012 Total,,1,5,7832,1216
,,,,,,25/04/2012,$30K - $50K,1,4,5387,1456
,,,,,,25/04/2012 Total,,1,4,5387,1456
,,,,,,04/05/2012,$70K - $90K,1,2,1665,1580
,,,,,,04/05/2012 Total,,1,2,1665,1580
,,,,,,27/05/2012,$10K - $30K,1,4,2848,1883
,,,,,,27/05/2012 Total,,1,4,2848,1883
,,,,,,21/06/2012,$30K - $50K,1,5,1133,2177
,,,,,,21/06/2012 Total,,1,5,1133,2177
,,,,,,13/07/2012,$50K - $70K,1,4,5674,2433
,,,,,,13/07/2012 Total,,1,4,5674,2433
,,,,,,19/07/2012,$30K - $50K,1,3,6038,2514
,,,,,,19/07/2012 Total,,1,3,6038,2514
,,,,,,28/07/2012,$90K - $110K,1,5,7832,2619
,,,,,,28/07/2012 Total,,1,5,7832,2619
,,,,,,10/08/2012,$70K - $90K,1,5,5244,2782
,,,,,,10/08/2012 Total,,1,5,5244,2782
,,,,,,23/08/2012,$50K - $70K,1,2,7343,2943
,,,,,,23/08/2012 Total,,1,2,7343,2943
,,,,,,24/08/2012,$70K - $90K,1,4,3127,2956
,,,,,,24/08/2012 Total,,1,4,3127,2956
,,,,,,25/08/2012,$130K - $150K,1,3,5214,2975
,,,,,,25/08/2012 Total,,1,3,5214,2975
,,,,,,29/08/2012,$50K - $70K,1,3,4440,3019
,,,,,,29/08/2012 Total,,1,3,4440,3019
,,,,,,13/09/2012,$30K - $50K,1,4,2709,3194
,,,,,,13/09/2012 Total,,1,4,2709,3194
,,,,,,28/09/2012,$150K +,1,4,6922,3362
,,,,,,28/09/2012 Total,,1,4,6922,3362
,,,,,,23/10/2012,$50K - $70K,1,4,9404,3670
,,,,,,23/10/2012 Total,,1,4,9404,3670
,,,,,,02/11/2012,$30K - $50K,1,3,4534,3794
,,,,,,02/11/2012 Total,,1,3,4534,3794
,,,,,,20/11/2012,$30K - $50K,1,4,9622,4041
,,,,,,20/11/2012 Total,,1,4,9622,4041
,,,,,,02/12/2012,$130K - $150K,1,4,9276,4203
,,,,,,,$30K - $50K,1,5,5553,4212
,,,,,,02/12/2012 Total,,2,9,14829,8415
,,,,,,04/12/2012,$30K - $50K,1,4,7859,4251
,,,,,,04/12/2012 Total,,1,4,7859,4251
,,,,,,26/12/2012,$30K - $50K,1,5,992,4602
,,,,,,26/12/2012 Total,,1,5,992,4602
,,,,,,17/01/2013,$30K - $50K,1,3,3455,5121
,,,,,,17/01/2013 Total,,1,3,3455,5121
,,,,,,09/02/2013,$30K - $50K,1,6,10249,5749
,,,,,,09/02/2013 Total,,1,6,10249,5749
,,,,,,05/04/2013,$70K - $90K,1,6,2817,7225
,,,,,,05/04/2013 Total,,1,6,2817,7225
,,,,,,28/04/2013,$30K - $50K,1,4,5387,7861
,,,,,,28/04/2013 Total,,1,4,5387,7861
,,,,,,27/05/2013,$30K - $50K,1,3,2385,8655
,,,,,,27/05/2013 Total,,1,3,2385,8655
,,,,,,29/06/2013,$50K - $70K,1,5,3437,9554
,,,,,,29/06/2013 Total,,1,5,3437,9554
,,,,,,14/09/2013,$10K - $30K,1,4,524,11624
,,,,,,14/09/2013 Total,,1,4,524,11624
,,,,,,06/10/2013,$150K +,1,4,3191,12220
,,,,,,06/10/2013 Total,,1,4,3191,12220
,,,,,USA Total,,,35,143,173611,137717
,,,,CA Total,,,,35,143,173611,137717
,,,Los Angeles Total,,,,,35,143,173611,137717
,,,Merida,Yucatan,Mexico,26/01/2013,$90K - $110K,1,4,1050,5348
,,,,,,26/01/2013 Total,,1,4,1050,5348
,,,,,,12/02/2013,$70K - $90K,1,5,5881,5832
,,,,,,12/02/2013 Total,,1,5,5881,5832
,,,,,,13/02/2013,$30K - $50K,1,5,4495,5847
,,,,,,,$70K - $90K,1,3,4871,5863
,,,,,,13/02/2013 Total,,2,8,9366,11710
,,,,,,15/02/2013,$30K - $50K,1,3,5512,5903
,,,,,,15/02/2013 Total,,1,3,5512,5903
,,,,,,10/03/2013,$50K - $70K,1,4,7812,6550
,,,,,,10/03/2013 Total,,1,4,7812,6550
,,,,,,31/03/2013,$70K - $90K,1,2,5102,7099
,,,,,,31/03/2013 Total,,1,2,5102,7099
,,,,,,07/04/2013,$10K - $30K,1,4,2118,7269
,,,,,,07/04/2013 Total,,1,4,2118,7269
,,,,,,20/05/2013,$50K - $70K,1,3,5129,8460
,,,,,,20/05/2013 Total,,1,3,5129,8460
,,,,,,05/07/2013,$10K - $30K,1,3,2118,9711
,,,,,,05/07/2013 Total,,1,3,2118,9711
,,,,,,19/07/2013,$30K - $50K,1,5,7221,10112
,,,,,,19/07/2013 Total,,1,5,7221,10112
,,,,,,30/08/2013,$10K - $30K,1,4,2118,11222
,,,,,,30/08/2013 Total,,1,4,2118,11222
,,,,,,01/09/2013,$30K - $50K,1,3,7221,11257
,,,,,,01/09/2013 Total,,1,3,7221,11257
,,,,,,07/09/2013,$30K - $50K,1,3,8345,11408
,,,,,,07/09/2013 Total,,1,3,8345,11408
,,,,,,18/10/2013,$50K - $70K,1,3,7812,12539
,,,,,,18/10/2013 Total,,1,3,7812,12539
,,,,,,21/10/2013,$10K - $30K,1,3,1930,12633
,,,,,,21/10/2013 Total,,1,3,1930,12633
,,,,,,04/11/2013,$30K - $50K,1,4,3571,13039
,,,,,,04/11/2013 Total,,1,4,3571,13039
,,,,,Mexico Total,,,17,61,82306,150092
,,,,Yucatan Total,,,,17,61,82306,150092
,,,Merida Total,,,,,17,61,82306,150092
,,,Mexico City,DF,Mexico,28/02/2013,$10K - $30K,1,6,8237,6285
,,,,,,28/02/2013 Total,,1,6,8237,6285
,,,,,,14/04/2013,$130K - $150K,1,4,8683,7470
,,,,,,14/04/2013 Total,,1,4,8683,7470
,,,,,,17/04/2013,$10K - $30K,1,4,9435,7532
,,,,,,17/04/2013 Total,,1,4,9435,7532
,,,,,,06/05/2013,$130K - $150K,1,5,8683,8065
,,,,,,06/05/2013 Total,,1,5,8683,8065
,,,,,,31/05/2013,$50K - $70K,1,3,3056,8760
,,,,,,31/05/2013 Total,,1,3,3056,8760
,,,,,,11/06/2013,$30K - $50K,1,4,4043,9076
,,,,,,11/06/2013 Total,,1,4,4043,9076
,,,,,,14/07/2013,$70K - $90K,1,5,2749,9971
,,,,,,14/07/2013 Total,,1,5,2749,9971
,,,,,,07/11/2013,$10K - $30K,1,3,7013,13132
,,,,,,07/11/2013 Total,,1,3,7013,13132
,,,,,,11/11/2013,$10K - $30K,1,3,4195,13259
,,,,,,11/11/2013 Total,,1,3,4195,13259
,,,,,Mexico Total,,,9,37,56094,83550
,,,,DF Total,,,,9,37,56094,83550
,,,Mexico City Total,,,,,9,37,56094,83550
,,,Orizaba,Veracruz,Mexico,09/03/2013,$30K - $50K,1,4,1550,6530
,,,,,,09/03/2013 Total,,1,4,1550,6530
,,,,,,15/03/2013,$30K - $50K,1,3,3602,6695
,,,,,,15/03/2013 Total,,1,3,3602,6695
,,,,,,06/04/2013,$50K - $70K,1,4,1614,7248
,,,,,,06/04/2013 Total,,1,4,1614,7248
,,,,,,09/05/2013,$50K - $70K,1,4,3419,8183
,,,,,,09/05/2013 Total,,1,4,3419,8183
,,,,,,15/06/2013,$30K - $50K,1,4,1550,9164
,,,,,,15/06/2013 Total,,1,4,1550,9164
,,,,,,02/08/2013,$50K - $70K,1,4,3761,10469
,,,,,,02/08/2013 Total,,1,4,3761,10469
,,,,,,08/08/2013,$70K - $90K,1,6,7917,10644
,,,,,,08/08/2013 Total,,1,6,7917,10644
,,,,,,09/09/2013,$90K - $110K,1,4,10095,11478
,,,,,,09/09/2013 Total,,1,4,10095,11478
,,,,,,11/09/2013,$30K - $50K,1,5,3602,11529
,,,,,,11/09/2013 Total,,1,5,3602,11529
,,,,,,12/09/2013,$90K - $110K,1,6,6812,11570
,,,,,,12/09/2013 Total,,1,6,6812,11570
,,,,,,04/10/2013,$50K - $70K,1,5,5536,12160
,,,,,,04/10/2013 Total,,1,5,5536,12160
,,,,,,20/10/2013,$50K - $70K,1,4,8228,12599
,,,,,,20/10/2013 Total,,1,4,8228,12599
,,,,,,25/10/2013,$30K - $50K,1,6,3602,12744
,,,,,,25/10/2013 Total,,1,6,3602,12744
,,,,,,20/11/2013,$10K - $30K,1,3,5975,13487
,,,,,,20/11/2013 Total,,1,3,5975,13487
,,,,,Mexico Total,,,14,62,67263,144500
,,,,Veracruz Total,,,,14,62,67263,144500
,,,Orizaba Total,,,,,14,62,67263,144500
,,,Portland,OR,USA,15/01/2012,$50K - $70K,1,3,9459,122
,,,,,,15/01/2012 Total,,1,3,9459,122
,,,,,,01/02/2012,$10K - $30K,1,6,6233,302
,,,,,,01/02/2012 Total,,1,6,6233,302
,,,,,,02/02/2012,$110K - $130K,1,7,9753,327
,,,,,,02/02/2012 Total,,1,7,9753,327
,,,,,,12/02/2012,$30K - $50K,1,4,1159,439
,,,,,,12/02/2012 Total,,1,4,1159,439
,,,,,,12/03/2012,$10K - $30K,1,4,5957,813
,,,,,,12/03/2012 Total,,1,4,5957,813
,,,,,,02/04/2012,$130K - $150K,1,6,2215,1117
,,,,,,02/04/2012 Total,,1,6,2215,1117
,,,,,,26/04/2012,$30K - $50K,1,4,2110,1474
,,,,,,26/04/2012 Total,,1,4,2110,1474
,,,,,,09/05/2012,$30K - $50K,1,5,6051,1654
,,,,,,09/05/2012 Total,,1,5,6051,1654
,,,,,,15/05/2012,$10K - $30K,1,2,7609,1725
,,,,,,15/05/2012 Total,,1,2,7609,1725
,,,,,,01/06/2012,$30K - $50K,1,2,5682,1944
,,,,,,01/06/2012 Total,,1,2,5682,1944
,,,,,,30/06/2012,$50K - $70K,1,2,9237,2285
,,,,,,30/06/2012 Total,,1,2,9237,2285
,,,,,,05/09/2012,$70K - $90K,1,3,2680,3093
,,,,,,05/09/2012 Total,,1,3,2680,3093
,,,,,,16/09/2012,$10K - $30K,1,4,265,3228
,,,,,,16/09/2012 Total,,1,4,265,3228
,,,,,,11/10/2012,$50K - $70K,1,5,361,3547
,,,,,,11/10/2012 Total,,1,5,361,3547
,,,,,,27/11/2012,$110K - $130K,1,2,3892,4140
,,,,,,27/11/2012 Total,,1,2,3892,4140
,,,,,,15/12/2012,$30K - $50K,1,2,983,4414
,,,,,,15/12/2012 Total,,1,2,983,4414
,,,,,,22/01/2013,$70K - $90K,1,4,552,5261
,,,,,,22/01/2013 Total,,1,4,552,5261
,,,,,,30/01/2013,$30K - $50K,1,3,8837,5448
,,,,,,30/01/2013 Total,,1,3,8837,5448
,,,,,,31/01/2013,$70K - $90K,1,6,552,5487
,,,,,,31/01/2013 Total,,1,6,552,5487
,,,,,,02/02/2013,$30K - $50K,1,3,6018,5537
,,,,,,02/02/2013 Total,,1,3,6018,5537
,,,,,,12/02/2013,$10K - $30K,1,5,9062,5829
,,,,,,12/02/2013 Total,,1,5,9062,5829
,,,,,,16/02/2013,$10K - $30K,1,3,8211,5934
,,,,,,16/02/2013 Total,,1,3,8211,5934
,,,,,,21/03/2013,$110K - $130K,1,5,9383,6839
,,,,,,21/03/2013 Total,,1,5,9383,6839
,,,,,,05/05/2013,$130K - $150K,1,5,4750,8044
,,,,,,05/05/2013 Total,,1,5,4750,8044
,,,,,,10/05/2013,$10K - $30K,1,6,8063,8186
,,,,,,10/05/2013 Total,,1,6,8063,8186
,,,,,,12/05/2013,$30K - $50K,1,3,2397,8240
,,,,,,12/05/2013 Total,,1,3,2397,8240
,,,,,,15/06/2013,$70K - $90K,1,3,3044,9162
,,,,,,15/06/2013 Total,,1,3,3044,9162
,,,,,,15/07/2013,$130K - $150K,1,4,2215,10007
,,,,,,15/07/2013 Total,,1,4,2215,10007
,,,,,,17/07/2013,$10K - $30K,1,4,1438,10065
,,,,,,17/07/2013 Total,,1,4,1438,10065
,,,,,,25/07/2013,$30K - $50K,1,2,8837,10280
,,,,,,25/07/2013 Total,,1,2,8837,10280
,,,,,,14/09/2013,$30K - $50K,1,4,4671,11604
,,,,,,14/09/2013 Total,,1,4,4671,11604
,,,,,,16/09/2013,$30K - $50K,1,4,9692,11660
,,,,,,16/09/2013 Total,,1,4,9692,11660
,,,,,,25/10/2013,$110K - $130K,1,7,9167,12746
,,,,,,25/10/2013 Total,,1,7,9167,12746
,,,,,,13/11/2013,$50K - $70K,1,4,3201,13320
,,,,,,13/11/2013 Total,,1,4,3201,13320
,,,,,,02/12/2013,$50K - $70K,1,3,1869,13777
,,,,,,02/12/2013 Total,,1,3,1869,13777
,,,,,USA Total,,,35,139,175605,198050
,,,,OR Total,,,,35,139,175605,198050
,,,Portland Total,,,,,35,139,175605,198050
,,,Salem,OR,USA,04/01/2012,$10K - $30K,1,5,10026,54
,,,,,,04/01/2012 Total,,1,5,10026,54
,,,,,,16/01/2012,$30K - $50K,1,4,1147,128
,,,,,,16/01/2012 Total,,1,4,1147,128
,,,,,,10/02/2012,$110K - $130K,1,4,8116,417
,,,,,,10/02/2012 Total,,1,4,8116,417
,,,,,,22/02/2012,$30K - $50K,1,2,2443,552
,,,,,,22/02/2012 Total,,1,2,2443,552
,,,,,,22/03/2012,$50K - $70K,1,4,6522,958
,,,,,,22/03/2012 Total,,1,4,6522,958
,,,,,,06/04/2012,$50K - $70K,1,4,1991,1182
,,,,,,06/04/2012 Total,,1,4,1991,1182
,,,,,,11/04/2012,$50K - $70K,1,3,8373,1250
,,,,,,11/04/2012 Total,,1,3,8373,1250
,,,,,,19/04/2012,$130K - $150K,1,3,4431,1373
,,,,,,19/04/2012 Total,,1,3,4431,1373
,,,,,,19/05/2012,$110K - $130K,1,2,6531,1773
,,,,,,19/05/2012 Total,,1,2,6531,1773
,,,,,,25/05/2012,$10K - $30K,1,4,4490,1853
,,,,,,25/05/2012 Total,,1,4,4490,1853
,,,,,,06/06/2012,$30K - $50K,1,3,2422,2001
,,,,,,06/06/2012 Total,,1,3,2422,2001
,,,,,,02/07/2012,$10K - $30K,1,3,6003,2300
,,,,,,02/07/2012 Total,,1,3,6003,2300
,,,,,,02/09/2012,$10K - $30K,1,6,6488,3055
,,,,,,02/09/2012 Total,,1,6,6488,3055
,,,,,,22/09/2012,$10K - $30K,1,5,7182,3302
,,,,,,22/09/2012 Total,,1,5,7182,3302
,,,,,,04/10/2012,$90K - $110K,1,2,1366,3439
,,,,,,04/10/2012 Total,,1,2,1366,3439
,,,,,,14/11/2012,$30K - $50K,1,5,446,3943
,,,,,,14/11/2012 Total,,1,5,446,3943
,,,,,,05/12/2012,$30K - $50K,1,5,8473,4263
,,,,,,05/12/2012 Total,,1,5,8473,4263
,,,,,,30/12/2012,$30K - $50K,1,5,8164,4697
,,,,,,30/12/2012 Total,,1,5,8164,4697
,,,,,,14/01/2013,$50K - $70K,1,3,7262,5059
,,,,,,14/01/2013 Total,,1,3,7262,5059
,,,,,,22/01/2013,$130K - $150K,1,6,2075,5252
,,,,,,22/01/2013 Total,,1,6,2075,5252
,,,,,,03/02/2013,$30K - $50K,1,5,7365,5589
,,,,,,,$70K - $90K,1,4,3130,5584
,,,,,,03/02/2013 Total,,2,9,10495,11173
,,,,,,22/02/2013,$10K - $30K,1,4,4490,6124
,,,,,,22/02/2013 Total,,1,4,4490,6124
,,,,,,23/02/2013,$10K - $30K,1,5,6003,6161
,,,,,,23/02/2013 Total,,1,5,6003,6161
,,,,,,30/03/2013,$10K - $30K,1,5,1548,7059
,,,,,,30/03/2013 Total,,1,5,1548,7059
,,,,,,13/04/2013,$10K - $30K,1,4,7149,7438
,,,,,,13/04/2013 Total,,1,4,7149,7438
,,,,,,19/04/2013,$50K - $70K,1,5,4372,7597
,,,,,,19/04/2013 Total,,1,5,4372,7597
,,,,,,25/04/2013,$10K - $30K,1,4,1660,7774
,,,,,,25/04/2013 Total,,1,4,1660,7774
,,,,,,27/04/2013,$70K - $90K,1,5,2777,7828
,,,,,,27/04/2013 Total,,1,5,2777,7828
,,,,,,15/05/2013,$70K - $90K,1,5,1339,8323
,,,,,,15/05/2013 Total,,1,5,1339,8323
,,,,,,27/05/2013,$30K - $50K,1,5,446,8660
,,,,,,27/05/2013 Total,,1,5,446,8660
,,,,,,31/05/2013,$10K - $30K,1,5,6488,8776
,,,,,,31/05/2013 Total,,1,5,6488,8776
,,,,,,20/07/2013,$90K - $110K,1,4,5958,10160
,,,,,,20/07/2013 Total,,1,4,5958,10160
,,,,,,26/07/2013,$50K - $70K,1,5,6069,10295
,,,,,,26/07/2013 Total,,1,5,6069,10295
,,,,,,10/08/2013,$10K - $30K,1,3,467,10701
,,,,,,10/08/2013 Total,,1,3,467,10701
,,,,,,04/09/2013,$30K - $50K,1,6,2422,11349
,,,,,,04/09/2013 Total,,1,6,2422,11349
,,,,,,21/09/2013,$70K - $90K,1,4,1036,11798
,,,,,,21/09/2013 Total,,1,4,1036,11798
,,,,,,04/10/2013,$30K - $50K,1,3,3977,12172
,,,,,,04/10/2013 Total,,1,3,3977,12172
,,,,,,21/10/2013,$50K - $70K,1,4,7274,12637
,,,,,,21/10/2013 Total,,1,4,7274,12637
,,,,,USA Total,,,39,163,177921,212876
,,,,OR Total,,,,39,163,177921,212876
,,,Salem Total,,,,,39,163,177921,212876
,,,San Andres,DF,Mexico,30/01/2013,$90K - $110K,1,3,7663,5463
,,,,,,30/01/2013 Total,,1,3,7663,5463
,,,,,,03/02/2013,$70K - $90K,1,4,6886,5575
,,,,,,03/02/2013 Total,,1,4,6886,5575
,,,,,,04/02/2013,$30K - $50K,1,4,7970,5605
,,,,,,04/02/2013 Total,,1,4,7970,5605
,,,,,,20/02/2013,$30K - $50K,1,5,4043,6057
,,,,,,20/02/2013 Total,,1,5,4043,6057
,,,,,,22/02/2013,$90K - $110K,1,5,7663,6112
,,,,,,22/02/2013 Total,,1,5,7663,6112
,,,,,,24/06/2013,$50K - $70K,1,4,3056,9408
,,,,,,24/06/2013 Total,,1,4,3056,9408
,,,,,,30/06/2013,$70K - $90K,1,5,9311,9561
,,,,,,30/06/2013 Total,,1,5,9311,9561
,,,,,,04/08/2013,$70K - $90K,1,5,52,10538
,,,,,,04/08/2013 Total,,1,5,52,10538
,,,,,,06/09/2013,$10K - $30K,1,5,8698,11386
,,,,,,06/09/2013 Total,,1,5,8698,11386
,,,,,,10/09/2013,$10K - $30K,1,5,7013,11505
,,,,,,10/09/2013 Total,,1,5,7013,11505
,,,,,,01/11/2013,$50K - $70K,1,4,5488,12951
,,,,,,01/11/2013 Total,,1,4,5488,12951
,,,,,Mexico Total,,,11,49,67843,94161
,,,,DF Total,,,,11,49,67843,94161
,,,San Andres Total,,,,,11,49,67843,94161
,,,San Diego,CA,USA,15/01/2012,$90K - $110K,1,3,2331,120
,,,,,,15/01/2012 Total,,1,3,2331,120
,,,,,,20/01/2012,$30K - $50K,1,3,8220,172
,,,,,,20/01/2012 Total,,1,3,8220,172
,,,,,,03/03/2012,$30K - $50K,1,5,9481,685
,,,,,,03/03/2012 Total,,1,5,9481,685
,,,,,,18/03/2012,$10K - $30K,1,3,7287,893
,,,,,,18/03/2012 Total,,1,3,7287,893
,,,,,,19/03/2012,$50K - $70K,1,6,1950,926
,,,,,,19/03/2012 Total,,1,6,1950,926
,,,,,,29/03/2012,$50K - $70K,1,5,3300,1075
,,,,,,29/03/2012 Total,,1,5,3300,1075
,,,,,,06/04/2012,$30K - $50K,1,4,5625,1189
,,,,,,06/04/2012 Total,,1,4,5625,1189
,,,,,,12/04/2012,$50K - $70K,1,5,1950,1267
,,,,,,12/04/2012 Total,,1,5,1950,1267
,,,,,,23/04/2012,$10K - $30K,1,3,870,1432
,,,,,,23/04/2012 Total,,1,3,870,1432
,,,,,,07/06/2012,$50K - $70K,1,2,9440,2015
,,,,,,07/06/2012 Total,,1,2,9440,2015
,,,,,,19/07/2012,$30K - $50K,1,4,7305,2518
,,,,,,19/07/2012 Total,,1,4,7305,2518
,,,,,,23/07/2012,$30K - $50K,1,6,3434,2561
,,,,,,23/07/2012 Total,,1,6,3434,2561
,,,,,,06/09/2012,$30K - $50K,1,5,6501,3113
,,,,,,06/09/2012 Total,,1,5,6501,3113
,,,,,,17/09/2012,$10K - $30K,1,6,870,3239
,,,,,,17/09/2012 Total,,1,6,870,3239
,,,,,,07/12/2012,$10K - $30K,1,2,4133,4288
,,,,,,07/12/2012 Total,,1,2,4133,4288
,,,,,,08/12/2012,$130K - $150K,1,3,1194,4314
,,,,,,08/12/2012 Total,,1,3,1194,4314
,,,,,,10/02/2013,$50K - $70K,1,4,1780,5775
,,,,,,10/02/2013 Total,,1,4,1780,5775
,,,,,,13/02/2013,$70K - $90K,1,6,7855,5856
,,,,,,13/02/2013 Total,,1,6,7855,5856
,,,,,,08/03/2013,$70K - $90K,1,3,10003,6498
,,,,,,08/03/2013 Total,,1,3,10003,6498
,,,,,,03/04/2013,$50K - $70K,1,4,8014,7180
,,,,,,03/04/2013 Total,,1,4,8014,7180
,,,,,,08/04/2013,$10K - $30K,1,3,3746,7312
,,,,,,08/04/2013 Total,,1,3,3746,7312
,,,,,,09/04/2013,$90K - $110K,1,6,10009,7343
,,,,,,09/04/2013 Total,,1,6,10009,7343
,,,,,,18/04/2013,$10K - $30K,1,4,5528,7576
,,,,,,18/04/2013 Total,,1,4,5528,7576
,,,,,,26/05/2013,$50K - $70K,1,5,1361,8633
,,,,,,26/05/2013 Total,,1,5,1361,8633
,,,,,,28/05/2013,$30K - $50K,1,4,3968,8700
,,,,,,28/05/2013 Total,,1,4,3968,8700
,,,,,,08/07/2013,$50K - $70K,1,5,8113,9815
,,,,,,08/07/2013 Total,,1,5,8113,9815
,,,,,,29/08/2013,$70K - $90K,1,5,3558,11174
,,,,,,29/08/2013 Total,,1,5,3558,11174
,,,,,,30/08/2013,$10K - $30K,1,4,3746,11201
,,,,,,30/08/2013 Total,,1,4,3746,11201
,,,,,,01/09/2013,$70K - $90K,1,3,3066,11286
,,,,,,01/09/2013 Total,,1,3,3066,11286
,,,,,,05/10/2013,$90K - $110K,1,4,2933,12203
,,,,,,05/10/2013 Total,,1,4,2933,12203
,,,,,,07/10/2013,$10K - $30K,1,4,1380,12239
,,,,,,07/10/2013 Total,,1,4,1380,12239
,,,,,,11/10/2013,$10K - $30K,1,5,5572,12349
,,,,,,11/10/2013 Total,,1,5,5572,12349
,,,,,,29/11/2013,$70K - $90K,1,5,9394,13710
,,,,,,29/11/2013 Total,,1,5,9394,13710
,,,,,USA Total,,,33,139,163917,188657
,,,,CA Total,,,,33,139,163917,188657
,,,San Diego Total,,,,,33,139,163917,188657
,,,San Francisco,CA,USA,28/04/2012,$130K - $150K,1,3,887,1503
,,,,,,28/04/2012 Total,,1,3,887,1503
,,,,,,03/05/2012,$50K - $70K,1,3,8689,1559
,,,,,,03/05/2012 Total,,1,3,8689,1559
,,,,,,14/05/2012,$50K - $70K,1,4,6362,1717
,,,,,,14/05/2012 Total,,1,4,6362,1717
,,,,,,01/02/2013,$30K - $50K,1,3,7950,5528
,,,,,,01/02/2013 Total,,1,3,7950,5528
,,,,,,03/04/2013,$10K - $30K,1,3,2531,7185
,,,,,,03/04/2013 Total,,1,3,2531,7185
,,,,,USA Total,,,5,16,26419,17492
,,,,CA Total,,,,5,16,26419,17492
,,,San Francisco Total,,,,,5,16,26419,17492
,,,Seattle,WA,USA,19/01/2012,$70K - $90K,1,6,3132,167
,,,,,,19/01/2012 Total,,1,6,3132,167
,,,,,,27/02/2012,$70K - $90K,1,6,5584,614
,,,,,,27/02/2012 Total,,1,6,5584,614
,,,,,,06/03/2012,$50K - $70K,1,3,9248,716
,,,,,,06/03/2012 Total,,1,3,9248,716
,,,,,,29/03/2012,$30K - $50K,1,3,2907,1072
,,,,,,29/03/2012 Total,,1,3,2907,1072
,,,,,,20/04/2012,$10K - $30K,1,5,6565,1388
,,,,,,20/04/2012 Total,,1,5,6565,1388
,,,,,,29/05/2012,$10K - $30K,1,3,1580,1895
,,,,,,29/05/2012 Total,,1,3,1580,1895
,,,,,,11/07/2012,$70K - $90K,1,4,6056,2399
,,,,,,11/07/2012 Total,,1,4,6056,2399
,,,,,,12/07/2012,$70K - $90K,1,4,8859,2416
,,,,,,12/07/2012 Total,,1,4,8859,2416
,,,,,,20/08/2012,$130K - $150K,1,5,7654,2904
,,,,,,20/08/2012 Total,,1,5,7654,2904
,,,,,,28/09/2012,$90K - $110K,1,3,3024,3355
,,,,,,28/09/2012 Total,,1,3,3024,3355
,,,,,,10/10/2012,$50K - $70K,1,2,8356,3532
,,,,,,10/10/2012 Total,,1,2,8356,3532
,,,,,,01/11/2012,$50K - $70K,1,4,10075,3783
,,,,,,01/11/2012 Total,,1,4,10075,3783
,,,,,,13/11/2012,$50K - $70K,1,3,2554,3932
,,,,,,13/11/2012 Total,,1,3,2554,3932
,,,,,,05/12/2012,$50K - $70K,1,3,2554,4258
,,,,,,05/12/2012 Total,,1,3,2554,4258
,,,,,,12/12/2012,$110K - $130K,1,5,9047,4370
,,,,,,12/12/2012 Total,,1,5,9047,4370
,,,,,,06/01/2013,$130K - $150K,1,3,3045,4874
,,,,,,06/01/2013 Total,,1,3,3045,4874
,,,,,,16/01/2013,$30K - $50K,1,3,2374,5096
,,,,,,16/01/2013 Total,,1,3,2374,5096
,,,,,,14/06/2013,$30K - $50K,1,6,7268,9154
,,,,,,14/06/2013 Total,,1,6,7268,9154
,,,,,,15/06/2013,$30K - $50K,1,6,7201,9176
,,,,,,15/06/2013 Total,,1,6,7201,9176
,,,,,,30/06/2013,$130K - $150K,1,5,1941,9573
,,,,,,30/06/2013 Total,,1,5,1941,9573
,,,,,,15/07/2013,$50K - $70K,1,4,8009,9995
,,,,,,15/07/2013 Total,,1,4,8009,9995
,,,,,,31/07/2013,$30K - $50K,1,4,75,10415
,,,,,,31/07/2013 Total,,1,4,75,10415
,,,,,,03/08/2013,$50K - $70K,1,3,8992,10514
,,,,,,03/08/2013 Total,,1,3,8992,10514
,,,,,,19/09/2013,$10K - $30K,1,4,28,11738
,,,,,,19/09/2013 Total,,1,4,28,11738
,,,,,,26/10/2013,$130K - $150K,1,3,1481,12787
,,,,,,26/10/2013 Total,,1,3,1481,12787
,,,,,,25/11/2013,$10K - $30K,1,4,4987,13611
,,,,,,25/11/2013 Total,,1,4,4987,13611
,,,,,,10/12/2013,$10K - $30K,1,4,2090,13886
,,,,,,10/12/2013 Total,,1,4,2090,13886
,,,,,USA Total,,,27,108,134686,157620
,,,,WA Total,,,,27,108,134686,157620
,,,Seattle Total,,,,,27,108,134686,157620
,,,Spokane,WA,USA,06/03/2012,$30K - $50K,1,5,2921,724
,,,,,,06/03/2012 Total,,1,5,2921,724
,,,,,,15/03/2012,$30K - $50K,1,4,2921,855
,,,,,,15/03/2012 Total,,1,4,2921,855
,,,,,,25/04/2012,$10K - $30K,1,5,9928,1454
,,,,,,25/04/2012 Total,,1,5,9928,1454
,,,,,,27/04/2012,$30K - $50K,1,5,1720,1485
,,,,,,27/04/2012 Total,,1,5,1720,1485
,,,,,,07/05/2012,$90K - $110K,1,5,7072,1639
,,,,,,07/05/2012 Total,,1,5,7072,1639
,,,,,,30/05/2012,$130K - $150K,1,6,6113,1917
,,,,,,30/05/2012 Total,,1,6,6113,1917
,,,,,,13/06/2012,$10K - $30K,1,4,9928,2076
,,,,,,13/06/2012 Total,,1,4,9928,2076
,,,,,,03/07/2012,$30K - $50K,1,3,2921,2320
,,,,,,03/07/2012 Total,,1,3,2921,2320
,,,,,,17/08/2012,$70K - $90K,1,5,9510,2865
,,,,,,17/08/2012 Total,,1,5,9510,2865
,,,,,,03/11/2012,$10K - $30K,1,6,9928,3819
,,,,,,03/11/2012 Total,,1,6,9928,3819
,,,,,,09/12/2012,$10K - $30K,1,7,9928,4321
,,,,,,09/12/2012 Total,,1,7,9928,4321
,,,,,,10/12/2012,$10K - $30K,1,4,9928,4332
,,,,,,10/12/2012 Total,,1,4,9928,4332
,,,,,,14/12/2012,$10K - $30K,1,3,2448,4400
,,,,,,14/12/2012 Total,,1,3,2448,4400
,,,,,,21/01/2013,$50K - $70K,1,5,4925,5232
,,,,,,21/01/2013 Total,,1,5,4925,5232
,,,,,,02/05/2013,$90K - $110K,1,4,7072,7973
,,,,,,02/05/2013 Total,,1,4,7072,7973
,,,,,,25/06/2013,$30K - $50K,1,3,1720,9431
,,,,,,25/06/2013 Total,,1,3,1720,9431
,,,,,,29/08/2013,$90K - $110K,1,3,7072,11183
,,,,,,29/08/2013 Total,,1,3,7072,11183
,,,,,,02/09/2013,$10K - $30K,1,4,5592,11299
,,,,,,,$70K - $90K,1,4,5742,11304
,,,,,,02/09/2013 Total,,2,8,11334,22603
,,,,,,09/10/2013,$10K - $30K,1,4,4094,12315
,,,,,,09/10/2013 Total,,1,4,4094,12315
,,,,,,29/11/2013,$10K - $30K,1,4,9200,13708
,,,,,,29/11/2013 Total,,1,4,9200,13708
,,,,,USA Total,,,21,93,130683,114652
,,,,WA Total,,,,21,93,130683,114652
,,,Spokane Total,,,,,21,93,130683,114652
,,,Tacoma,WA,USA,23/01/2012,$110K - $130K,1,5,3773,204
,,,,,,23/01/2012 Total,,1,5,3773,204
,,,,,,28/01/2012,$50K - $70K,1,4,4445,255
,,,,,,28/01/2012 Total,,1,4,4445,255
,,,,,,05/02/2012,$30K - $50K,1,6,7556,358
,,,,,,05/02/2012 Total,,1,6,7556,358
,,,,,,11/03/2012,$110K - $130K,1,2,7580,789
,,,,,,11/03/2012 Total,,1,2,7580,789
,,,,,,28/03/2012,$50K - $70K,1,3,4239,1056
,,,,,,28/03/2012 Total,,1,3,4239,1056
,,,,,,30/03/2012,$70K - $90K,1,2,2211,1085
,,,,,,30/03/2012 Total,,1,2,2211,1085
,,,,,,11/04/2012,$70K - $90K,1,4,5419,1251
,,,,,,11/04/2012 Total,,1,4,5419,1251
,,,,,,15/04/2012,$110K - $130K,1,6,3773,1323
,,,,,,15/04/2012 Total,,1,6,3773,1323
,,,,,,20/06/2012,$50K - $70K,1,4,4445,2154
,,,,,,20/06/2012 Total,,1,4,4445,2154
,,,,,,22/06/2012,$10K - $30K,1,3,5616,2191
,,,,,,22/06/2012 Total,,1,3,5616,2191
,,,,,,06/07/2012,$110K - $130K,1,2,7580,2350
,,,,,,06/07/2012 Total,,1,2,7580,2350
,,,,,,14/07/2012,$30K - $50K,1,6,1813,2440
,,,,,,14/07/2012 Total,,1,6,1813,2440
,,,,,,05/09/2012,$50K - $70K,1,5,4239,3095
,,,,,,05/09/2012 Total,,1,5,4239,3095
,,,,,,16/09/2012,$10K - $30K,1,5,3310,3230
,,,,,,16/09/2012 Total,,1,5,3310,3230
,,,,,,02/10/2012,$30K - $50K,1,5,5125,3414
,,,,,,02/10/2012 Total,,1,5,5125,3414
,,,,,,04/10/2012,$50K - $70K,1,3,3239,3446
,,,,,,04/10/2012 Total,,1,3,3239,3446
,,,,,,18/11/2012,$50K - $70K,1,5,4239,4006
,,,,,,18/11/2012 Total,,1,5,4239,4006
,,,,,,22/11/2012,$30K - $50K,1,5,2942,4065
,,,,,,22/11/2012 Total,,1,5,2942,4065
,,,,,,03/12/2012,$90K - $110K,1,5,4691,4221
,,,,,,03/12/2012 Total,,1,5,4691,4221
,,,,,,28/12/2012,$70K - $90K,1,4,6560,4643
,,,,,,28/12/2012 Total,,1,4,6560,4643
,,,,,,05/01/2013,$70K - $90K,1,3,4657,4831
,,,,,,05/01/2013 Total,,1,3,4657,4831
,,,,,,02/03/2013,$70K - $90K,1,5,8454,6348
,,,,,,02/03/2013 Total,,1,5,8454,6348
,,,,,,09/03/2013,$50K - $70K,1,4,3239,6526
,,,,,,09/03/2013 Total,,1,4,3239,6526
,,,,,,11/04/2013,$30K - $50K,1,5,817,7403
,,,,,,11/04/2013 Total,,1,5,817,7403
,,,,,,25/05/2013,$70K - $90K,1,5,6560,8601
,,,,,,25/05/2013 Total,,1,5,6560,8601
,,,,,,06/07/2013,$70K - $90K,1,4,5419,9749
,,,,,,06/07/2013 Total,,1,4,5419,9749
,,,,,,14/07/2013,$30K - $50K,1,6,3245,9977
,,,,,,14/07/2013 Total,,1,6,3245,9977
,,,,,,16/07/2013,$10K - $30K,1,6,770,10042
,,,,,,16/07/2013 Total,,1,6,770,10042
,,,,,,21/07/2013,$50K - $70K,1,3,4445,10178
,,,,,,21/07/2013 Total,,1,3,4445,10178
,,,,,,23/07/2013,$50K - $70K,1,5,4239,10231
,,,,,,23/07/2013 Total,,1,5,4239,10231
,,,,,,26/07/2013,$10K - $30K,1,6,5616,10305
,,,,,,26/07/2013 Total,,1,6,5616,10305
,,,,,,19/09/2013,$10K - $30K,1,4,3310,11754
,,,,,,19/09/2013 Total,,1,4,3310,11754
,,,,,,23/09/2013,$10K - $30K,1,2,617,11873
,,,,,,23/09/2013 Total,,1,2,617,11873
,,,,,,27/09/2013,$90K - $110K,1,5,4691,11989
,,,,,,27/09/2013 Total,,1,5,4691,11989
,,,,,,05/11/2013,$70K - $90K,1,5,4657,13068
,,,,,,05/11/2013 Total,,1,5,4657,13068
,,,,,,19/12/2013,$10K - $30K,1,4,5050,13987
,,,,,,19/12/2013 Total,,1,4,5050,13987
,,,,,USA Total,,,36,156,158581,202438
,,,,WA Total,,,,36,156,158581,202438
,,,Tacoma Total,,,,,36,156,158581,202438
,,,Vancouver,BC,Canada,24/12/2012,$30K - $50K,1,5,8002,4578
,,,,,,24/12/2012 Total,,1,5,8002,4578
,,,,,,06/01/2013,$30K - $50K,1,5,8002,4864
,,,,,,06/01/2013 Total,,1,5,8002,4864
,,,,,,22/02/2013,$50K - $70K,1,2,724,6119
,,,,,,22/02/2013 Total,,1,2,724,6119
,,,,,,12/03/2013,$10K - $30K,1,3,7726,6614
,,,,,,12/03/2013 Total,,1,3,7726,6614
,,,,,,29/03/2013,$50K - $70K,1,5,2464,7037
,,,,,,29/03/2013 Total,,1,5,2464,7037
,,,,,,18/04/2013,$10K - $30K,1,5,4170,7571
,,,,,,18/04/2013 Total,,1,5,4170,7571
,,,,,,30/04/2013,$30K - $50K,1,4,1769,7919
,,,,,,30/04/2013 Total,,1,4,1769,7919
,,,,,,23/05/2013,$50K - $70K,1,3,4399,8558
,,,,,,23/05/2013 Total,,1,3,4399,8558
,,,,,,27/05/2013,$10K - $30K,1,3,9919,8646
,,,,,,27/05/2013 Total,,1,3,9919,8646
,,,,,,29/05/2013,$10K - $30K,1,5,423,8731
,,,,,,29/05/2013 Total,,1,5,423,8731
,,,,,,07/06/2013,$110K - $130K,1,5,8381,8967
,,,,,,07/06/2013 Total,,1,5,8381,8967
,,,,,,11/06/2013,$10K - $30K,1,4,8530,9075
,,,,,,11/06/2013 Total,,1,4,8530,9075
,,,,,,22/06/2013,$30K - $50K,1,6,1408,9363
,,,,,,22/06/2013 Total,,1,6,1408,9363
,,,,,,10/07/2013,$110K - $130K,1,6,5409,9869
,,,,,,10/07/2013 Total,,1,6,5409,9869
,,,,,,23/09/2013,$30K - $50K,1,5,3879,11887
,,,,,,23/09/2013 Total,,1,5,3879,11887
,,,,,,10/10/2013,$50K - $70K,1,6,943,12342
,,,,,,10/10/2013 Total,,1,6,943,12342
,,,,,,15/10/2013,$30K - $50K,1,3,7322,12458
,,,,,,15/10/2013 Total,,1,3,7322,12458
,,,,,,17/10/2013,$30K - $50K,1,4,1769,12512
,,,,,,17/10/2013 Total,,1,4,1769,12512
,,,,,,25/10/2013,$30K - $50K,1,5,7993,12755
,,,,,,25/10/2013 Total,,1,5,7993,12755
,,,,,,14/11/2013,$130K - $150K,1,4,8817,13340
,,,,,,14/11/2013 Total,,1,4,8817,13340
,,,,,,16/11/2013,$70K - $90K,1,5,262,13395
,,,,,,16/11/2013 Total,,1,5,262,13395
,,,,,,11/12/2013,$30K - $50K,1,3,1367,13907
,,,,,,11/12/2013 Total,,1,3,1367,13907
,,,,,Canada Total,,,22,96,103678,210507
,,,,BC Total,,,,22,96,103678,210507
,,,Vancouver Total,,,,,22,96,103678,210507
,,,Victoria,BC,Canada,17/05/2013,$50K - $70K,1,4,4826,8385
,,,,,,17/05/2013 Total,,1,4,4826,8385
,,,,,,23/09/2013,$70K - $90K,1,4,175,11877
,,,,,,23/09/2013 Total,,1,4,175,11877
,,,,,,04/12/2013,$150K +,1,3,9678,13815
,,,,,,04/12/2013 Total,,1,3,9678,13815
,,,,,Canada Total,,,3,11,14679,34077
,,,,BC Total,,,,3,11,14679,34077
,,,Victoria Total,,,,,3,11,14679,34077
,,,Yakima,WA,USA,15/03/2012,$30K - $50K,1,4,8746,857
,,,,,,15/03/2012 Total,,1,4,8746,857
,,,,,,31/05/2012,$150K +,1,3,7678,1935
,,,,,,31/05/2012 Total,,1,3,7678,1935
,,,,,,22/06/2012,$50K - $70K,1,6,3197,2184
,,,,,,22/06/2012 Total,,1,6,3197,2184
,,,,,,07/10/2012,$130K - $150K,1,6,569,3494
,,,,,,07/10/2012 Total,,1,6,569,3494
,,,,,,04/12/2012,$30K - $50K,1,3,3921,4247
,,,,,,04/12/2012 Total,,1,3,3921,4247
,,,,,,30/10/2013,$30K - $50K,1,3,3921,12881
,,,,,,30/10/2013 Total,,1,3,3921,12881
,,,,,,26/11/2013,$10K - $30K,1,4,4152,13636
,,,,,,26/11/2013 Total,,1,4,4152,13636
,,,,,USA Total,,,7,29,32184,39234
,,,,WA Total,,,,7,29,32184,39234
,,,Yakima Total,,,,,7,29,32184,39234
,,S Total,,,,,,437,1777,2153522,2910502
,F Total,,,,,,,868,3532,4428866,5968302
,M,M,Acapulco,Guerrero,Mexico,08/01/2013,$10K - $30K,1,6,7929,4914
,,,,,,08/01/2013 Total,,1,6,7929,4914
,,,,,,26/01/2013,$110K - $130K,1,4,919,5345
,,,,,,26/01/2013 Total,,1,4,919,5345
,,,,,,30/01/2013,$30K - $50K,1,3,5852,5458
,,,,,,30/01/2013 Total,,1,3,5852,5458
,,,,,,14/02/2013,$30K - $50K,1,2,7304,5887
,,,,,,14/02/2013 Total,,1,2,7304,5887
,,,,,,24/02/2013,$30K - $50K,1,5,5852,6183
,,,,,,24/02/2013 Total,,1,5,5852,6183
,,,,,,15/03/2013,$30K - $50K,1,3,2974,6675
,,,,,,15/03/2013 Total,,1,3,2974,6675
,,,,,,10/04/2013,$10K - $30K,1,5,704,7388
,,,,,,10/04/2013 Total,,1,5,704,7388
,,,,,,29/04/2013,$30K - $50K,1,3,6076,7886
,,,,,,29/04/2013 Total,,1,3,6076,7886
,,,,,,06/05/2013,$10K - $30K,1,4,6631,8076
,,,,,,06/05/2013 Total,,1,4,6631,8076
,,,,,,15/06/2013,$10K - $30K,1,3,1554,9182
,,,,,,15/06/2013 Total,,1,3,1554,9182
,,,,,,20/06/2013,$70K - $90K,1,5,6944,9299
,,,,,,20/06/2013 Total,,1,5,6944,9299
,,,,,,07/08/2013,$30K - $50K,1,6,2341,10603
,,,,,,07/08/2013 Total,,1,6,2341,10603
,,,,,,15/08/2013,$70K - $90K,1,3,6944,10833
,,,,,,15/08/2013 Total,,1,3,6944,10833
,,,,,,17/09/2013,$10K - $30K,1,6,1745,11687
,,,,,,17/09/2013 Total,,1,6,1745,11687
,,,,,,16/11/2013,$10K - $30K,1,4,5933,13387
,,,,,,16/11/2013 Total,,1,4,5933,13387
,,,,,,19/11/2013,$30K - $50K,1,6,7304,13465
,,,,,,19/11/2013 Total,,1,6,7304,13465
,,,,,Mexico Total,,,16,68,77006,136268
,,,,Guerrero Total,,,,16,68,77006,136268
,,,Acapulco Total,,,,,16,68,77006,136268
,,,Bellingham,WA,USA,12/02/2012,$30K - $50K,1,3,7525,436
,,,,,,12/02/2012 Total,,1,3,7525,436
,,,,,,17/09/2012,$50K - $70K,1,2,7032,3243
,,,,,,17/09/2012 Total,,1,2,7032,3243
,,,,,,10/07/2013,$150K +,1,5,9684,9857
,,,,,,10/07/2013 Total,,1,5,9684,9857
,,,,,USA Total,,,3,10,24241,13536
,,,,WA Total,,,,3,10,24241,13536
,,,Bellingham Total,,,,,3,10,24241,13536
,,,Beverly Hills,CA,USA,05/05/2012,$30K - $50K,1,5,3097,1597
,,,,,,05/05/2012 Total,,1,5,3097,1597
,,,,,,04/06/2012,$50K - $70K,1,5,5203,1982
,,,,,,04/06/2012 Total,,1,5,5203,1982
,,,,,,16/09/2012,$50K - $70K,1,2,1683,3223
,,,,,,16/09/2012 Total,,1,2,1683,3223
,,,,,,21/09/2012,$50K - $70K,1,5,91,3291
,,,,,,21/09/2012 Total,,1,5,91,3291
,,,,,,04/10/2012,$70K - $90K,1,2,436,3452
,,,,,,04/10/2012 Total,,1,2,436,3452
,,,,,,24/10/2012,$50K - $70K,1,5,2533,3687
,,,,,,24/10/2012 Total,,1,5,2533,3687
,,,,,,11/11/2012,$30K - $50K,1,4,133,3911
,,,,,,11/11/2012 Total,,1,4,133,3911
,,,,,,16/11/2012,$10K - $30K,1,5,8317,3979
,,,,,,16/11/2012 Total,,1,5,8317,3979
,,,,,,07/12/2012,$10K - $30K,1,6,5013,4290
,,,,,,07/12/2012 Total,,1,6,5013,4290
,,,,,,20/12/2012,$70K - $90K,1,5,1162,4503
,,,,,,20/12/2012 Total,,1,5,1162,4503
,,,,,,04/02/2013,$50K - $70K,1,4,2445,5618
,,,,,,04/02/2013 Total,,1,4,2445,5618
,,,,,,08/05/2013,$30K - $50K,1,3,1256,8152
,,,,,,08/05/2013 Total,,1,3,1256,8152
,,,,,,12/05/2013,$30K - $50K,1,5,9522,8246
,,,,,,12/05/2013 Total,,1,5,9522,8246
,,,,,,26/05/2013,$130K - $150K,1,4,5226,8620
,,,,,,26/05/2013 Total,,1,4,5226,8620
,,,,,,03/08/2013,$50K - $70K,1,5,5222,10511
,,,,,,03/08/2013 Total,,1,5,5222,10511
,,,,,,17/08/2013,$10K - $30K,1,4,336,10894
,,,,,,17/08/2013 Total,,1,4,336,10894
,,,,,,16/10/2013,$150K +,1,5,3349,12486
,,,,,,16/10/2013 Total,,1,5,3349,12486
,,,,,,06/11/2013,$30K - $50K,1,4,8942,13093
,,,,,,06/11/2013 Total,,1,4,8942,13093
,,,,,,11/11/2013,$30K - $50K,1,5,3100,13234
,,,,,,11/11/2013 Total,,1,5,3100,13234
,,,,,USA Total,,,19,83,67066,124769
,,,,CA Total,,,,19,83,67066,124769
,,,Beverly Hills Total,,,,,19,83,67066,124769
,,,Bremerton,WA,USA,24/02/2012,$30K - $50K,1,4,5163,574
,,,,,,24/02/2012 Total,,1,4,5163,574
,,,,,,14/03/2012,$30K - $50K,1,4,1341,843
,,,,,,14/03/2012 Total,,1,4,1341,843
,,,,,,26/04/2012,$10K - $30K,1,3,8902,1477
,,,,,,26/04/2012 Total,,1,3,8902,1477
,,,,,,15/06/2012,$30K - $50K,1,5,5163,2091
,,,,,,15/06/2012 Total,,1,5,5163,2091
,,,,,,11/07/2012,$90K - $110K,1,5,9951,2392
,,,,,,11/07/2012 Total,,1,5,9951,2392
,,,,,,23/07/2012,$30K - $50K,1,3,5063,2565
,,,,,,23/07/2012 Total,,1,3,5063,2565
,,,,,,06/09/2012,$30K - $50K,1,4,2355,3103
,,,,,,06/09/2012 Total,,1,4,2355,3103
,,,,,,04/10/2012,$50K - $70K,1,5,4903,3449
,,,,,,04/10/2012 Total,,1,5,4903,3449
,,,,,,11/12/2012,$90K - $110K,1,5,3418,4361
,,,,,,11/12/2012 Total,,1,5,3418,4361
,,,,,,13/12/2012,$90K - $110K,1,5,3418,4391
,,,,,,13/12/2012 Total,,1,5,3418,4391
,,,,,,15/12/2012,$70K - $90K,1,2,5686,4427
,,,,,,15/12/2012 Total,,1,2,5686,4427
,,,,,,21/12/2012,$30K - $50K,1,5,1676,4517
,,,,,,21/12/2012 Total,,1,5,1676,4517
,,,,,,29/12/2012,$30K - $50K,1,3,1533,4662
,,,,,,29/12/2012 Total,,1,3,1533,4662
,,,,,,05/02/2013,$50K - $70K,1,6,5991,5631
,,,,,,05/02/2013 Total,,1,6,5991,5631
,,,,,,20/02/2013,$10K - $30K,1,5,4778,6074
,,,,,,20/02/2013 Total,,1,5,4778,6074
,,,,,,30/03/2013,$30K - $50K,1,4,1676,7089
,,,,,,30/03/2013 Total,,1,4,1676,7089
,,,,,,15/05/2013,$90K - $110K,1,4,5973,8328
,,,,,,15/05/2013 Total,,1,4,5973,8328
,,,,,,21/05/2013,$30K - $50K,1,4,5163,8488
,,,,,,21/05/2013 Total,,1,4,5163,8488
,,,,,,13/06/2013,$10K - $30K,1,3,4778,9112
,,,,,,13/06/2013 Total,,1,3,4778,9112
,,,,,,04/07/2013,$10K - $30K,1,4,9642,9684
,,,,,,04/07/2013 Total,,1,4,9642,9684
,,,,,,29/07/2013,$10K - $30K,1,4,7704,10369
,,,,,,29/07/2013 Total,,1,4,7704,10369
,,,,,,04/11/2013,$90K - $110K,1,4,2678,13055
,,,,,,04/11/2013 Total,,1,4,2678,13055
,,,,,,03/12/2013,$30K - $50K,1,3,3448,13788
,,,,,,03/12/2013 Total,,1,3,3448,13788
,,,,,USA Total,,,23,94,110403,130470
,,,,WA Total,,,,23,94,110403,130470
,,,Bremerton Total,,,,,23,94,110403,130470
,,,Camacho,Zacatecas,Mexico,13/02/2013,$10K - $30K,1,3,4956,5854
,,,,,,13/02/2013 Total,,1,3,4956,5854
,,,,,,16/02/2013,$10K - $30K,1,4,9398,5939
,,,,,,16/02/2013 Total,,1,4,9398,5939
,,,,,,16/09/2013,$10K - $30K,1,7,4947,11662
,,,,,,16/09/2013 Total,,1,7,4947,11662
,,,,,,13/10/2013,$50K - $70K,1,4,48,12412
,,,,,,13/10/2013 Total,,1,4,48,12412
,,,,,,06/12/2013,$50K - $70K,1,2,7746,13837
,,,,,,06/12/2013 Total,,1,2,7746,13837
,,,,,Mexico Total,,,5,20,27095,49704
,,,,Zacatecas Total,,,,5,20,27095,49704
,,,Camacho Total,,,,,5,20,27095,49704
,,,Hidalgo,Zacatecas,Mexico,31/12/2012,$50K - $70K,1,4,6669,4726
,,,,,,31/12/2012 Total,,1,4,6669,4726
,,,,,,06/02/2013,$30K - $50K,1,3,1222,5665
,,,,,,06/02/2013 Total,,1,3,1222,5665
,,,,,,16/02/2013,$130K - $150K,1,6,7152,5937
,,,,,,16/02/2013 Total,,1,6,7152,5937
,,,,,,27/02/2013,$10K - $30K,1,3,7472,6260
,,,,,,27/02/2013 Total,,1,3,7472,6260
,,,,,,06/03/2013,$30K - $50K,1,7,1693,6446
,,,,,,06/03/2013 Total,,1,7,1693,6446
,,,,,,24/04/2013,$10K - $30K,1,5,6406,7741
,,,,,,24/04/2013 Total,,1,5,6406,7741
,,,,,,10/06/2013,$50K - $70K,1,2,6669,9039
,,,,,,10/06/2013 Total,,1,2,6669,9039
,,,,,,27/06/2013,$30K - $50K,1,4,1693,9480
,,,,,,27/06/2013 Total,,1,4,1693,9480
,,,,,,31/07/2013,$30K - $50K,1,5,1222,10412
,,,,,,31/07/2013 Total,,1,5,1222,10412
,,,,,,15/08/2013,$30K - $50K,1,4,7793,10839
,,,,,,15/08/2013 Total,,1,4,7793,10839
,,,,,,28/08/2013,$50K - $70K,1,4,6669,11157
,,,,,,28/08/2013 Total,,1,4,6669,11157
,,,,,,16/09/2013,$90K - $110K,1,5,850,11665
,,,,,,16/09/2013 Total,,1,5,850,11665
,,,,,,05/11/2013,$130K - $150K,1,3,7152,13070
,,,,,,05/11/2013 Total,,1,3,7152,13070
,,,,,Mexico Total,,,13,55,62662,112437
,,,,Zacatecas Total,,,,13,55,62662,112437
,,,Hidalgo Total,,,,,13,55,62662,112437
,,,Los Angeles,CA,USA,20/12/2011,$70K - $90K,1,5,7841,2
,,,,,,20/12/2011 Total,,1,5,7841,2
,,,,,,10/01/2012,$30K - $50K,1,4,240,81
,,,,,,10/01/2012 Total,,1,4,240,81
,,,,,,31/01/2012,$70K - $90K,1,4,7801,285
,,,,,,31/01/2012 Total,,1,4,7801,285
,,,,,,02/02/2012,$50K - $70K,1,3,7060,317
,,,,,,02/02/2012 Total,,1,3,7060,317
,,,,,,17/02/2012,$10K - $30K,1,7,2389,496
,,,,,,17/02/2012 Total,,1,7,2389,496
,,,,,,20/02/2012,$50K - $70K,1,3,91,534
,,,,,,20/02/2012 Total,,1,3,91,534
,,,,,,23/02/2012,$30K - $50K,1,3,6621,565
,,,,,,23/02/2012 Total,,1,3,6621,565
,,,,,,26/04/2012,$30K - $50K,1,4,5297,1473
,,,,,,26/04/2012 Total,,1,4,5297,1473
,,,,,,11/05/2012,$50K - $70K,1,5,1743,1678
,,,,,,11/05/2012 Total,,1,5,1743,1678
,,,,,,21/06/2012,$50K - $70K,1,4,4633,2161
,,,,,,21/06/2012 Total,,1,4,4633,2161
,,,,,,18/07/2012,$50K - $70K,1,2,8851,2505
,,,,,,18/07/2012 Total,,1,2,8851,2505
,,,,,,26/07/2012,$30K - $50K,1,4,4479,2593
,,,,,,26/07/2012 Total,,1,4,4479,2593
,,,,,,04/09/2012,$10K - $30K,1,3,9112,3083
,,,,,,04/09/2012 Total,,1,3,9112,3083
,,,,,,03/10/2012,$50K - $70K,1,4,9974,3418
,,,,,,03/10/2012 Total,,1,4,9974,3418
,,,,,,25/10/2012,$30K - $50K,1,2,7642,3700
,,,,,,25/10/2012 Total,,1,2,7642,3700
,,,,,,09/12/2012,$50K - $70K,1,5,7924,4317
,,,,,,09/12/2012 Total,,1,5,7924,4317
,,,,,,03/01/2013,$150K +,1,4,3349,4776
,,,,,,03/01/2013 Total,,1,4,3349,4776
,,,,,,10/01/2013,$30K - $50K,1,3,3922,4952
,,,,,,10/01/2013 Total,,1,3,3922,4952
,,,,,,14/01/2013,$50K - $70K,1,3,9081,5056
,,,,,,14/01/2013 Total,,1,3,9081,5056
,,,,,,30/01/2013,$30K - $50K,1,5,2927,5440
,,,,,,30/01/2013 Total,,1,5,2927,5440
,,,,,,02/02/2013,$10K - $30K,1,4,6566,5563
,,,,,,02/02/2013 Total,,1,4,6566,5563
,,,,,,06/02/2013,$50K - $70K,1,5,5222,5671
,,,,,,06/02/2013 Total,,1,5,5222,5671
,,,,,,02/03/2013,$10K - $30K,1,3,2795,6353
,,,,,,02/03/2013 Total,,1,3,2795,6353
,,,,,,25/03/2013,$30K - $50K,1,4,6730,6922
,,,,,,25/03/2013 Total,,1,4,6730,6922
,,,,,,27/03/2013,$30K - $50K,1,2,6905,6982
,,,,,,27/03/2013 Total,,1,2,6905,6982
,,,,,,04/04/2013,$70K - $90K,1,3,125,7205
,,,,,,04/04/2013 Total,,1,3,125,7205
,,,,,,11/04/2013,$10K - $30K,1,6,4006,7399
,,,,,,11/04/2013 Total,,1,6,4006,7399
,,,,,,12/05/2013,$30K - $50K,1,6,5062,8248
,,,,,,12/05/2013 Total,,1,6,5062,8248
,,,,,,31/05/2013,$10K - $30K,1,5,7517,8767
,,,,,,31/05/2013 Total,,1,5,7517,8767
,,,,,,07/08/2013,$30K - $50K,1,5,370,10592
,,,,,,07/08/2013 Total,,1,5,370,10592
,,,,,,01/09/2013,$70K - $90K,1,4,5580,11276
,,,,,,01/09/2013 Total,,1,4,5580,11276
,,,,,,15/09/2013,$90K - $110K,1,6,5208,11655
,,,,,,15/09/2013 Total,,1,6,5208,11655
,,,,,,11/10/2013,$70K - $90K,1,4,6665,12366
,,,,,,11/10/2013 Total,,1,4,6665,12366
,,,,,,24/10/2013,$30K - $50K,1,4,9190,12737
,,,,,,24/10/2013 Total,,1,4,9190,12737
,,,,,,28/11/2013,$30K - $50K,1,3,7246,13678
,,,,,,28/11/2013 Total,,1,3,7246,13678
,,,,,USA Total,,,35,141,190164,182846
,,,,CA Total,,,,35,141,190164,182846
,,,Los Angeles Total,,,,,35,141,190164,182846
,,,Merida,Yucatan,Mexico,24/12/2012,$110K - $130K,1,4,3661,4579
,,,,,,24/12/2012 Total,,1,4,3661,4579
,,,,,,05/01/2013,$90K - $110K,1,6,8615,4840
,,,,,,05/01/2013 Total,,1,6,8615,4840
,,,,,,20/01/2013,$90K - $110K,1,5,6193,5217
,,,,,,20/01/2013 Total,,1,5,6193,5217
,,,,,,06/02/2013,$90K - $110K,1,4,8615,5668
,,,,,,06/02/2013 Total,,1,4,8615,5668
,,,,,,14/02/2013,$30K - $50K,1,6,2099,5894
,,,,,,14/02/2013 Total,,1,6,2099,5894
,,,,,,05/03/2013,$130K - $150K,1,4,2130,6415
,,,,,,05/03/2013 Total,,1,4,2130,6415
,,,,,,08/03/2013,$30K - $50K,1,4,2099,6513
,,,,,,08/03/2013 Total,,1,4,2099,6513
,,,,,,22/03/2013,$130K - $150K,1,6,2998,6855
,,,,,,22/03/2013 Total,,1,6,2998,6855
,,,,,,28/03/2013,$30K - $50K,1,3,6569,7014
,,,,,,28/03/2013 Total,,1,3,6569,7014
,,,,,,14/04/2013,$10K - $30K,1,2,8928,7474
,,,,,,14/04/2013 Total,,1,2,8928,7474
,,,,,,22/05/2013,$130K - $150K,1,2,2130,8511
,,,,,,22/05/2013 Total,,1,2,2130,8511
,,,,,,11/06/2013,$30K - $50K,1,5,8670,9059
,,,,,,11/06/2013 Total,,1,5,8670,9059
,,,,,,12/07/2013,$50K - $70K,1,5,4477,9923
,,,,,,12/07/2013 Total,,1,5,4477,9923
,,,,,,19/08/2013,$50K - $70K,1,3,4477,10919
,,,,,,19/08/2013 Total,,1,3,4477,10919
,,,,,,27/09/2013,$30K - $50K,1,6,486,12001
,,,,,,27/09/2013 Total,,1,6,486,12001
,,,,,,04/11/2013,$30K - $50K,1,5,2852,13034
,,,,,,04/11/2013 Total,,1,5,2852,13034
,,,,,,13/11/2013,$10K - $30K,1,4,6394,13316
,,,,,,13/11/2013 Total,,1,4,6394,13316
,,,,,,03/12/2013,$70K - $90K,1,5,7711,13791
,,,,,,03/12/2013 Total,,1,5,7711,13791
,,,,,,04/12/2013,$30K - $50K,1,3,2099,13809
,,,,,,04/12/2013 Total,,1,3,2099,13809
,,,,,Mexico Total,,,19,82,91203,164832
,,,,Yucatan Total,,,,19,82,91203,164832
,,,Merida Total,,,,,19,82,91203,164832
,,,Mexico City,DF,Mexico,24/01/2013,$30K - $50K,1,4,7485,5303
,,,,,,24/01/2013 Total,,1,4,7485,5303
,,,,,,29/01/2013,$10K - $30K,1,4,5315,5413
,,,,,,29/01/2013 Total,,1,4,5315,5413
,,,,,,30/01/2013,$30K - $50K,1,3,7485,5452
,,,,,,30/01/2013 Total,,1,3,7485,5452
,,,,,,24/05/2013,$10K - $30K,1,4,5258,8565
,,,,,,24/05/2013 Total,,1,4,5258,8565
,,,,,,05/12/2013,$130K - $150K,1,5,978,13820
,,,,,,05/12/2013 Total,,1,5,978,13820
,,,,,Mexico Total,,,5,20,26521,38553
,,,,DF Total,,,,5,20,26521,38553
,,,Mexico City Total,,,,,5,20,26521,38553
,,,Orizaba,Veracruz,Mexico,26/01/2013,$110K - $130K,1,5,7321,5347
,,,,,,26/01/2013 Total,,1,5,7321,5347
,,,,,,09/03/2013,$30K - $50K,1,4,7176,6532
,,,,,,,$70K - $90K,1,5,9197,6533
,,,,,,09/03/2013 Total,,2,9,16373,13065
,,,,,,15/03/2013,$110K - $130K,1,6,9634,6682
,,,,,,15/03/2013 Total,,1,6,9634,6682
,,,,,,16/03/2013,$150K +,1,3,1641,6705
,,,,,,16/03/2013 Total,,1,3,1641,6705
,,,,,,27/04/2013,$10K - $30K,1,2,1343,7827
,,,,,,27/04/2013 Total,,1,2,1343,7827
,,,,,,07/05/2013,$50K - $70K,1,5,7614,8104
,,,,,,07/05/2013 Total,,1,5,7614,8104
,,,,,,07/06/2013,$110K - $130K,1,4,7321,8970
,,,,,,07/06/2013 Total,,1,4,7321,8970
,,,,,,04/07/2013,$110K - $130K,1,5,7994,9700
,,,,,,04/07/2013 Total,,1,5,7994,9700
,,,,,,04/08/2013,$30K - $50K,1,3,5223,10522
,,,,,,04/08/2013 Total,,1,3,5223,10522
,,,,,,14/08/2013,$30K - $50K,1,5,2697,10824
,,,,,,14/08/2013 Total,,1,5,2697,10824
,,,,,,25/08/2013,$30K - $50K,1,2,5223,11075
,,,,,,25/08/2013 Total,,1,2,5223,11075
,,,,,,07/09/2013,$50K - $70K,1,3,5053,11417
,,,,,,07/09/2013 Total,,1,3,5053,11417
,,,,,,16/09/2013,$30K - $50K,1,5,7176,11669
,,,,,,16/09/2013 Total,,1,5,7176,11669
,,,,,,01/11/2013,$10K - $30K,1,4,2063,12948
,,,,,,01/11/2013 Total,,1,4,2063,12948
,,,,,Mexico Total,,,15,61,86676,134855
,,,,Veracruz Total,,,,15,61,86676,134855
,,,Orizaba Total,,,,,15,61,86676,134855
,,,Portland,OR,USA,24/01/2012,$10K - $30K,1,4,2158,208
,,,,,,24/01/2012 Total,,1,4,2158,208
,,,,,,27/01/2012,$70K - $90K,1,4,5499,243
,,,,,,27/01/2012 Total,,1,4,5499,243
,,,,,,07/02/2012,$10K - $30K,1,5,8215,390
,,,,,,07/02/2012 Total,,1,5,8215,390
,,,,,,12/03/2012,$90K - $110K,1,4,1594,814
,,,,,,12/03/2012 Total,,1,4,1594,814
,,,,,,17/03/2012,$10K - $30K,1,4,4726,882
,,,,,,17/03/2012 Total,,1,4,4726,882
,,,,,,26/04/2012,$30K - $50K,1,3,9602,1476
,,,,,,26/04/2012 Total,,1,3,9602,1476
,,,,,,08/05/2012,$30K - $50K,1,6,4274,1644
,,,,,,08/05/2012 Total,,1,6,4274,1644
,,,,,,16/05/2012,$10K - $30K,1,4,8556,1742
,,,,,,,$30K - $50K,1,4,7255,1733
,,,,,,16/05/2012 Total,,2,8,15811,3475
,,,,,,02/06/2012,$30K - $50K,1,2,5827,1962
,,,,,,02/06/2012 Total,,1,2,5827,1962
,,,,,,22/07/2012,$30K - $50K,1,5,7978,2550
,,,,,,22/07/2012 Total,,1,5,7978,2550
,,,,,,02/09/2012,$50K - $70K,1,3,7618,3058
,,,,,,02/09/2012 Total,,1,3,7618,3058
,,,,,,15/09/2012,$30K - $50K,1,3,2245,3212
,,,,,,15/09/2012 Total,,1,3,2245,3212
,,,,,,26/09/2012,$150K +,1,3,1587,3338
,,,,,,26/09/2012 Total,,1,3,1587,3338
,,,,,,27/11/2012,$30K - $50K,1,5,621,4145
,,,,,,27/11/2012 Total,,1,5,621,4145
,,,,,,08/12/2012,$30K - $50K,1,4,2908,4307
,,,,,,08/12/2012 Total,,1,4,2908,4307
,,,,,,16/12/2012,$30K - $50K,1,4,621,4430
,,,,,,16/12/2012 Total,,1,4,621,4430
,,,,,,17/12/2012,$30K - $50K,1,5,4566,4454
,,,,,,17/12/2012 Total,,1,5,4566,4454
,,,,,,10/03/2013,$50K - $70K,1,4,7828,6574
,,,,,,10/03/2013 Total,,1,4,7828,6574
,,,,,,13/04/2013,$10K - $30K,1,5,1460,7433
,,,,,,13/04/2013 Total,,1,5,1460,7433
,,,,,,24/04/2013,$10K - $30K,1,4,9270,7745
,,,,,,24/04/2013 Total,,1,4,9270,7745
,,,,,,13/05/2013,$30K - $50K,1,3,5827,8278
,,,,,,13/05/2013 Total,,1,3,5827,8278
,,,,,,27/05/2013,$10K - $30K,1,3,1511,8648
,,,,,,27/05/2013 Total,,1,3,1511,8648
,,,,,,28/05/2013,$30K - $50K,1,4,9619,8702
,,,,,,28/05/2013 Total,,1,4,9619,8702
,,,,,,02/08/2013,$70K - $90K,1,4,7232,10476
,,,,,,02/08/2013 Total,,1,4,7232,10476
,,,,,,07/08/2013,$130K - $150K,1,5,8528,10593
,,,,,,07/08/2013 Total,,1,5,8528,10593
,,,,,,23/09/2013,$70K - $90K,1,6,5499,11871
,,,,,,23/09/2013 Total,,1,6,5499,11871
,,,,,,17/10/2013,$50K - $70K,1,3,7618,12534
,,,,,,17/10/2013 Total,,1,3,7618,12534
,,,,,,02/12/2013,$10K - $30K,1,4,5739,13762
,,,,,,02/12/2013 Total,,1,4,5739,13762
,,,,,USA Total,,,29,117,155981,147204
,,,,OR Total,,,,29,117,155981,147204
,,,Portland Total,,,,,29,117,155981,147204
,,,Salem,OR,USA,24/01/2012,$30K - $50K,1,3,5734,213
,,,,,,24/01/2012 Total,,1,3,5734,213
,,,,,,27/01/2012,$50K - $70K,1,5,5476,232
,,,,,,,$90K - $110K,1,4,8901,246
,,,,,,27/01/2012 Total,,2,9,14377,478
,,,,,,24/02/2012,$50K - $70K,1,5,8367,580
,,,,,,24/02/2012 Total,,1,5,8367,580
,,,,,,31/03/2012,$10K - $30K,1,6,4342,1096
,,,,,,31/03/2012 Total,,1,6,4342,1096
,,,,,,06/04/2012,$10K - $30K,1,4,3113,1183
,,,,,,06/04/2012 Total,,1,4,3113,1183
,,,,,,15/04/2012,$30K - $50K,1,4,1773,1311
,,,,,,15/04/2012 Total,,1,4,1773,1311
,,,,,,08/05/2012,$10K - $30K,1,2,5060,1645
,,,,,,08/05/2012 Total,,1,2,5060,1645
,,,,,,21/05/2012,$130K - $150K,1,3,5433,1811
,,,,,,21/05/2012 Total,,1,3,5433,1811
,,,,,,17/07/2012,$50K - $70K,1,3,1490,2493
,,,,,,17/07/2012 Total,,1,3,1490,2493
,,,,,,13/08/2012,$110K - $130K,1,3,2188,2825
,,,,,,13/08/2012 Total,,1,3,2188,2825
,,,,,,06/09/2012,$110K - $130K,1,5,7319,3112
,,,,,,,$70K - $90K,1,5,4875,3110
,,,,,,06/09/2012 Total,,2,10,12194,6222
,,,,,,28/09/2012,$30K - $50K,1,3,8814,3352
,,,,,,28/09/2012 Total,,1,3,8814,3352
,,,,,,18/10/2012,$10K - $30K,1,3,8015,3616
,,,,,,18/10/2012 Total,,1,3,8015,3616
,,,,,,25/10/2012,$50K - $70K,1,3,1721,3692
,,,,,,25/10/2012 Total,,1,3,1721,3692
,,,,,,23/12/2012,$150K +,1,5,6012,4559
,,,,,,23/12/2012 Total,,1,5,6012,4559
,,,,,,30/12/2012,$30K - $50K,1,4,8659,4693
,,,,,,30/12/2012 Total,,1,4,8659,4693
,,,,,,07/01/2013,$50K - $70K,1,7,9929,4886
,,,,,,,$70K - $90K,1,5,3360,4880
,,,,,,07/01/2013 Total,,2,12,13289,9766
,,,,,,23/01/2013,$10K - $30K,1,4,9491,5265
,,,,,,23/01/2013 Total,,1,4,9491,5265
,,,,,,23/02/2013,$30K - $50K,1,5,3728,6156
,,,,,,23/02/2013 Total,,1,5,3728,6156
,,,,,,24/02/2013,$90K - $110K,1,4,7952,6174
,,,,,,24/02/2013 Total,,1,4,7952,6174
,,,,,,08/03/2013,$30K - $50K,1,6,4330,6506
,,,,,,08/03/2013 Total,,1,6,4330,6506
,,,,,,10/03/2013,$70K - $90K,1,4,7522,6562
,,,,,,10/03/2013 Total,,1,4,7522,6562
,,,,,,13/03/2013,$70K - $90K,1,3,3360,6635
,,,,,,13/03/2013 Total,,1,3,3360,6635
,,,,,,21/03/2013,$10K - $30K,1,4,543,6821
,,,,,,21/03/2013 Total,,1,4,543,6821
,,,,,,05/04/2013,$130K - $150K,1,5,9892,7240
,,,,,,05/04/2013 Total,,1,5,9892,7240
,,,,,,12/04/2013,$10K - $30K,1,2,2151,7416
,,,,,,12/04/2013 Total,,1,2,2151,7416
,,,,,,22/04/2013,$10K - $30K,1,3,2614,7699
,,,,,,22/04/2013 Total,,1,3,2614,7699
,,,,,,14/05/2013,$130K - $150K,1,5,7521,8293
,,,,,,14/05/2013 Total,,1,5,7521,8293
,,,,,,18/05/2013,$50K - $70K,1,5,8667,8390
,,,,,,18/05/2013 Total,,1,5,8667,8390
,,,,,,29/06/2013,$10K - $30K,1,5,4736,9548
,,,,,,29/06/2013 Total,,1,5,4736,9548
,,,,,,04/09/2013,$10K - $30K,1,3,177,11342
,,,,,,04/09/2013 Total,,1,3,177,11342
,,,,,,09/09/2013,$30K - $50K,1,6,10106,11480
,,,,,,09/09/2013 Total,,1,6,10106,11480
,,,,,,12/09/2013,$50K - $70K,1,4,3695,11563
,,,,,,12/09/2013 Total,,1,4,3695,11563
,,,,,,18/09/2013,$50K - $70K,1,5,8667,11719
,,,,,,18/09/2013 Total,,1,5,8667,11719
,,,,,USA Total,,,37,155,205733,188344
,,,,OR Total,,,,37,155,205733,188344
,,,Salem Total,,,,,37,155,205733,188344
,,,San Andres,DF,Mexico,27/01/2013,$50K - $70K,1,6,1169,5376
,,,,,,27/01/2013 Total,,1,6,1169,5376
,,,,,,02/03/2013,$110K - $130K,1,5,7307,6346
,,,,,,02/03/2013 Total,,1,5,7307,6346
,,,,,,15/03/2013,$130K - $150K,1,3,7308,6684
,,,,,,15/03/2013 Total,,1,3,7308,6684
,,,,,,15/04/2013,$30K - $50K,1,4,7652,7487
,,,,,,15/04/2013 Total,,1,4,7652,7487
,,,,,,06/05/2013,$10K - $30K,1,5,211,8077
,,,,,,06/05/2013 Total,,1,5,211,8077
,,,,,,14/05/2013,$10K - $30K,1,4,5315,8302
,,,,,,14/05/2013 Total,,1,4,5315,8302
,,,,,,27/05/2013,$10K - $30K,1,5,211,8670
,,,,,,27/05/2013 Total,,1,5,211,8670
,,,,,,02/06/2013,$50K - $70K,1,4,4271,8832
,,,,,,02/06/2013 Total,,1,4,4271,8832
,,,,,,09/06/2013,$50K - $70K,1,3,6971,9007
,,,,,,09/06/2013 Total,,1,3,6971,9007
,,,,,,19/06/2013,$130K - $150K,1,6,8191,9276
,,,,,,19/06/2013 Total,,1,6,8191,9276
,,,,,,23/06/2013,$10K - $30K,1,5,9268,9398
,,,,,,23/06/2013 Total,,1,5,9268,9398
,,,,,,15/07/2013,$110K - $130K,1,6,6750,10017
,,,,,,15/07/2013 Total,,1,6,6750,10017
,,,,,,07/08/2013,$30K - $50K,1,3,1424,10608
,,,,,,07/08/2013 Total,,1,3,1424,10608
,,,,,,08/08/2013,$30K - $50K,1,4,1424,10633
,,,,,,08/08/2013 Total,,1,4,1424,10633
,,,,,,14/08/2013,$10K - $30K,1,5,4960,10802
,,,,,,14/08/2013 Total,,1,5,4960,10802
,,,,,,16/08/2013,$130K - $150K,1,7,8191,10858
,,,,,,16/08/2013 Total,,1,7,8191,10858
,,,,,,28/09/2013,$70K - $90K,1,5,6032,12011
,,,,,,28/09/2013 Total,,1,5,6032,12011
,,,,,,30/09/2013,$30K - $50K,1,4,9283,12079
,,,,,,30/09/2013 Total,,1,4,9283,12079
,,,,,,02/10/2013,$50K - $70K,1,3,8,12128
,,,,,,02/10/2013 Total,,1,3,8,12128
,,,,,,24/10/2013,$10K - $30K,1,6,1025,12730
,,,,,,24/10/2013 Total,,1,6,1025,12730
,,,,,,25/10/2013,$30K - $50K,1,3,3880,12760
,,,,,,25/10/2013 Total,,1,3,3880,12760
,,,,,,13/11/2013,$50K - $70K,1,3,6847,13291
,,,,,,13/11/2013 Total,,1,3,6847,13291
,,,,,Mexico Total,,,22,99,107698,215372
,,,,DF Total,,,,22,99,107698,215372
,,,San Andres Total,,,,,22,99,107698,215372
,,,San Diego,CA,USA,12/03/2012,$30K - $50K,1,3,4103,811
,,,,,,12/03/2012 Total,,1,3,4103,811
,,,,,,30/03/2012,$30K - $50K,1,2,3037,1093
,,,,,,30/03/2012 Total,,1,2,3037,1093
,,,,,,22/04/2012,$30K - $50K,1,6,1409,1417
,,,,,,22/04/2012 Total,,1,6,1409,1417
,,,,,,27/04/2012,$110K - $130K,1,5,6642,1480
,,,,,,27/04/2012 Total,,1,5,6642,1480
,,,,,,30/05/2012,$50K - $70K,1,5,3469,1918
,,,,,,30/05/2012 Total,,1,5,3469,1918
,,,,,,06/06/2012,$30K - $50K,1,7,6353,2013
,,,,,,06/06/2012 Total,,1,7,6353,2013
,,,,,,25/07/2012,$30K - $50K,1,3,6414,2581
,,,,,,25/07/2012 Total,,1,3,6414,2581
,,,,,,03/09/2012,$30K - $50K,1,6,9604,3066
,,,,,,03/09/2012 Total,,1,6,9604,3066
,,,,,,04/09/2012,$10K - $30K,1,4,4491,3080
,,,,,,04/09/2012 Total,,1,4,4491,3080
,,,,,,19/09/2012,$30K - $50K,1,6,3965,3275
,,,,,,19/09/2012 Total,,1,6,3965,3275
,,,,,,27/09/2012,$50K - $70K,1,2,7095,3340
,,,,,,27/09/2012 Total,,1,2,7095,3340
,,,,,,29/10/2012,$10K - $30K,1,4,3361,3754
,,,,,,29/10/2012 Total,,1,4,3361,3754
,,,,,,27/11/2012,$30K - $50K,1,5,7014,4142
,,,,,,27/11/2012 Total,,1,5,7014,4142
,,,,,,21/12/2012,$30K - $50K,1,7,7595,4520
,,,,,,21/12/2012 Total,,1,7,7595,4520
,,,,,,08/01/2013,$30K - $50K,1,4,8618,4895
,,,,,,08/01/2013 Total,,1,4,8618,4895
,,,,,,11/01/2013,$70K - $90K,1,3,5611,4987
,,,,,,11/01/2013 Total,,1,3,5611,4987
,,,,,,12/01/2013,$10K - $30K,1,5,4491,5013
,,,,,,12/01/2013 Total,,1,5,4491,5013
,,,,,,31/01/2013,$70K - $90K,1,3,6142,5480
,,,,,,31/01/2013 Total,,1,3,6142,5480
,,,,,,10/02/2013,$90K - $110K,1,6,9106,5779
,,,,,,10/02/2013 Total,,1,6,9106,5779
,,,,,,26/03/2013,$30K - $50K,1,5,741,6962
,,,,,,26/03/2013 Total,,1,5,741,6962
,,,,,,12/04/2013,$10K - $30K,1,7,2970,7418
,,,,,,12/04/2013 Total,,1,7,2970,7418
,,,,,,29/04/2013,$70K - $90K,1,5,9195,7901
,,,,,,29/04/2013 Total,,1,5,9195,7901
,,,,,,01/05/2013,$50K - $70K,1,6,906,7942
,,,,,,01/05/2013 Total,,1,6,906,7942
,,,,,,21/05/2013,$30K - $50K,1,2,7530,8489
,,,,,,21/05/2013 Total,,1,2,7530,8489
,,,,,,24/05/2013,$10K - $30K,1,3,3893,8577
,,,,,,24/05/2013 Total,,1,3,3893,8577
,,,,,,01/06/2013,$30K - $50K,1,5,4635,8809
,,,,,,01/06/2013 Total,,1,5,4635,8809
,,,,,,28/06/2013,$30K - $50K,1,3,7530,9508
,,,,,,28/06/2013 Total,,1,3,7530,9508
,,,,,,01/10/2013,$30K - $50K,1,4,7301,12109
,,,,,,01/10/2013 Total,,1,4,7301,12109
,,,,,,20/11/2013,$110K - $130K,1,5,3780,13480
,,,,,,20/11/2013 Total,,1,5,3780,13480
,,,,,,30/11/2013,$30K - $50K,1,4,2623,13720
,,,,,,30/11/2013 Total,,1,4,2623,13720
,,,,,USA Total,,,30,135,159624,167559
,,,,CA Total,,,,30,135,159624,167559
,,,San Diego Total,,,,,30,135,159624,167559
,,,San Francisco,CA,USA,26/03/2012,$130K - $150K,1,1,1066,1015
,,,,,,,$30K - $50K,1,1,5057,1008
,,,,,,26/03/2012 Total,,2,2,6123,2023
,,,,,USA Total,,,2,2,6123,2023
,,,,CA Total,,,,2,2,6123,2023
,,,San Francisco Total,,,,,2,2,6123,2023
,,,Seattle,WA,USA,02/02/2012,$30K - $50K,1,4,7927,321
,,,,,,02/02/2012 Total,,1,4,7927,321
,,,,,,21/07/2012,$50K - $70K,1,4,4291,2541
,,,,,,21/07/2012 Total,,1,4,4291,2541
,,,,,,12/08/2012,$70K - $90K,1,4,3620,2818
,,,,,,12/08/2012 Total,,1,4,3620,2818
,,,,,,03/09/2012,$50K - $70K,1,5,4630,3064
,,,,,,03/09/2012 Total,,1,5,4630,3064
,,,,,,28/09/2012,$50K - $70K,1,3,1545,3354
,,,,,,28/09/2012 Total,,1,3,1545,3354
,,,,,,25/11/2012,$70K - $90K,1,7,1285,4109
,,,,,,25/11/2012 Total,,1,7,1285,4109
,,,,,,28/01/2013,$90K - $110K,1,4,2506,5403
,,,,,,28/01/2013 Total,,1,4,2506,5403
,,,,,,20/02/2013,$70K - $90K,1,4,8503,6064
,,,,,,20/02/2013 Total,,1,4,8503,6064
,,,,,,24/02/2013,$130K - $150K,1,5,5428,6180
,,,,,,24/02/2013 Total,,1,5,5428,6180
,,,,,,25/03/2013,$70K - $90K,1,3,3207,6934
,,,,,,25/03/2013 Total,,1,3,3207,6934
,,,,,,30/03/2013,$150K +,1,4,1686,7073
,,,,,,30/03/2013 Total,,1,4,1686,7073
,,,,,,03/05/2013,$50K - $70K,1,4,4642,7984
,,,,,,03/05/2013 Total,,1,4,4642,7984
,,,,,,16/05/2013,$10K - $30K,2,8,8283,16690
,,,,,,16/05/2013 Total,,2,8,8283,16690
,,,,,,18/05/2013,$50K - $70K,1,5,9682,8396
,,,,,,18/05/2013 Total,,1,5,9682,8396
,,,,,,23/05/2013,$50K - $70K,1,5,4153,8541
,,,,,,23/05/2013 Total,,1,5,4153,8541
,,,,,,06/07/2013,$10K - $30K,1,4,2178,9737
,,,,,,06/07/2013 Total,,1,4,2178,9737
,,,,,,03/09/2013,$30K - $50K,1,2,5195,11315
,,,,,,03/09/2013 Total,,1,2,5195,11315
,,,,,,26/09/2013,$30K - $50K,1,2,4228,11951
,,,,,,26/09/2013 Total,,1,2,4228,11951
,,,,,,28/10/2013,$10K - $30K,1,6,7129,12855
,,,,,,28/10/2013 Total,,1,6,7129,12855
,,,,,,09/11/2013,$30K - $50K,1,4,6729,13180
,,,,,,09/11/2013 Total,,1,4,6729,13180
,,,,,,03/12/2013,$30K - $50K,1,5,9800,13796
,,,,,,03/12/2013 Total,,1,5,9800,13796
,,,,,,09/12/2013,$70K - $90K,1,3,886,13882
,,,,,,09/12/2013 Total,,1,3,886,13882
,,,,,,11/12/2013,$10K - $30K,1,6,8701,13909
,,,,,,11/12/2013 Total,,1,6,8701,13909
,,,,,,14/12/2013,$30K - $50K,1,4,4127,13946
,,,,,,14/12/2013 Total,,1,4,4127,13946
,,,,,USA Total,,,25,105,120361,204043
,,,,WA Total,,,,25,105,120361,204043
,,,Seattle Total,,,,,25,105,120361,204043
,,,Spokane,WA,USA,25/03/2012,$50K - $70K,1,4,3826,992
,,,,,,25/03/2012 Total,,1,4,3826,992
,,,,,,21/04/2012,$50K - $70K,1,3,3826,1410
,,,,,,21/04/2012 Total,,1,3,3826,1410
,,,,,,12/05/2012,$110K - $130K,1,4,9318,1685
,,,,,,12/05/2012 Total,,1,4,9318,1685
,,,,,,03/06/2012,$10K - $30K,1,2,9728,1967
,,,,,,03/06/2012 Total,,1,2,9728,1967
,,,,,,17/07/2012,$10K - $30K,1,4,5432,2499
,,,,,,17/07/2012 Total,,1,4,5432,2499
,,,,,,29/09/2012,$10K - $30K,1,3,5432,3369
,,,,,,29/09/2012 Total,,1,3,5432,3369
,,,,,,05/12/2012,$70K - $90K,1,3,5766,4264
,,,,,,05/12/2012 Total,,1,3,5766,4264
,,,,,,17/12/2012,$10K - $30K,1,4,9728,4459
,,,,,,17/12/2012 Total,,1,4,9728,4459
,,,,,,18/01/2013,$50K - $70K,1,3,2553,5142
,,,,,,18/01/2013 Total,,1,3,2553,5142
,,,,,,23/01/2013,$30K - $50K,1,3,7862,5279
,,,,,,23/01/2013 Total,,1,3,7862,5279
,,,,,,20/04/2013,$130K - $150K,1,6,8452,7636
,,,,,,20/04/2013 Total,,1,6,8452,7636
,,,,,,27/04/2013,$30K - $50K,1,5,9815,7822
,,,,,,27/04/2013 Total,,1,5,9815,7822
,,,,,,26/05/2013,$10K - $30K,1,4,8427,8644
,,,,,,,$70K - $90K,1,5,3567,8627
,,,,,,26/05/2013 Total,,2,9,11994,17271
,,,,,,23/06/2013,$50K - $70K,1,5,1567,9403
,,,,,,23/06/2013 Total,,1,5,1567,9403
,,,,,,30/06/2013,$70K - $90K,1,6,6835,9578
,,,,,,30/06/2013 Total,,1,6,6835,9578
,,,,,,26/08/2013,$70K - $90K,1,4,5766,11121
,,,,,,26/08/2013 Total,,1,4,5766,11121
,,,,,,15/10/2013,$30K - $50K,1,5,9631,12471
,,,,,,15/10/2013 Total,,1,5,9631,12471
,,,,,USA Total,,,18,73,117531,106368
,,,,WA Total,,,,18,73,117531,106368
,,,Spokane Total,,,,,18,73,117531,106368
,,,Tacoma,WA,USA,31/01/2012,$70K - $90K,1,5,2295,290
,,,,,,31/01/2012 Total,,1,5,2295,290
,,,,,,19/02/2012,$30K - $50K,1,5,9327,521
,,,,,,19/02/2012 Total,,1,5,9327,521
,,,,,,22/02/2012,$10K - $30K,1,4,9187,555
,,,,,,22/02/2012 Total,,1,4,9187,555
,,,,,,25/02/2012,$10K - $30K,1,5,8963,593
,,,,,,25/02/2012 Total,,1,5,8963,593
,,,,,,05/03/2012,$70K - $90K,1,4,4099,710
,,,,,,05/03/2012 Total,,1,4,4099,710
,,,,,,12/04/2012,$10K - $30K,1,4,341,1259
,,,,,,12/04/2012 Total,,1,4,341,1259
,,,,,,12/05/2012,$110K - $130K,1,5,5303,1698
,,,,,,12/05/2012 Total,,1,5,5303,1698
,,,,,,17/05/2012,$30K - $50K,1,5,9837,1756
,,,,,,17/05/2012 Total,,1,5,9837,1756
,,,,,,05/07/2012,$30K - $50K,1,5,1744,2337
,,,,,,05/07/2012 Total,,1,5,1744,2337
,,,,,,15/07/2012,$30K - $50K,1,5,8860,2452
,,,,,,15/07/2012 Total,,1,5,8860,2452
,,,,,,17/07/2012,$50K - $70K,1,5,10167,2501
,,,,,,17/07/2012 Total,,1,5,10167,2501
,,,,,,11/09/2012,$30K - $50K,1,3,6061,3158
,,,,,,11/09/2012 Total,,1,3,6061,3158
,,,,,,14/09/2012,$30K - $50K,1,4,10243,3205
,,,,,,14/09/2012 Total,,1,4,10243,3205
,,,,,,08/10/2012,$10K - $30K,1,5,9937,3502
,,,,,,08/10/2012 Total,,1,5,9937,3502
,,,,,,19/10/2012,$30K - $50K,1,4,8242,3627
,,,,,,19/10/2012 Total,,1,4,8242,3627
,,,,,,11/12/2012,$30K - $50K,1,4,8199,4365
,,,,,,11/12/2012 Total,,1,4,8199,4365
,,,,,,14/12/2012,$90K - $110K,1,3,6681,4401
,,,,,,14/12/2012 Total,,1,3,6681,4401
,,,,,,28/12/2012,$30K - $50K,1,4,10116,4651
,,,,,,28/12/2012 Total,,1,4,10116,4651
,,,,,,29/12/2012,$110K - $130K,1,5,5590,4672
,,,,,,29/12/2012 Total,,1,5,5590,4672
,,,,,,02/01/2013,$10K - $30K,1,3,8414,4757
,,,,,,02/01/2013 Total,,1,3,8414,4757
,,,,,,06/01/2013,$10K - $30K,1,4,4029,4852
,,,,,,06/01/2013 Total,,1,4,4029,4852
,,,,,,15/02/2013,$90K - $110K,1,6,6372,5914
,,,,,,15/02/2013 Total,,1,6,6372,5914
,,,,,,21/02/2013,$30K - $50K,1,3,3976,6078
,,,,,,21/02/2013 Total,,1,3,3976,6078
,,,,,,11/03/2013,$70K - $90K,1,6,8777,6580
,,,,,,11/03/2013 Total,,1,6,8777,6580
,,,,,,12/03/2013,$30K - $50K,1,4,1003,6608
,,,,,,12/03/2013 Total,,1,4,1003,6608
,,,,,,16/03/2013,$70K - $90K,1,3,8777,6710
,,,,,,16/03/2013 Total,,1,3,8777,6710
,,,,,,24/03/2013,$50K - $70K,1,3,1334,6909
,,,,,,24/03/2013 Total,,1,3,1334,6909
,,,,,,28/03/2013,$10K - $30K,2,10,12365,14034
,,,,,,28/03/2013 Total,,2,10,12365,14034
,,,,,,29/04/2013,$110K - $130K,1,5,9366,7866
,,,,,,29/04/2013 Total,,1,5,9366,7866
,,,,,,26/05/2013,$30K - $50K,1,4,1983,8635
,,,,,,26/05/2013 Total,,1,4,1983,8635
,,,,,,18/07/2013,$30K - $50K,1,2,1744,10082
,,,,,,18/07/2013 Total,,1,2,1744,10082
,,,,,,20/07/2013,$10K - $30K,1,3,5256,10153
,,,,,,20/07/2013 Total,,1,3,5256,10153
,,,,,,07/08/2013,$70K - $90K,1,4,5790,10604
,,,,,,07/08/2013 Total,,1,4,5790,10604
,,,,,,11/08/2013,$30K - $50K,1,5,1003,10714
,,,,,,11/08/2013 Total,,1,5,1003,10714
,,,,,,25/08/2013,$10K - $30K,1,3,8466,11092
,,,,,,25/08/2013 Total,,1,3,8466,11092
,,,,,,24/09/2013,$70K - $90K,1,3,2295,11890
,,,,,,24/09/2013 Total,,1,3,2295,11890
,,,,,,20/10/2013,$10K - $30K,1,3,8414,12605
,,,,,,,$70K - $90K,1,5,8254,12604
,,,,,,20/10/2013 Total,,2,8,16668,25209
,,,,,,26/11/2013,$110K - $130K,1,3,9639,13641
,,,,,,26/11/2013 Total,,1,3,9639,13641
,,,,,,24/12/2013,$70K - $90K,1,2,7655,14023
,,,,,,24/12/2013 Total,,1,2,7655,14023
,,,,,USA Total,,,41,168,260104,242604
,,,,WA Total,,,,41,168,260104,242604
,,,Tacoma Total,,,,,41,168,260104,242604
,,,Vancouver,BC,Canada,07/01/2013,$10K - $30K,1,4,1520,4882
,,,,,,07/01/2013 Total,,1,4,1520,4882
,,,,,,04/03/2013,$10K - $30K,1,4,3730,6396
,,,,,,04/03/2013 Total,,1,4,3730,6396
,,,,,,05/06/2013,$50K - $70K,1,6,7164,8891
,,,,,,,$70K - $90K,1,3,1568,8915
,,,,,,05/06/2013 Total,,2,9,8732,17806
,,,,,,06/06/2013,$30K - $50K,1,5,7718,8943
,,,,,,06/06/2013 Total,,1,5,7718,8943
,,,,,,19/06/2013,$30K - $50K,1,2,7039,9279
,,,,,,19/06/2013 Total,,1,2,7039,9279
,,,,,,25/07/2013,$30K - $50K,1,3,6746,10281
,,,,,,25/07/2013 Total,,1,3,6746,10281
,,,,,,05/08/2013,$30K - $50K,1,5,4797,10561
,,,,,,05/08/2013 Total,,1,5,4797,10561
,,,,,,07/08/2013,$30K - $50K,1,6,59,10591
,,,,,,07/08/2013 Total,,1,6,59,10591
,,,,,,17/09/2013,$30K - $50K,1,4,1719,11699
,,,,,,17/09/2013 Total,,1,4,1719,11699
,,,,,,25/09/2013,$10K - $30K,1,3,2423,11922
,,,,,,25/09/2013 Total,,1,3,2423,11922
,,,,,,03/10/2013,$90K - $110K,1,2,4978,12142
,,,,,,03/10/2013 Total,,1,2,4978,12142
,,,,,,01/11/2013,$30K - $50K,1,3,5136,12946
,,,,,,01/11/2013 Total,,1,3,5136,12946
,,,,,,15/11/2013,$50K - $70K,1,5,904,13355
,,,,,,15/11/2013 Total,,1,5,904,13355
,,,,,,24/11/2013,$10K - $30K,1,4,3829,13592
,,,,,,24/11/2013 Total,,1,4,3829,13592
,,,,,Canada Total,,,15,59,59330,154395
,,,,BC Total,,,,15,59,59330,154395
,,,Vancouver Total,,,,,15,59,59330,154395
,,,Victoria,BC,Canada,10/07/2013,$90K - $110K,1,5,5722,9853
,,,,,,10/07/2013 Total,,1,5,5722,9853
,,,,,,12/07/2013,$30K - $50K,1,2,5863,9926
,,,,,,12/07/2013 Total,,1,2,5863,9926
,,,,,,19/07/2013,$70K - $90K,1,4,6810,10125
,,,,,,19/07/2013 Total,,1,4,6810,10125
,,,,,Canada Total,,,3,11,18395,29904
,,,,BC Total,,,,3,11,18395,29904
,,,Victoria Total,,,,,3,11,18395,29904
,,,Walla Walla,WA,USA,14/11/2012,$10K - $30K,1,2,2894,3954
,,,,,,14/11/2012 Total,,1,2,2894,3954
,,,,,,03/10/2013,$130K - $150K,1,1,4651,12147
,,,,,,03/10/2013 Total,,1,1,4651,12147
,,,,,USA Total,,,2,3,7545,16101
,,,,WA Total,,,,2,3,7545,16101
,,,Walla Walla Total,,,,,2,3,7545,16101
,,,Yakima,WA,USA,31/01/2012,$70K - $90K,1,4,2011,287
,,,,,,31/01/2012 Total,,1,4,2011,287
,,,,,,31/03/2012,$10K - $30K,1,6,2588,1103
,,,,,,31/03/2012 Total,,1,6,2588,1103
,,,,,,12/07/2012,$70K - $90K,1,4,1917,2418
,,,,,,12/07/2012 Total,,1,4,1917,2418
,,,,,,17/07/2012,$10K - $30K,1,4,2588,2476
,,,,,,17/07/2012 Total,,1,4,2588,2476
,,,,,,10/01/2013,$110K - $130K,1,2,3725,4957
,,,,,,10/01/2013 Total,,1,2,3725,4957
,,,,,,12/03/2013,$70K - $90K,1,6,9134,6622
,,,,,,12/03/2013 Total,,1,6,9134,6622
,,,,,,15/03/2013,$30K - $50K,1,4,8463,6689
,,,,,,15/03/2013 Total,,1,4,8463,6689
,,,,,,21/05/2013,$10K - $30K,1,3,2588,8481
,,,,,,21/05/2013 Total,,1,3,2588,8481
,,,,,,09/08/2013,$70K - $90K,1,3,9134,10661
,,,,,,09/08/2013 Total,,1,3,9134,10661
,,,,,,11/10/2013,$50K - $70K,1,3,739,12359
,,,,,,11/10/2013 Total,,1,3,739,12359
,,,,,,03/11/2013,$50K - $70K,1,5,739,13009
,,,,,,03/11/2013 Total,,1,5,739,13009
,,,,,USA Total,,,11,44,43626,69062
,,,,WA Total,,,,11,44,43626,69062
,,,Yakima Total,,,,,11,44,43626,69062
,,M Total,,,,,,388,1605,2025088,2631249
,,S,Acapulco,Guerrero,Mexico,04/02/2013,$30K - $50K,1,6,2814,5603
,,,,,,04/02/2013 Total,,1,6,2814,5603
,,,,,,27/02/2013,$10K - $30K,1,3,843,6267
,,,,,,27/02/2013 Total,,1,3,843,6267
,,,,,,08/03/2013,$150K +,1,2,1420,6514
,,,,,,08/03/2013 Total,,1,2,1420,6514
,,,,,,11/03/2013,$10K - $30K,1,6,4983,6590
,,,,,,11/03/2013 Total,,1,6,4983,6590
,,,,,,23/05/2013,$70K - $90K,1,4,6048,8533
,,,,,,23/05/2013 Total,,1,4,6048,8533
,,,,,,24/05/2013,$110K - $130K,1,4,1174,8583
,,,,,,24/05/2013 Total,,1,4,1174,8583
,,,,,,30/05/2013,$10K - $30K,1,3,3823,8743
,,,,,,30/05/2013 Total,,1,3,3823,8743
,,,,,,09/06/2013,$50K - $70K,1,3,2082,9014
,,,,,,09/06/2013 Total,,1,3,2082,9014
,,,,,,28/06/2013,$90K - $110K,1,3,3560,9523
,,,,,,28/06/2013 Total,,1,3,3560,9523
,,,,,,01/09/2013,$10K - $30K,1,6,4983,11272
,,,,,,01/09/2013 Total,,1,6,4983,11272
,,,,,,05/10/2013,$10K - $30K,1,3,5430,12209
,,,,,,05/10/2013 Total,,1,3,5430,12209
,,,,,,04/11/2013,$70K - $90K,1,3,8106,13058
,,,,,,04/11/2013 Total,,1,3,8106,13058
,,,,,,15/11/2013,$50K - $70K,1,4,6187,13359
,,,,,,15/11/2013 Total,,1,4,6187,13359
,,,,,,18/11/2013,$70K - $90K,1,3,4208,13438
,,,,,,18/11/2013 Total,,1,3,4208,13438
,,,,,Mexico Total,,,14,53,55661,132706
,,,,Guerrero Total,,,,14,53,55661,132706
,,,Acapulco Total,,,,,14,53,55661,132706
,,,Bellingham,WA,USA,20/04/2013,$30K - $50K,1,2,8020,7632
,,,,,,20/04/2013 Total,,1,2,8020,7632
,,,,,,30/07/2013,$30K - $50K,1,2,4048,10409
,,,,,,30/07/2013 Total,,1,2,4048,10409
,,,,,,17/11/2013,$70K - $90K,1,4,7450,13419
,,,,,,17/11/2013 Total,,1,4,7450,13419
,,,,,USA Total,,,3,8,19518,31460
,,,,WA Total,,,,3,8,19518,31460
,,,Bellingham Total,,,,,3,8,19518,31460
,,,Beverly Hills,CA,USA,07/02/2012,$30K - $50K,1,4,4337,382
,,,,,,07/02/2012 Total,,1,4,4337,382
,,,,,,30/03/2012,$50K - $70K,1,4,1512,1094
,,,,,,30/03/2012 Total,,1,4,1512,1094
,,,,,,24/04/2012,$150K +,1,3,7447,1446
,,,,,,24/04/2012 Total,,1,3,7447,1446
,,,,,,12/05/2012,$30K - $50K,1,6,391,1695
,,,,,,12/05/2012 Total,,1,6,391,1695
,,,,,,19/05/2012,$70K - $90K,1,4,6964,1766
,,,,,,19/05/2012 Total,,1,4,6964,1766
,,,,,,16/06/2012,$90K - $110K,1,3,3414,2109
,,,,,,16/06/2012 Total,,1,3,3414,2109
,,,,,,29/06/2012,$10K - $30K,1,5,10210,2271
,,,,,,29/06/2012 Total,,1,5,10210,2271
,,,,,,17/08/2012,$50K - $70K,1,5,9814,2862
,,,,,,17/08/2012 Total,,1,5,9814,2862
,,,,,,11/10/2012,$10K - $30K,1,6,3039,3541
,,,,,,11/10/2012 Total,,1,6,3039,3541
,,,,,,16/10/2012,$10K - $30K,1,3,5171,3605
,,,,,,16/10/2012 Total,,1,3,5171,3605
,,,,,,23/11/2012,$90K - $110K,1,4,9069,4084
,,,,,,23/11/2012 Total,,1,4,9069,4084
,,,,,,16/12/2012,$70K - $90K,1,3,9550,4440
,,,,,,16/12/2012 Total,,1,3,9550,4440
,,,,,,09/01/2013,$130K - $150K,1,4,10231,4937
,,,,,,09/01/2013 Total,,1,4,10231,4937
,,,,,,03/03/2013,$50K - $70K,1,3,8130,6371
,,,,,,03/03/2013 Total,,1,3,8130,6371
,,,,,,20/03/2013,$50K - $70K,1,5,6289,6816
,,,,,,20/03/2013 Total,,1,5,6289,6816
,,,,,,07/04/2013,$30K - $50K,1,5,8267,7289
,,,,,,07/04/2013 Total,,1,5,8267,7289
,,,,,,03/06/2013,$30K - $50K,1,4,6494,8837
,,,,,,03/06/2013 Total,,1,4,6494,8837
,,,,,,09/06/2013,$10K - $30K,1,3,2232,9030
,,,,,,09/06/2013 Total,,1,3,2232,9030
,,,,,,12/06/2013,$30K - $50K,1,5,193,9097
,,,,,,12/06/2013 Total,,1,5,193,9097
,,,,,,12/08/2013,$30K - $50K,1,4,1391,10746
,,,,,,12/08/2013 Total,,1,4,1391,10746
,,,,,,26/08/2013,$30K - $50K,1,2,1090,11118
,,,,,,26/08/2013 Total,,1,2,1090,11118
,,,,,,15/09/2013,$30K - $50K,1,4,2703,11638
,,,,,,15/09/2013 Total,,1,4,2703,11638
,,,,,,13/10/2013,$90K - $110K,1,4,2963,12418
,,,,,,13/10/2013 Total,,1,4,2963,12418
,,,,,,14/10/2013,$150K +,1,4,4582,12437
,,,,,,14/10/2013 Total,,1,4,4582,12437
,,,,,,06/11/2013,$30K - $50K,1,4,6909,13114
,,,,,,06/11/2013 Total,,1,4,6909,13114
,,,,,,21/11/2013,$50K - $70K,1,3,6289,13510
,,,,,,21/11/2013 Total,,1,3,6289,13510
,,,,,USA Total,,,26,104,138681,166653
,,,,CA Total,,,,26,104,138681,166653
,,,Beverly Hills Total,,,,,26,104,138681,166653
,,,Bremerton,WA,USA,18/03/2012,$10K - $30K,1,4,9851,887
,,,,,,18/03/2012 Total,,1,4,9851,887
,,,,,,17/04/2012,$30K - $50K,1,4,4693,1348
,,,,,,,$90K - $110K,1,5,9123,1349
,,,,,,17/04/2012 Total,,2,9,13816,2697
,,,,,,12/05/2012,$50K - $70K,1,5,8653,1697
,,,,,,12/05/2012 Total,,1,5,8653,1697
,,,,,,23/05/2012,$10K - $30K,1,4,9851,1834
,,,,,,23/05/2012 Total,,1,4,9851,1834
,,,,,,16/06/2012,$30K - $50K,1,6,5813,2108
,,,,,,16/06/2012 Total,,1,6,5813,2108
,,,,,,24/06/2012,$50K - $70K,1,4,905,2200
,,,,,,24/06/2012 Total,,1,4,905,2200
,,,,,,31/07/2012,$30K - $50K,1,5,5944,2656
,,,,,,31/07/2012 Total,,1,5,5944,2656
,,,,,,26/08/2012,$10K - $30K,1,3,1798,2981
,,,,,,26/08/2012 Total,,1,3,1798,2981
,,,,,,05/10/2012,$30K - $50K,1,4,5158,3459
,,,,,,05/10/2012 Total,,1,4,5158,3459
,,,,,,10/10/2012,$50K - $70K,1,4,905,3531
,,,,,,10/10/2012 Total,,1,4,905,3531
,,,,,,17/12/2012,$50K - $70K,1,4,5376,4460
,,,,,,17/12/2012 Total,,1,4,5376,4460
,,,,,,06/01/2013,$10K - $30K,1,3,8742,4856
,,,,,,06/01/2013 Total,,1,3,8742,4856
,,,,,,01/02/2013,$50K - $70K,1,4,3941,5522
,,,,,,01/02/2013 Total,,1,4,3941,5522
,,,,,,03/02/2013,$50K - $70K,1,4,905,5576
,,,,,,03/02/2013 Total,,1,4,905,5576
,,,,,,22/02/2013,$30K - $50K,1,4,5944,6103
,,,,,,22/02/2013 Total,,1,4,5944,6103
,,,,,,15/03/2013,$30K - $50K,1,6,5944,6678
,,,,,,15/03/2013 Total,,1,6,5944,6678
,,,,,,31/03/2013,$10K - $30K,1,3,5898,7097
,,,,,,31/03/2013 Total,,1,3,5898,7097
,,,,,,08/04/2013,$70K - $90K,1,3,1124,7304
,,,,,,08/04/2013 Total,,1,3,1124,7304
,,,,,,11/04/2013,$10K - $30K,1,3,1798,7400
,,,,,,11/04/2013 Total,,1,3,1798,7400
,,,,,,20/04/2013,$30K - $50K,1,3,1430,7645
,,,,,,20/04/2013 Total,,1,3,1430,7645
,,,,,,09/06/2013,$30K - $50K,1,3,2689,9034
,,,,,,09/06/2013 Total,,1,3,2689,9034
,,,,,,22/06/2013,$70K - $90K,1,4,9866,9379
,,,,,,22/06/2013 Total,,1,4,9866,9379
,,,,,,16/07/2013,$10K - $30K,1,5,8571,10028
,,,,,,16/07/2013 Total,,1,5,8571,10028
,,,,,,24/08/2013,$50K - $70K,1,3,4998,11052
,,,,,,24/08/2013 Total,,1,3,4998,11052
,,,,,,06/09/2013,$30K - $50K,1,4,5831,11388
,,,,,,06/09/2013 Total,,1,4,5831,11388
,,,,,,12/11/2013,$30K - $50K,1,3,1979,13277
,,,,,,12/11/2013 Total,,1,3,1979,13277
,,,,,USA Total,,,27,107,137730,150849
,,,,WA Total,,,,27,107,137730,150849
,,,Bremerton Total,,,,,27,107,137730,150849
,,,Camacho,Zacatecas,Mexico,19/12/2012,$30K - $50K,1,5,3025,4491
,,,,,,19/12/2012 Total,,1,5,3025,4491
,,,,,,22/02/2013,$50K - $70K,1,5,9895,6115
,,,,,,22/02/2013 Total,,1,5,9895,6115
,,,,,,20/03/2013,$50K - $70K,1,3,7337,6814
,,,,,,20/03/2013 Total,,1,3,7337,6814
,,,,,,07/04/2013,$10K - $30K,1,4,9456,7283
,,,,,,07/04/2013 Total,,1,4,9456,7283
,,,,,,10/04/2013,$30K - $50K,1,4,8691,7387
,,,,,,10/04/2013 Total,,1,4,8691,7387
,,,,,,22/04/2013,$10K - $30K,1,5,9238,7694
,,,,,,22/04/2013 Total,,1,5,9238,7694
,,,,,,08/05/2013,$50K - $70K,1,4,7337,8128
,,,,,,08/05/2013 Total,,1,4,7337,8128
,,,,,,10/05/2013,$50K - $70K,1,2,8846,8188
,,,,,,10/05/2013 Total,,1,2,8846,8188
,,,,,,18/06/2013,$30K - $50K,1,5,8691,9249
,,,,,,18/06/2013 Total,,1,5,8691,9249
,,,,,,25/07/2013,$70K - $90K,1,4,3366,10276
,,,,,,25/07/2013 Total,,1,4,3366,10276
,,,,,,19/08/2013,$30K - $50K,1,3,1812,10922
,,,,,,19/08/2013 Total,,1,3,1812,10922
,,,,,,21/08/2013,$10K - $30K,1,6,2446,10990
,,,,,,21/08/2013 Total,,1,6,2446,10990
,,,,,,24/08/2013,$10K - $30K,1,3,9238,11067
,,,,,,24/08/2013 Total,,1,3,9238,11067
,,,,,,26/08/2013,$50K - $70K,1,4,5124,11105
,,,,,,26/08/2013 Total,,1,4,5124,11105
,,,,,,02/11/2013,$30K - $50K,1,4,1812,12976
,,,,,,02/11/2013 Total,,1,4,1812,12976
,,,,,,07/11/2013,$30K - $50K,1,2,3025,13138
,,,,,,07/11/2013 Total,,1,2,3025,13138
,,,,,,02/12/2013,$50K - $70K,1,4,9895,13768
,,,,,,02/12/2013 Total,,1,4,9895,13768
,,,,,,05/12/2013,$30K - $50K,1,4,1812,13825
,,,,,,05/12/2013 Total,,1,4,1812,13825
,,,,,Mexico Total,,,18,71,111046,173416
,,,,Zacatecas Total,,,,18,71,111046,173416
,,,Camacho Total,,,,,18,71,111046,173416
,,,Guadalajara,Jalisco,Mexico,09/02/2013,$10K - $30K,1,2,3247,5747
,,,,,,09/02/2013 Total,,1,2,3247,5747
,,,,,,15/02/2013,$10K - $30K,1,3,5950,5917
,,,,,,15/02/2013 Total,,1,3,5950,5917
,,,,,,22/06/2013,$10K - $30K,1,3,5669,9353
,,,,,,22/06/2013 Total,,1,3,5669,9353
,,,,,,03/07/2013,$50K - $70K,1,4,443,9652
,,,,,,03/07/2013 Total,,1,4,443,9652
,,,,,Mexico Total,,,4,12,15309,30669
,,,,Jalisco Total,,,,4,12,15309,30669
,,,Guadalajara Total,,,,,4,12,15309,30669
,,,Hidalgo,Zacatecas,Mexico,20/01/2013,$30K - $50K,1,3,4419,5193
,,,,,,20/01/2013 Total,,1,3,4419,5193
,,,,,,24/01/2013,$30K - $50K,1,6,5478,5308
,,,,,,24/01/2013 Total,,1,6,5478,5308
,,,,,,06/03/2013,$30K - $50K,1,4,7836,6463
,,,,,,06/03/2013 Total,,1,4,7836,6463
,,,,,,19/03/2013,$10K - $30K,1,4,322,6803
,,,,,,19/03/2013 Total,,1,4,322,6803
,,,,,,23/03/2013,$30K - $50K,1,6,2528,6894
,,,,,,23/03/2013 Total,,1,6,2528,6894
,,,,,,04/04/2013,$30K - $50K,1,4,4771,7201
,,,,,,04/04/2013 Total,,1,4,4771,7201
,,,,,,18/04/2013,$30K - $50K,1,6,4771,7575
,,,,,,18/04/2013 Total,,1,6,4771,7575
,,,,,,30/04/2013,$10K - $30K,1,4,322,7927
,,,,,,30/04/2013 Total,,1,4,322,7927
,,,,,,02/05/2013,$30K - $50K,1,3,2221,7954
,,,,,,02/05/2013 Total,,1,3,2221,7954
,,,,,,03/05/2013,$30K - $50K,1,5,4853,7985
,,,,,,03/05/2013 Total,,1,5,4853,7985
,,,,,,26/05/2013,$30K - $50K,2,13,4980,17256
,,,,,,26/05/2013 Total,,2,13,4980,17256
,,,,,,28/05/2013,$30K - $50K,1,5,2221,8701
,,,,,,28/05/2013 Total,,1,5,2221,8701
,,,,,,30/05/2013,$30K - $50K,1,5,1770,8752
,,,,,,30/05/2013 Total,,1,5,1770,8752
,,,,,,10/06/2013,$10K - $30K,1,6,4386,9047
,,,,,,10/06/2013 Total,,1,6,4386,9047
,,,,,,29/06/2013,$30K - $50K,1,5,597,9547
,,,,,,29/06/2013 Total,,1,5,597,9547
,,,,,,30/06/2013,$70K - $90K,1,4,6311,9564
,,,,,,30/06/2013 Total,,1,4,6311,9564
,,,,,,02/07/2013,$30K - $50K,1,3,597,9620
,,,,,,02/07/2013 Total,,1,3,597,9620
,,,,,,07/07/2013,$30K - $50K,1,3,7836,9787
,,,,,,07/07/2013 Total,,1,3,7836,9787
,,,,,,10/07/2013,$30K - $50K,1,5,7239,9840
,,,,,,10/07/2013 Total,,1,5,7239,9840
,,,,,,12/07/2013,$110K - $130K,1,3,4225,9917
,,,,,,12/07/2013 Total,,1,3,4225,9917
,,,,,,03/08/2013,$10K - $30K,1,2,2510,10500
,,,,,,03/08/2013 Total,,1,2,2510,10500
,,,,,,17/08/2013,$30K - $50K,1,4,597,10882
,,,,,,17/08/2013 Total,,1,4,597,10882
,,,,,,31/08/2013,$10K - $30K,1,5,4953,11238
,,,,,,31/08/2013 Total,,1,5,4953,11238
,,,,,,14/09/2013,$30K - $50K,1,6,4771,11605
,,,,,,14/09/2013 Total,,1,6,4771,11605
,,,,,,19/09/2013,$30K - $50K,1,5,4771,11752
,,,,,,19/09/2013 Total,,1,5,4771,11752
,,,,,,20/09/2013,$110K - $130K,1,5,4225,11774
,,,,,,20/09/2013 Total,,1,5,4225,11774
,,,,,,08/10/2013,$30K - $50K,1,4,7261,12282
,,,,,,08/10/2013 Total,,1,4,7261,12282
,,,,,,03/11/2013,$110K - $130K,1,4,4225,13018
,,,,,,03/11/2013 Total,,1,4,4225,13018
,,,,,,28/11/2013,$150K +,1,4,3225,13674
,,,,,,28/11/2013 Total,,1,4,3225,13674
,,,,,,03/12/2013,$10K - $30K,1,3,2510,13790
,,,,,,03/12/2013 Total,,1,3,2510,13790
,,,,,Mexico Total,,,31,139,116731,291849
,,,,Zacatecas Total,,,,31,139,116731,291849
,,,Hidalgo Total,,,,,31,139,116731,291849
,,,Los Angeles,CA,USA,28/02/2012,$130K - $150K,1,4,2818,620
,,,,,,28/02/2012 Total,,1,4,2818,620
,,,,,,10/05/2012,$50K - $70K,1,4,4861,1669
,,,,,,10/05/2012 Total,,1,4,4861,1669
,,,,,,03/06/2012,$30K - $50K,1,6,1322,1971
,,,,,,03/06/2012 Total,,1,6,1322,1971
,,,,,,28/06/2012,$70K - $90K,1,4,2106,2260
,,,,,,28/06/2012 Total,,1,4,2106,2260
,,,,,,05/07/2012,$90K - $110K,1,4,8159,2342
,,,,,,05/07/2012 Total,,1,4,8159,2342
,,,,,,15/09/2012,$30K - $50K,1,5,1090,3211
,,,,,,15/09/2012 Total,,1,5,1090,3211
,,,,,,04/11/2012,$30K - $50K,1,3,4664,3830
,,,,,,04/11/2012 Total,,1,3,4664,3830
,,,,,,06/11/2012,$30K - $50K,1,3,3911,3857
,,,,,,,$50K - $70K,1,3,4861,3853
,,,,,,06/11/2012 Total,,2,6,8772,7710
,,,,,,04/12/2012,$130K - $150K,1,3,7481,4245
,,,,,,04/12/2012 Total,,1,3,7481,4245
,,,,,,25/12/2012,$50K - $70K,1,3,8323,4587
,,,,,,25/12/2012 Total,,1,3,8323,4587
,,,,,,26/12/2012,$10K - $30K,1,4,5171,4603
,,,,,,26/12/2012 Total,,1,4,5171,4603
,,,,,,01/01/2013,$70K - $90K,1,3,4368,4742
,,,,,,01/01/2013 Total,,1,3,4368,4742
,,,,,,27/01/2013,$70K - $90K,1,3,9550,5374
,,,,,,27/01/2013 Total,,1,3,9550,5374
,,,,,,17/03/2013,$90K - $110K,1,2,2458,6732
,,,,,,17/03/2013 Total,,1,2,2458,6732
,,,,,,26/05/2013,$50K - $70K,1,3,4015,8636
,,,,,,26/05/2013 Total,,1,3,4015,8636
,,,,,,08/06/2013,$50K - $70K,1,4,7560,8972
,,,,,,08/06/2013 Total,,1,4,7560,8972
,,,,,,18/06/2013,$30K - $50K,1,4,676,9262
,,,,,,18/06/2013 Total,,1,4,676,9262
,,,,,,25/07/2013,$70K - $90K,1,3,2412,10266
,,,,,,25/07/2013 Total,,1,3,2412,10266
,,,,,,09/08/2013,$30K - $50K,1,5,8260,10670
,,,,,,09/08/2013 Total,,1,5,8260,10670
,,,,,,19/08/2013,$50K - $70K,1,4,7904,10941
,,,,,,19/08/2013 Total,,1,4,7904,10941
,,,,,,24/08/2013,$70K - $90K,1,2,2182,11048
,,,,,,24/08/2013 Total,,1,2,2182,11048
,,,,,,19/09/2013,$10K - $30K,1,3,3709,11755
,,,,,,19/09/2013 Total,,1,3,3709,11755
,,,,,,24/09/2013,$50K - $70K,1,5,9662,11897
,,,,,,24/09/2013 Total,,1,5,9662,11897
,,,,,,11/10/2013,$30K - $50K,1,5,3936,12355
,,,,,,11/10/2013 Total,,1,5,3936,12355
,,,,,,22/10/2013,$50K - $70K,1,3,8884,12679
,,,,,,22/10/2013 Total,,1,3,8884,12679
,,,,,,26/10/2013,$10K - $30K,1,4,8893,12794
,,,,,,26/10/2013 Total,,1,4,8893,12794
,,,,,,30/10/2013,$10K - $30K,1,5,8893,12899
,,,,,,30/10/2013 Total,,1,5,8893,12899
,,,,,,03/11/2013,$70K - $90K,1,2,6964,13011
,,,,,,03/11/2013 Total,,1,2,6964,13011
,,,,,,20/11/2013,$90K - $110K,1,5,8148,13474
,,,,,,20/11/2013 Total,,1,5,8148,13474
,,,,,,07/12/2013,$10K - $30K,1,4,6687,13847
,,,,,,07/12/2013 Total,,1,4,6687,13847
,,,,,USA Total,,,31,115,169928,238402
,,,,CA Total,,,,31,115,169928,238402
,,,Los Angeles Total,,,,,31,115,169928,238402
,,,Merida,Yucatan,Mexico,17/02/2013,$70K - $90K,1,3,1419,5980
,,,,,,17/02/2013 Total,,1,3,1419,5980
,,,,,,07/04/2013,$10K - $30K,1,5,1377,7294
,,,,,,07/04/2013 Total,,1,5,1377,7294
,,,,,,05/06/2013,$70K - $90K,1,4,3864,8895
,,,,,,05/06/2013 Total,,1,4,3864,8895
,,,,,,28/06/2013,$30K - $50K,1,4,6034,9503
,,,,,,28/06/2013 Total,,1,4,6034,9503
,,,,,,29/06/2013,$70K - $90K,1,5,8870,9556
,,,,,,29/06/2013 Total,,1,5,8870,9556
,,,,,,09/07/2013,$30K - $50K,1,5,9610,9838
,,,,,,09/07/2013 Total,,1,5,9610,9838
,,,,,,13/07/2013,$10K - $30K,1,4,6440,9931
,,,,,,13/07/2013 Total,,1,4,6440,9931
,,,,,,16/07/2013,$30K - $50K,1,2,6034,10046
,,,,,,16/07/2013 Total,,1,2,6034,10046
,,,,,,20/08/2013,$50K - $70K,1,4,8239,10952
,,,,,,20/08/2013 Total,,1,4,8239,10952
,,,,,,12/09/2013,$10K - $30K,1,5,8204,11567
,,,,,,12/09/2013 Total,,1,5,8204,11567
,,,,,,13/09/2013,$150K +,1,5,3125,11590
,,,,,,13/09/2013 Total,,1,5,3125,11590
,,,,,,27/09/2013,$10K - $30K,1,3,6440,11984
,,,,,,27/09/2013 Total,,1,3,6440,11984
,,,,,,10/10/2013,$50K - $70K,1,5,498,12323
,,,,,,10/10/2013 Total,,1,5,498,12323
,,,,,,27/10/2013,$90K - $110K,1,3,10208,12804
,,,,,,27/10/2013 Total,,1,3,10208,12804
,,,,,,07/11/2013,$70K - $90K,1,6,3864,13116
,,,,,,07/11/2013 Total,,1,6,3864,13116
,,,,,,08/11/2013,$90K - $110K,1,2,4913,13159
,,,,,,08/11/2013 Total,,1,2,4913,13159
,,,,,,09/11/2013,$90K - $110K,1,3,4913,13181
,,,,,,09/11/2013 Total,,1,3,4913,13181
,,,,,,23/11/2013,$90K - $110K,1,5,4913,13559
,,,,,,23/11/2013 Total,,1,5,4913,13559
,,,,,,24/11/2013,$30K - $50K,1,5,5642,13587
,,,,,,24/11/2013 Total,,1,5,5642,13587
,,,,,Mexico Total,,,19,78,104607,208865
,,,,Yucatan Total,,,,19,78,104607,208865
,,,Merida Total,,,,,19,78,104607,208865
,,,Mexico City,DF,Mexico,30/01/2013,$30K - $50K,1,4,8548,5451
,,,,,,30/01/2013 Total,,1,4,8548,5451
,,,,,,22/03/2013,$30K - $50K,1,4,1117,6858
,,,,,,22/03/2013 Total,,1,4,1117,6858
,,,,,,13/04/2013,$30K - $50K,1,2,3518,7452
,,,,,,13/04/2013 Total,,1,2,3518,7452
,,,,,,27/08/2013,$30K - $50K,1,4,3518,11150
,,,,,,27/08/2013 Total,,1,4,3518,11150
,,,,,Mexico Total,,,4,14,16701,30911
,,,,DF Total,,,,4,14,16701,30911
,,,Mexico City Total,,,,,4,14,16701,30911
,,,Orizaba,Veracruz,Mexico,25/12/2012,$110K - $130K,1,5,8952,4599
,,,,,,25/12/2012 Total,,1,5,8952,4599
,,,,,,15/02/2013,$30K - $50K,1,4,9191,5906
,,,,,,15/02/2013 Total,,1,4,9191,5906
,,,,,,16/06/2013,$50K - $70K,1,4,1183,9186
,,,,,,16/06/2013 Total,,1,4,1183,9186
,,,,,,02/08/2013,$30K - $50K,1,6,1325,10468
,,,,,,02/08/2013 Total,,1,6,1325,10468
,,,,,,05/08/2013,$30K - $50K,1,4,8203,10550
,,,,,,05/08/2013 Total,,1,4,8203,10550
,,,,,,28/08/2013,$10K - $30K,1,4,6159,11171
,,,,,,28/08/2013 Total,,1,4,6159,11171
,,,,,,11/11/2013,$130K - $150K,1,4,7376,13233
,,,,,,11/11/2013 Total,,1,4,7376,13233
,,,,,,14/11/2013,$30K - $50K,1,5,5172,13322
,,,,,,14/11/2013 Total,,1,5,5172,13322
,,,,,,25/12/2013,$30K - $50K,1,3,1325,14030
,,,,,,25/12/2013 Total,,1,3,1325,14030
,,,,,Mexico Total,,,9,39,48886,92465
,,,,Veracruz Total,,,,9,39,48886,92465
,,,Orizaba Total,,,,,9,39,48886,92465
,,,Portland,OR,USA,07/02/2012,$50K - $70K,1,3,880,387
,,,,,,07/02/2012 Total,,1,3,880,387
,,,,,,10/03/2012,$70K - $90K,1,4,9213,785
,,,,,,10/03/2012 Total,,1,4,9213,785
,,,,,,21/03/2012,$50K - $70K,1,4,376,942
,,,,,,21/03/2012 Total,,1,4,376,942
,,,,,,29/03/2012,$10K - $30K,1,3,2269,1067
,,,,,,29/03/2012 Total,,1,3,2269,1067
,,,,,,27/04/2012,$10K - $30K,1,2,4677,1490
,,,,,,27/04/2012 Total,,1,2,4677,1490
,,,,,,26/05/2012,$30K - $50K,1,4,5867,1857
,,,,,,26/05/2012 Total,,1,4,5867,1857
,,,,,,12/06/2012,$30K - $50K,1,5,7963,2061
,,,,,,12/06/2012 Total,,1,5,7963,2061
,,,,,,17/07/2012,$30K - $50K,1,5,8255,2489
,,,,,,17/07/2012 Total,,1,5,8255,2489
,,,,,,20/07/2012,$70K - $90K,1,3,8187,2526
,,,,,,20/07/2012 Total,,1,3,8187,2526
,,,,,,04/09/2012,$10K - $30K,1,4,8263,3073
,,,,,,04/09/2012 Total,,1,4,8263,3073
,,,,,,13/09/2012,$30K - $50K,1,5,3109,3199
,,,,,,13/09/2012 Total,,1,5,3109,3199
,,,,,,29/10/2012,$10K - $30K,1,4,7362,3737
,,,,,,29/10/2012 Total,,1,4,7362,3737
,,,,,,20/12/2012,$90K - $110K,1,5,1178,4498
,,,,,,20/12/2012 Total,,1,5,1178,4498
,,,,,,27/12/2012,$30K - $50K,1,4,7963,4625
,,,,,,27/12/2012 Total,,1,4,7963,4625
,,,,,,06/01/2013,$50K - $70K,1,3,3219,4847
,,,,,,06/01/2013 Total,,1,3,3219,4847
,,,,,,02/02/2013,$50K - $70K,1,4,8321,5542
,,,,,,02/02/2013 Total,,1,4,8321,5542
,,,,,,22/02/2013,$150K +,1,3,3425,6104
,,,,,,22/02/2013 Total,,1,3,3425,6104
,,,,,,14/03/2013,$50K - $70K,1,4,8139,6659
,,,,,,14/03/2013 Total,,1,4,8139,6659
,,,,,,08/04/2013,$50K - $70K,1,6,645,7297
,,,,,,08/04/2013 Total,,1,6,645,7297
,,,,,,19/04/2013,$50K - $70K,1,4,3656,7605
,,,,,,19/04/2013 Total,,1,4,3656,7605
,,,,,,12/05/2013,$50K - $70K,1,4,2496,8241
,,,,,,12/05/2013 Total,,1,4,2496,8241
,,,,,,15/05/2013,$50K - $70K,1,4,8415,8321
,,,,,,15/05/2013 Total,,1,4,8415,8321
,,,,,,29/05/2013,$50K - $70K,1,3,3656,8706
,,,,,,29/05/2013 Total,,1,3,3656,8706
,,,,,,20/06/2013,$50K - $70K,1,5,9419,9315
,,,,,,20/06/2013 Total,,1,5,9419,9315
,,,,,,10/07/2013,$10K - $30K,1,5,3796,9871
,,,,,,10/07/2013 Total,,1,5,3796,9871
,,,,,,29/07/2013,$30K - $50K,1,3,4295,10390
,,,,,,29/07/2013 Total,,1,3,4295,10390
,,,,,,04/08/2013,$10K - $30K,1,5,1432,10540
,,,,,,04/08/2013 Total,,1,5,1432,10540
,,,,,,06/08/2013,$50K - $70K,1,4,3656,10576
,,,,,,06/08/2013 Total,,1,4,3656,10576
,,,,,,15/08/2013,$10K - $30K,1,2,6995,10829
,,,,,,,$50K - $70K,1,3,2270,10828
,,,,,,15/08/2013 Total,,2,5,9265,21657
,,,,,,26/09/2013,$30K - $50K,1,4,5858,11953
,,,,,,26/09/2013 Total,,1,4,5858,11953
,,,,,,09/11/2013,$10K - $30K,1,4,6709,13175
,,,,,,09/11/2013 Total,,1,4,6709,13175
,,,,,,13/11/2013,$130K - $150K,1,4,165,13304
,,,,,,13/11/2013 Total,,1,4,165,13304
,,,,,,22/11/2013,$10K - $30K,1,4,2269,13544
,,,,,,22/11/2013 Total,,1,4,2269,13544
,,,,,,14/12/2013,$10K - $30K,1,4,8968,13953
,,,,,,14/12/2013 Total,,1,4,8968,13953
,,,,,USA Total,,,35,137,173366,234336
,,,,OR Total,,,,35,137,173366,234336
,,,Portland Total,,,,,35,137,173366,234336
,,,Salem,OR,USA,23/01/2012,$70K - $90K,1,4,9826,203
,,,,,,23/01/2012 Total,,1,4,9826,203
,,,,,,28/01/2012,$10K - $30K,1,5,3463,256
,,,,,,28/01/2012 Total,,1,5,3463,256
,,,,,,07/02/2012,$70K - $90K,1,4,2525,385
,,,,,,07/02/2012 Total,,1,4,2525,385
,,,,,,19/02/2012,$30K - $50K,1,5,6180,527
,,,,,,19/02/2012 Total,,1,5,6180,527
,,,,,,03/03/2012,$30K - $50K,1,4,819,687
,,,,,,03/03/2012 Total,,1,4,819,687
,,,,,,19/03/2012,$30K - $50K,1,3,4547,907
,,,,,,19/03/2012 Total,,1,3,4547,907
,,,,,,25/03/2012,$130K - $150K,1,5,1253,998
,,,,,,25/03/2012 Total,,1,5,1253,998
,,,,,,22/04/2012,$70K - $90K,1,3,8298,1416
,,,,,,22/04/2012 Total,,1,3,8298,1416
,,,,,,17/05/2012,$30K - $50K,1,3,9747,1751
,,,,,,17/05/2012 Total,,1,3,9747,1751
,,,,,,30/05/2012,$30K - $50K,1,3,790,1910
,,,,,,30/05/2012 Total,,1,3,790,1910
,,,,,,22/06/2012,$50K - $70K,1,4,3196,2193
,,,,,,22/06/2012 Total,,1,4,3196,2193
,,,,,,04/07/2012,$10K - $30K,1,2,4261,2329
,,,,,,04/07/2012 Total,,1,2,4261,2329
,,,,,,11/07/2012,$10K - $30K,1,3,9863,2400
,,,,,,11/07/2012 Total,,1,3,9863,2400
,,,,,,03/08/2012,$50K - $70K,1,4,1071,2690
,,,,,,03/08/2012 Total,,1,4,1071,2690
,,,,,,28/08/2012,$30K - $50K,1,5,3938,2998
,,,,,,28/08/2012 Total,,1,5,3938,2998
,,,,,,09/09/2012,$30K - $50K,1,2,4961,3141
,,,,,,09/09/2012 Total,,1,2,4961,3141
,,,,,,06/10/2012,$70K - $90K,1,3,3253,3480
,,,,,,06/10/2012 Total,,1,3,3253,3480
,,,,,,08/10/2012,$30K - $50K,1,5,9747,3499
,,,,,,08/10/2012 Total,,1,5,9747,3499
,,,,,,29/10/2012,$50K - $70K,1,4,8892,3739
,,,,,,29/10/2012 Total,,1,4,8892,3739
,,,,,,02/11/2012,$30K - $50K,1,4,8410,3802
,,,,,,02/11/2012 Total,,1,4,8410,3802
,,,,,,18/11/2012,$50K - $70K,1,5,9125,4020
,,,,,,18/11/2012 Total,,1,5,9125,4020
,,,,,,31/12/2012,$30K - $50K,1,3,6607,4706
,,,,,,31/12/2012 Total,,1,3,6607,4706
,,,,,,09/01/2013,$70K - $90K,1,4,9495,4930
,,,,,,09/01/2013 Total,,1,4,9495,4930
,,,,,,23/01/2013,$70K - $90K,1,5,8921,5269
,,,,,,23/01/2013 Total,,1,5,8921,5269
,,,,,,31/01/2013,$10K - $30K,1,4,5206,5466
,,,,,,31/01/2013 Total,,1,4,5206,5466
,,,,,,05/02/2013,$30K - $50K,1,2,1893,5642
,,,,,,05/02/2013 Total,,1,2,1893,5642
,,,,,,09/02/2013,$10K - $30K,1,2,8110,5743
,,,,,,09/02/2013 Total,,1,2,8110,5743
,,,,,,20/04/2013,$30K - $50K,1,5,4556,7641
,,,,,,20/04/2013 Total,,1,5,4556,7641
,,,,,,23/04/2013,$30K - $50K,1,5,3979,7714
,,,,,,23/04/2013 Total,,1,5,3979,7714
,,,,,,25/04/2013,$30K - $50K,1,6,8252,7776
,,,,,,25/04/2013 Total,,1,6,8252,7776
,,,,,,12/05/2013,$130K - $150K,1,3,5869,8250
,,,,,,12/05/2013 Total,,1,3,5869,8250
,,,,,,06/06/2013,$130K - $150K,1,4,8919,8918
,,,,,,06/06/2013 Total,,1,4,8919,8918
,,,,,,28/06/2013,$70K - $90K,1,6,8921,9532
,,,,,,28/06/2013 Total,,1,6,8921,9532
,,,,,,07/07/2013,$70K - $90K,1,3,3706,9768
,,,,,,07/07/2013 Total,,1,3,3706,9768
,,,,,,08/07/2013,$130K - $150K,1,6,1253,9795
,,,,,,,$70K - $90K,1,3,8298,9804
,,,,,,08/07/2013 Total,,2,9,9551,19599
,,,,,,23/07/2013,$50K - $70K,1,2,8892,10235
,,,,,,23/07/2013 Total,,1,2,8892,10235
,,,,,,02/08/2013,$50K - $70K,1,6,3196,10470
,,,,,,02/08/2013 Total,,1,6,3196,10470
,,,,,,21/08/2013,$10K - $30K,1,3,7733,10981
,,,,,,21/08/2013 Total,,1,3,7733,10981
,,,,,,03/09/2013,$30K - $50K,1,4,4547,11320
,,,,,,03/09/2013 Total,,1,4,4547,11320
,,,,,,28/09/2013,$30K - $50K,1,4,1074,12010
,,,,,,28/09/2013 Total,,1,4,1074,12010
,,,,,,12/10/2013,$30K - $50K,1,4,750,12395
,,,,,,12/10/2013 Total,,1,4,750,12395
,,,,,,23/10/2013,$70K - $90K,1,5,9826,12699
,,,,,,23/10/2013 Total,,1,5,9826,12699
,,,,,,24/10/2013,$70K - $90K,1,5,7780,12734
,,,,,,24/10/2013 Total,,1,5,7780,12734
,,,,,,26/10/2013,$10K - $30K,1,4,3463,12792
,,,,,,26/10/2013 Total,,1,4,3463,12792
,,,,,,31/10/2013,$30K - $50K,1,4,4556,12921
,,,,,,31/10/2013 Total,,1,4,4556,12921
,,,,,,23/11/2013,$70K - $90K,1,4,2762,13556
,,,,,,23/11/2013 Total,,1,4,2762,13556
,,,,,USA Total,,,47,186,262729,286398
,,,,OR Total,,,,47,186,262729,286398
,,,Salem Total,,,,,47,186,262729,286398
,,,San Andres,DF,Mexico,31/12/2012,$10K - $30K,1,2,9426,4725
,,,,,,31/12/2012 Total,,1,2,9426,4725
,,,,,,29/01/2013,$10K - $30K,1,6,1891,5434
,,,,,,29/01/2013 Total,,1,6,1891,5434
,,,,,,31/01/2013,$50K - $70K,1,5,8486,5476
,,,,,,31/01/2013 Total,,1,5,8486,5476
,,,,,,02/02/2013,$70K - $90K,1,3,6779,5538
,,,,,,02/02/2013 Total,,1,3,6779,5538
,,,,,,20/02/2013,$70K - $90K,1,5,8825,6045
,,,,,,20/02/2013 Total,,1,5,8825,6045
,,,,,,26/02/2013,$10K - $30K,1,5,57,6246
,,,,,,26/02/2013 Total,,1,5,57,6246
,,,,,,31/03/2013,$130K - $150K,1,4,9854,7098
,,,,,,31/03/2013 Total,,1,4,9854,7098
,,,,,,03/04/2013,$30K - $50K,1,4,875,7189
,,,,,,03/04/2013 Total,,1,4,875,7189
,,,,,,06/04/2013,$110K - $130K,1,6,4044,7264
,,,,,,06/04/2013 Total,,1,6,4044,7264
,,,,,,13/05/2013,$10K - $30K,1,6,3206,8258
,,,,,,13/05/2013 Total,,1,6,3206,8258
,,,,,,01/06/2013,$30K - $50K,1,4,8380,8803
,,,,,,01/06/2013 Total,,1,4,8380,8803
,,,,,,17/06/2013,$30K - $50K,1,4,911,9235
,,,,,,17/06/2013 Total,,1,4,911,9235
,,,,,,13/07/2013,$30K - $50K,1,4,749,9950
,,,,,,,$90K - $110K,1,4,6222,9958
,,,,,,13/07/2013 Total,,2,8,6971,19908
,,,,,,07/08/2013,$30K - $50K,1,6,3961,10610
,,,,,,07/08/2013 Total,,1,6,3961,10610
,,,,,,19/08/2013,$30K - $50K,1,6,568,10927
,,,,,,19/08/2013 Total,,1,6,568,10927
,,,,,,20/08/2013,$10K - $30K,1,4,5557,10965
,,,,,,20/08/2013 Total,,1,4,5557,10965
,,,,,,27/08/2013,$50K - $70K,1,4,2838,11126
,,,,,,27/08/2013 Total,,1,4,2838,11126
,,,,,,31/08/2013,$30K - $50K,1,3,3961,11235
,,,,,,31/08/2013 Total,,1,3,3961,11235
,,,,,,02/09/2013,$30K - $50K,1,4,9833,11295
,,,,,,02/09/2013 Total,,1,4,9833,11295
,,,,,,06/09/2013,$10K - $30K,1,3,7610,11401
,,,,,,06/09/2013 Total,,1,3,7610,11401
,,,,,,22/09/2013,$30K - $50K,1,3,3553,11820
,,,,,,22/09/2013 Total,,1,3,3553,11820
,,,,,,09/10/2013,$10K - $30K,1,4,2286,12294
,,,,,,09/10/2013 Total,,1,4,2286,12294
,,,,,,20/11/2013,$50K - $70K,1,4,9484,13494
,,,,,,20/11/2013 Total,,1,4,9484,13494
,,,,,Mexico Total,,,24,103,119356,216386
,,,,DF Total,,,,24,103,119356,216386
,,,San Andres Total,,,,,24,103,119356,216386
,,,San Diego,CA,USA,01/02/2012,$50K - $70K,1,5,6273,303
,,,,,,01/02/2012 Total,,1,5,6273,303
,,,,,,19/03/2012,$10K - $30K,1,3,3252,921
,,,,,,19/03/2012 Total,,1,3,3252,921
,,,,,,06/05/2012,$30K - $50K,1,3,4193,1624
,,,,,,06/05/2012 Total,,1,3,4193,1624
,,,,,,20/05/2012,$30K - $50K,1,5,8953,1791
,,,,,,20/05/2012 Total,,1,5,8953,1791
,,,,,,29/07/2012,$70K - $90K,1,4,9949,2629
,,,,,,29/07/2012 Total,,1,4,9949,2629
,,,,,,07/08/2012,$70K - $90K,1,6,3804,2740
,,,,,,07/08/2012 Total,,1,6,3804,2740
,,,,,,13/08/2012,$10K - $30K,1,5,9099,2820
,,,,,,13/08/2012 Total,,1,5,9099,2820
,,,,,,06/10/2012,$50K - $70K,1,5,547,3475
,,,,,,06/10/2012 Total,,1,5,547,3475
,,,,,,04/11/2012,$130K - $150K,1,5,3640,3828
,,,,,,04/11/2012 Total,,1,5,3640,3828
,,,,,,06/11/2012,$90K - $110K,1,3,3993,3851
,,,,,,06/11/2012 Total,,1,3,3993,3851
,,,,,,13/11/2012,$10K - $30K,1,2,1410,3937
,,,,,,13/11/2012 Total,,1,2,1410,3937
,,,,,,28/11/2012,$10K - $30K,1,3,3102,4154
,,,,,,28/11/2012 Total,,1,3,3102,4154
,,,,,,10/12/2012,$110K - $130K,1,3,4463,4339
,,,,,,10/12/2012 Total,,1,3,4463,4339
,,,,,,02/02/2013,$30K - $50K,1,5,4404,5548
,,,,,,02/02/2013 Total,,1,5,4404,5548
,,,,,,16/03/2013,$10K - $30K,1,4,3859,6728
,,,,,,16/03/2013 Total,,1,4,3859,6728
,,,,,,21/03/2013,$30K - $50K,1,4,3755,6843
,,,,,,21/03/2013 Total,,1,4,3755,6843
,,,,,,01/05/2013,$10K - $30K,1,4,9703,7947
,,,,,,01/05/2013 Total,,1,4,9703,7947
,,,,,,22/05/2013,$70K - $90K,1,3,8490,8529
,,,,,,22/05/2013 Total,,1,3,8490,8529
,,,,,,15/06/2013,$50K - $70K,1,4,827,9173
,,,,,,15/06/2013 Total,,1,4,827,9173
,,,,,,01/07/2013,$10K - $30K,1,6,3033,9594
,,,,,,01/07/2013 Total,,1,6,3033,9594
,,,,,,17/07/2013,$110K - $130K,1,5,5631,10076
,,,,,,17/07/2013 Total,,1,5,5631,10076
,,,,,,03/09/2013,$10K - $30K,1,4,7643,11331
,,,,,,03/09/2013 Total,,1,4,7643,11331
,,,,,,09/11/2013,$50K - $70K,1,3,6126,13168
,,,,,,09/11/2013 Total,,1,3,6126,13168
,,,,,,10/11/2013,$10K - $30K,1,3,3102,13198
,,,,,,10/11/2013 Total,,1,3,3102,13198
,,,,,,25/11/2013,$50K - $70K,1,4,7357,13601
,,,,,,25/11/2013 Total,,1,4,7357,13601
,,,,,USA Total,,,25,101,126608,152148
,,,,CA Total,,,,25,101,126608,152148
,,,San Diego Total,,,,,25,101,126608,152148
,,,San Francisco,CA,USA,29/10/2012,$30K - $50K,1,2,4359,3746
,,,,,,29/10/2012 Total,,1,2,4359,3746
,,,,,,03/11/2012,$30K - $50K,1,3,5215,3807
,,,,,,03/11/2012 Total,,1,3,5215,3807
,,,,,,17/10/2013,$50K - $70K,1,1,7173,12515
,,,,,,17/10/2013 Total,,1,1,7173,12515
,,,,,,13/11/2013,$70K - $90K,1,2,9312,13287
,,,,,,13/11/2013 Total,,1,2,9312,13287
,,,,,USA Total,,,4,8,26059,33355
,,,,CA Total,,,,4,8,26059,33355
,,,San Francisco Total,,,,,4,8,26059,33355
,,,Seattle,WA,USA,01/01/2012,$70K - $90K,1,5,1161,41
,,,,,,01/01/2012 Total,,1,5,1161,41
,,,,,,03/02/2012,$90K - $110K,1,4,9785,335
,,,,,,03/02/2012 Total,,1,4,9785,335
,,,,,,03/04/2012,$30K - $50K,1,5,570,1140
,,,,,,03/04/2012 Total,,1,5,570,1140
,,,,,,19/04/2012,$10K - $30K,1,4,9061,1374
,,,,,,19/04/2012 Total,,1,4,9061,1374
,,,,,,01/05/2012,$70K - $90K,1,5,8411,1539
,,,,,,01/05/2012 Total,,1,5,8411,1539
,,,,,,13/06/2012,$30K - $50K,1,3,4951,2074
,,,,,,13/06/2012 Total,,1,3,4951,2074
,,,,,,23/08/2012,$30K - $50K,1,6,3086,2948
,,,,,,23/08/2012 Total,,1,6,3086,2948
,,,,,,25/08/2012,$50K - $70K,1,3,7792,2973
,,,,,,25/08/2012 Total,,1,3,7792,2973
,,,,,,23/09/2012,$50K - $70K,1,3,5109,3308
,,,,,,23/09/2012 Total,,1,3,5109,3308
,,,,,,02/10/2012,$150K +,1,5,5355,3409
,,,,,,02/10/2012 Total,,1,5,5355,3409
,,,,,,03/10/2012,$50K - $70K,1,3,1922,3431
,,,,,,03/10/2012 Total,,1,3,1922,3431
,,,,,,05/10/2012,$30K - $50K,1,4,5647,3457
,,,,,,05/10/2012 Total,,1,4,5647,3457
,,,,,,09/11/2012,$10K - $30K,1,4,6941,3894
,,,,,,09/11/2012 Total,,1,4,6941,3894
,,,,,,22/11/2012,$30K - $50K,1,6,10128,4075
,,,,,,22/11/2012 Total,,1,6,10128,4075
,,,,,,02/12/2012,$10K - $30K,1,2,5022,4206
,,,,,,02/12/2012 Total,,1,2,5022,4206
,,,,,,08/12/2012,$10K - $30K,1,5,7120,4309
,,,,,,08/12/2012 Total,,1,5,7120,4309
,,,,,,27/03/2013,$30K - $50K,1,6,6524,6994
,,,,,,27/03/2013 Total,,1,6,6524,6994
,,,,,,29/05/2013,$10K - $30K,1,5,4259,8713
,,,,,,29/05/2013 Total,,1,5,4259,8713
,,,,,,25/08/2013,$10K - $30K,1,5,10150,11081
,,,,,,25/08/2013 Total,,1,5,10150,11081
,,,,,,11/11/2013,$10K - $30K,1,3,1089,13250
,,,,,,11/11/2013 Total,,1,3,1089,13250
,,,,,,18/12/2013,$10K - $30K,1,4,9061,13979
,,,,,,18/12/2013 Total,,1,4,9061,13979
,,,,,USA Total,,,21,90,123144,96530
,,,,WA Total,,,,21,90,123144,96530
,,,Seattle Total,,,,,21,90,123144,96530
,,,Spokane,WA,USA,25/02/2012,$30K - $50K,1,5,5295,596
,,,,,,25/02/2012 Total,,1,5,5295,596
,,,,,,14/03/2012,$30K - $50K,1,5,4397,842
,,,,,,14/03/2012 Total,,1,5,4397,842
,,,,,,26/03/2012,$30K - $50K,1,5,7702,1016
,,,,,,26/03/2012 Total,,1,5,7702,1016
,,,,,,29/03/2012,$50K - $70K,1,4,1415,1060
,,,,,,29/03/2012 Total,,1,4,1415,1060
,,,,,,30/03/2012,$30K - $50K,1,5,5295,1077
,,,,,,30/03/2012 Total,,1,5,5295,1077
,,,,,,23/04/2012,$10K - $30K,1,5,7502,1438
,,,,,,23/04/2012 Total,,1,5,7502,1438
,,,,,,09/05/2012,$30K - $50K,1,4,5295,1651
,,,,,,09/05/2012 Total,,1,4,5295,1651
,,,,,,20/06/2012,$30K - $50K,1,5,7702,2156
,,,,,,20/06/2012 Total,,1,5,7702,2156
,,,,,,20/08/2012,$30K - $50K,1,5,4397,2896
,,,,,,20/08/2012 Total,,1,5,4397,2896
,,,,,,09/09/2012,$50K - $70K,1,5,1415,3136
,,,,,,09/09/2012 Total,,1,5,1415,3136
,,,,,,13/12/2012,$130K - $150K,1,3,1850,4385
,,,,,,13/12/2012 Total,,1,3,1850,4385
,,,,,,01/01/2013,$30K - $50K,1,5,5295,4731
,,,,,,01/01/2013 Total,,1,5,5295,4731
,,,,,,15/01/2013,$10K - $30K,1,6,2019,5071
,,,,,,15/01/2013 Total,,1,6,2019,5071
,,,,,,02/02/2013,$130K - $150K,1,6,4767,5553
,,,,,,02/02/2013 Total,,1,6,4767,5553
,,,,,,12/02/2013,$10K - $30K,1,4,2019,5821
,,,,,,12/02/2013 Total,,1,4,2019,5821
,,,,,,27/03/2013,$10K - $30K,1,3,2769,6983
,,,,,,27/03/2013 Total,,1,3,2769,6983
,,,,,,07/04/2013,$30K - $50K,1,5,4397,7295
,,,,,,07/04/2013 Total,,1,5,4397,7295
,,,,,,24/04/2013,$10K - $30K,1,2,2371,7760
,,,,,,24/04/2013 Total,,1,2,2371,7760
,,,,,,27/04/2013,$30K - $50K,1,4,5295,7814
,,,,,,27/04/2013 Total,,1,4,5295,7814
,,,,,,29/04/2013,$30K - $50K,1,5,4397,7898
,,,,,,29/04/2013 Total,,1,5,4397,7898
,,,,,,19/05/2013,$70K - $90K,1,5,8351,8431
,,,,,,19/05/2013 Total,,1,5,8351,8431
,,,,,,18/07/2013,$70K - $90K,1,2,3692,10092
,,,,,,18/07/2013 Total,,1,2,3692,10092
,,,,,,09/09/2013,$70K - $90K,1,5,3692,11474
,,,,,,09/09/2013 Total,,1,5,3692,11474
,,,,,,29/09/2013,$30K - $50K,1,4,5542,12060
,,,,,,29/09/2013 Total,,1,4,5542,12060
,,,,,,24/10/2013,$30K - $50K,1,4,4397,12721
,,,,,,24/10/2013 Total,,1,4,4397,12721
,,,,,,26/12/2013,$10K - $30K,1,3,7502,14044
,,,,,,26/12/2013 Total,,1,3,7502,14044
,,,,,USA Total,,,26,114,118770,148001
,,,,WA Total,,,,26,114,118770,148001
,,,Spokane Total,,,,,26,114,118770,148001
,,,Tacoma,WA,USA,02/02/2012,$50K - $70K,1,3,3497,325
,,,,,,02/02/2012 Total,,1,3,3497,325
,,,,,,05/02/2012,$90K - $110K,1,2,6854,355
,,,,,,05/02/2012 Total,,1,2,6854,355
,,,,,,27/02/2012,$30K - $50K,1,2,5026,607
,,,,,,27/02/2012 Total,,1,2,5026,607
,,,,,,10/03/2012,$90K - $110K,1,6,2426,784
,,,,,,10/03/2012 Total,,1,6,2426,784
,,,,,,13/03/2012,$130K - $150K,1,4,454,817
,,,,,,13/03/2012 Total,,1,4,454,817
,,,,,,25/04/2012,$70K - $90K,1,2,7526,1459
,,,,,,25/04/2012 Total,,1,2,7526,1459
,,,,,,12/06/2012,$10K - $30K,1,6,6047,2067
,,,,,,12/06/2012 Total,,1,6,6047,2067
,,,,,,15/06/2012,$10K - $30K,1,4,5877,2096
,,,,,,15/06/2012 Total,,1,4,5877,2096
,,,,,,18/06/2012,$10K - $30K,1,5,5877,2130
,,,,,,18/06/2012 Total,,1,5,5877,2130
,,,,,,24/06/2012,$10K - $30K,1,5,9461,2217
,,,,,,24/06/2012 Total,,1,5,9461,2217
,,,,,,12/07/2012,$130K - $150K,1,5,5984,2421
,,,,,,12/07/2012 Total,,1,5,5984,2421
,,,,,,21/07/2012,$30K - $50K,1,3,4315,2534
,,,,,,21/07/2012 Total,,1,3,4315,2534
,,,,,,25/07/2012,$110K - $130K,1,4,6530,2577
,,,,,,25/07/2012 Total,,1,4,6530,2577
,,,,,,02/08/2012,$30K - $50K,1,5,4315,2675
,,,,,,02/08/2012 Total,,1,5,4315,2675
,,,,,,04/08/2012,$90K - $110K,1,3,2426,2702
,,,,,,04/08/2012 Total,,1,3,2426,2702
,,,,,,12/08/2012,$50K - $70K,1,4,3497,2812
,,,,,,12/08/2012 Total,,1,4,3497,2812
,,,,,,15/08/2012,$30K - $50K,1,4,4497,2844
,,,,,,15/08/2012 Total,,1,4,4497,2844
,,,,,,18/08/2012,$130K - $150K,1,5,6799,2880
,,,,,,18/08/2012 Total,,1,5,6799,2880
,,,,,,31/08/2012,$10K - $30K,1,3,4700,3034
,,,,,,,$70K - $90K,1,4,8189,3032
,,,,,,31/08/2012 Total,,2,7,12889,6066
,,,,,,15/09/2012,$30K - $50K,1,3,4846,3209
,,,,,,15/09/2012 Total,,1,3,4846,3209
,,,,,,06/10/2012,$50K - $70K,1,7,1352,3484
,,,,,,06/10/2012 Total,,1,7,1352,3484
,,,,,,09/10/2012,$50K - $70K,1,5,1352,3522
,,,,,,09/10/2012 Total,,1,5,1352,3522
,,,,,,27/10/2012,$50K - $70K,1,5,1352,3716
,,,,,,27/10/2012 Total,,1,5,1352,3716
,,,,,,25/11/2012,$30K - $50K,1,4,4892,4117
,,,,,,25/11/2012 Total,,1,4,4892,4117
,,,,,,21/12/2012,$50K - $70K,1,4,1352,4528
,,,,,,21/12/2012 Total,,1,4,1352,4528
,,,,,,22/12/2012,$50K - $70K,1,5,9745,4531
,,,,,,22/12/2012 Total,,1,5,9745,4531
,,,,,,02/01/2013,$50K - $70K,1,2,4364,4764
,,,,,,02/01/2013 Total,,1,2,4364,4764
,,,,,,07/01/2013,$10K - $30K,1,4,2143,4883
,,,,,,07/01/2013 Total,,1,4,2143,4883
,,,,,,14/01/2013,$70K - $90K,1,4,79,5046
,,,,,,14/01/2013 Total,,1,4,79,5046
,,,,,,26/01/2013,$50K - $70K,1,3,4118,5361
,,,,,,26/01/2013 Total,,1,3,4118,5361
,,,,,,25/03/2013,$30K - $50K,1,5,4846,6937
,,,,,,25/03/2013 Total,,1,5,4846,6937
,,,,,,25/06/2013,$10K - $30K,1,3,2335,9449
,,,,,,25/06/2013 Total,,1,3,2335,9449
,,,,,,02/07/2013,$10K - $30K,1,3,5877,9616
,,,,,,02/07/2013 Total,,1,3,5877,9616
,,,,,,03/07/2013,$30K - $50K,1,4,5844,9648
,,,,,,03/07/2013 Total,,1,4,5844,9648
,,,,,,14/07/2013,$50K - $70K,1,2,1874,9982
,,,,,,14/07/2013 Total,,1,2,1874,9982
,,,,,,24/07/2013,$30K - $50K,1,2,4858,10237
,,,,,,24/07/2013 Total,,1,2,4858,10237
,,,,,,28/07/2013,$70K - $90K,1,3,1216,10347
,,,,,,28/07/2013 Total,,1,3,1216,10347
,,,,,,14/08/2013,$110K - $130K,1,5,7059,10809
,,,,,,,$50K - $70K,1,6,4118,10821
,,,,,,14/08/2013 Total,,2,11,11177,21630
,,,,,,18/08/2013,$50K - $70K,1,7,1352,10908
,,,,,,18/08/2013 Total,,1,7,1352,10908
,,,,,,04/09/2013,$10K - $30K,1,4,6047,11352
,,,,,,04/09/2013 Total,,1,4,6047,11352
,,,,,,24/09/2013,$30K - $50K,1,6,4522,11892
,,,,,,24/09/2013 Total,,1,6,4522,11892
,,,,,,20/10/2013,$50K - $70K,1,5,4118,12594
,,,,,,20/10/2013 Total,,1,5,4118,12594
,,,,,USA Total,,,44,180,193958,222121
,,,,WA Total,,,,44,180,193958,222121
,,,Tacoma Total,,,,,44,180,193958,222121
,,,Vancouver,BC,Canada,02/01/2013,$30K - $50K,1,6,2124,4767
,,,,,,02/01/2013 Total,,1,6,2124,4767
,,,,,,05/03/2013,$10K - $30K,1,4,7286,6429
,,,,,,05/03/2013 Total,,1,4,7286,6429
,,,,,,12/03/2013,$70K - $90K,1,5,6722,6609
,,,,,,12/03/2013 Total,,1,5,6722,6609
,,,,,,19/03/2013,$50K - $70K,1,2,5207,6796
,,,,,,19/03/2013 Total,,1,2,5207,6796
,,,,,,24/03/2013,$10K - $30K,1,3,5151,6902
,,,,,,24/03/2013 Total,,1,3,5151,6902
,,,,,,18/04/2013,$10K - $30K,1,3,7286,7581
,,,,,,18/04/2013 Total,,1,3,7286,7581
,,,,,,23/04/2013,$30K - $50K,1,5,60,7727
,,,,,,23/04/2013 Total,,1,5,60,7727
,,,,,,26/04/2013,$110K - $130K,1,4,5660,7799
,,,,,,26/04/2013 Total,,1,4,5660,7799
,,,,,,04/05/2013,$30K - $50K,1,6,4870,8018
,,,,,,04/05/2013 Total,,1,6,4870,8018
,,,,,,07/05/2013,$30K - $50K,1,3,4561,8096
,,,,,,07/05/2013 Total,,1,3,4561,8096
,,,,,,20/05/2013,$30K - $50K,1,5,60,8446
,,,,,,20/05/2013 Total,,1,5,60,8446
,,,,,,09/07/2013,$30K - $50K,1,3,5465,9831
,,,,,,09/07/2013 Total,,1,3,5465,9831
,,,,,,02/08/2013,$10K - $30K,1,5,933,10472
,,,,,,02/08/2013 Total,,1,5,933,10472
,,,,,,21/08/2013,$50K - $70K,1,2,7237,10988
,,,,,,21/08/2013 Total,,1,2,7237,10988
,,,,,,27/08/2013,$30K - $50K,1,5,7437,11146
,,,,,,27/08/2013 Total,,1,5,7437,11146
,,,,,,05/09/2013,$10K - $30K,1,3,9328,11380
,,,,,,05/09/2013 Total,,1,3,9328,11380
,,,,,,22/09/2013,$30K - $50K,1,4,3881,11835
,,,,,,22/09/2013 Total,,1,4,3881,11835
,,,,,,07/10/2013,$30K - $50K,1,6,6135,12242
,,,,,,07/10/2013 Total,,1,6,6135,12242
,,,,,,10/10/2013,$30K - $50K,1,6,6689,12346
,,,,,,10/10/2013 Total,,1,6,6689,12346
,,,,,,13/11/2013,$130K - $150K,1,5,10071,13314
,,,,,,13/11/2013 Total,,1,5,10071,13314
,,,,,,19/11/2013,$90K - $110K,1,5,3777,13450
,,,,,,19/11/2013 Total,,1,5,3777,13450
,,,,,Canada Total,,,21,90,109940,196174
,,,,BC Total,,,,21,90,109940,196174
,,,Vancouver Total,,,,,21,90,109940,196174
,,,Victoria,BC,Canada,29/04/2013,$30K - $50K,1,2,3259,7903
,,,,,,29/04/2013 Total,,1,2,3259,7903
,,,,,,08/05/2013,$50K - $70K,1,4,6791,8159
,,,,,,08/05/2013 Total,,1,4,6791,8159
,,,,,,23/05/2013,$10K - $30K,1,4,5666,8559
,,,,,,23/05/2013 Total,,1,4,5666,8559
,,,,,,05/06/2013,$50K - $70K,1,3,6791,8896
,,,,,,05/06/2013 Total,,1,3,6791,8896
,,,,,,24/06/2013,$30K - $50K,1,4,5693,9413
,,,,,,24/06/2013 Total,,1,4,5693,9413
,,,,,,04/10/2013,$70K - $90K,1,4,7634,12174
,,,,,,04/10/2013 Total,,1,4,7634,12174
,,,,,,30/11/2013,$90K - $110K,1,4,972,13723
,,,,,,30/11/2013 Total,,1,4,972,13723
,,,,,Canada Total,,,7,25,36806,68827
,,,,BC Total,,,,7,25,36806,68827
,,,Victoria Total,,,,,7,25,36806,68827
,,,Walla Walla,WA,USA,04/01/2012,$10K - $30K,1,2,566,52
,,,,,,04/01/2012 Total,,1,2,566,52
,,,,,,22/01/2012,$50K - $70K,1,1,8060,190
,,,,,,22/01/2012 Total,,1,1,8060,190
,,,,,,19/03/2012,$10K - $30K,1,1,5847,913
,,,,,,19/03/2012 Total,,1,1,5847,913
,,,,,,15/06/2012,$30K - $50K,1,5,3825,2095
,,,,,,15/06/2012 Total,,1,5,3825,2095
,,,,,,10/08/2012,$10K - $30K,1,2,5847,2786
,,,,,,10/08/2012 Total,,1,2,5847,2786
,,,,,,28/10/2012,$10K - $30K,1,4,5847,3724
,,,,,,28/10/2012 Total,,1,4,5847,3724
,,,,,,21/11/2012,$30K - $50K,1,2,1107,4056
,,,,,,21/11/2012 Total,,1,2,1107,4056
,,,,,,31/05/2013,$30K - $50K,1,1,9421,8778
,,,,,,31/05/2013 Total,,1,1,9421,8778
,,,,,,07/07/2013,$30K - $50K,1,2,5453,9778
,,,,,,07/07/2013 Total,,1,2,5453,9778
,,,,,USA Total,,,9,20,45973,32372
,,,,WA Total,,,,9,20,45973,32372
,,,Walla Walla Total,,,,,9,20,45973,32372
,,,Yakima,WA,USA,13/03/2012,$50K - $70K,1,5,7276,823
,,,,,,13/03/2012 Total,,1,5,7276,823
,,,,,,14/04/2012,$30K - $50K,1,3,6888,1291
,,,,,,14/04/2012 Total,,1,3,6888,1291
,,,,,,21/05/2012,$90K - $110K,1,5,1097,1801
,,,,,,21/05/2012 Total,,1,5,1097,1801
,,,,,,22/05/2012,$130K - $150K,1,4,8206,1824
,,,,,,22/05/2012 Total,,1,4,8206,1824
,,,,,,21/09/2012,$30K - $50K,1,7,9176,3293
,,,,,,21/09/2012 Total,,1,7,9176,3293
,,,,,,03/10/2012,$30K - $50K,1,5,5353,3419
,,,,,,03/10/2012 Total,,1,5,5353,3419
,,,,,,29/10/2012,$30K - $50K,1,4,9176,3755
,,,,,,29/10/2012 Total,,1,4,9176,3755
,,,,,,12/11/2012,$30K - $50K,1,3,9176,3923
,,,,,,12/11/2012 Total,,1,3,9176,3923
,,,,,,20/11/2012,$90K - $110K,1,3,8311,4045
,,,,,,20/11/2012 Total,,1,3,8311,4045
,,,,,,02/12/2012,$50K - $70K,1,4,4609,4207
,,,,,,02/12/2012 Total,,1,4,4609,4207
,,,,,,10/12/2012,$30K - $50K,1,5,2171,4330
,,,,,,10/12/2012 Total,,1,5,2171,4330
,,,,,,30/12/2012,$10K - $30K,1,2,463,4694
,,,,,,30/12/2012 Total,,1,2,463,4694
,,,,,,21/01/2013,$70K - $90K,1,6,921,5229
,,,,,,21/01/2013 Total,,1,6,921,5229
,,,,,,01/02/2013,$50K - $70K,1,4,1197,5505
,,,,,,01/02/2013 Total,,1,4,1197,5505
,,,,,,06/02/2013,$30K - $50K,1,2,4610,5654
,,,,,,06/02/2013 Total,,1,2,4610,5654
,,,,,,30/03/2013,$30K - $50K,1,3,7171,7087
,,,,,,30/03/2013 Total,,1,3,7171,7087
,,,,,,02/04/2013,$30K - $50K,1,4,4610,7155
,,,,,,02/04/2013 Total,,1,4,4610,7155
,,,,,,18/04/2013,$50K - $70K,1,4,4803,7574
,,,,,,18/04/2013 Total,,1,4,4803,7574
,,,,,,29/04/2013,$70K - $90K,1,2,9498,7892
,,,,,,29/04/2013 Total,,1,2,9498,7892
,,,,,,04/05/2013,$30K - $50K,1,4,7171,8022
,,,,,,04/05/2013 Total,,1,4,7171,8022
,,,,,,24/06/2013,$50K - $70K,1,3,4609,9412
,,,,,,24/06/2013 Total,,1,3,4609,9412
,,,,,,25/06/2013,$10K - $30K,1,5,7696,9445
,,,,,,25/06/2013 Total,,1,5,7696,9445
,,,,,,09/11/2013,$30K - $50K,1,5,3422,13187
,,,,,,09/11/2013 Total,,1,5,3422,13187
,,,,,USA Total,,,23,92,127610,123567
,,,,WA Total,,,,23,92,127610,123567
,,,Yakima Total,,,,,23,92,127610,123567
,,S Total,,,,,,472,1886,2399117,3358460
,M Total,,,,,,,860,3491,4424205,5989709
Vegetables Total,,,,,,,,1728,7023,8853071,11958011
Grand Total,,,,,,,,14059,57369,71938527,98834770
